141200_at,BECKSTPREPU04HR,Development,W1118,Prepupae,0,0.9589,4
141201_at,BECKSTPREPU04HR,Development,W1118,Prepupae,1,1.2925,4
141202_at,BECKSTPREPU04HR,Development,W1118,Prepupae,-1,0.689,4
141203_at,BECKSTPREPU04HR,Development,W1118,Prepupae,-1,0.6297,4
141204_at,BECKSTPREPU04HR,Development,W1118,Prepupae,0,1.072,4
141205_at,BECKSTPREPU04HR,Development,W1118,Prepupae,0,0.8596,4
141206_at,BECKSTPREPU04HR,Development,W1118,Prepupae,-1,0.7329,4
141207_at,BECKSTPREPU04HR,Development,W1118,Prepupae,0,0.9715,4
141208_at,BECKSTPREPU04HR,Development,W1118,Prepupae,-1,0.678,4
141209_at,BECKSTPREPU04HR,Development,W1118,Prepupae,0,1.0436,4
141210_at,BECKSTPREPU04HR,Development,W1118,Prepupae,0,0.9992,4
141211_at,BECKSTPREPU04HR,Development,W1118,Prepupae,-1,0.7485,4
141212_at,BECKSTPREPU04HR,Development,W1118,Prepupae,0,0.8288,4
141213_at,BECKSTPREPU04HR,Development,W1118,Prepupae,1,1.2073,4
141214_at,BECKSTPREPU04HR,Development,W1118,Prepupae,0,0.8455,4
141215_at,BECKSTPREPU04HR,Development,W1118,Prepupae,0,1.0635,4
141216_at,BECKSTPREPU04HR,Development,W1118,Prepupae,1,1.3405,4
141217_at,BECKSTPREPU04HR,Development,W1118,Prepupae,-1,0.6823,4
141218_at,BECKSTPREPU04HR,Development,W1118,Prepupae,-1,0.7043,4
141219_at,BECKSTPREPU04HR,Development,W1118,Prepupae,0,1.0579,4
141220_at,BECKSTPREPU04HR,Development,W1118,Prepupae,0,0.8436,4
141221_at,BECKSTPREPU04HR,Development,W1118,Prepupae,0,0.9333,4
141222_at,BECKSTPREPU04HR,Development,W1118,Prepupae,0,0.8423,4
141223_at,BECKSTPREPU04HR,Development,W1118,Prepupae,0,0.8779,4
141224_at,BECKSTPREPU04HR,Development,W1118,Prepupae,0,0.9461,4
141225_at,BECKSTPREPU04HR,Development,W1118,Prepupae,1,1.703,4
141226_at,BECKSTPREPU04HR,Development,W1118,Prepupae,0,0.9425,4
141227_at,BECKSTPREPU04HR,Development,W1118,Prepupae,0,0.9171,4
141228_at,BECKSTPREPU04HR,Development,W1118,Prepupae,0,0.8763,4
141229_at,BECKSTPREPU04HR,Development,W1118,Prepupae,0,0.9242,4
141230_at,BECKSTPREPU04HR,Development,W1118,Prepupae,0,1.1795,4
141231_at,BECKSTPREPU04HR,Development,W1118,Prepupae,0,0.9167,4
141232_at,BECKSTPREPU04HR,Development,W1118,Prepupae,-1,0.7144,4
141233_at,BECKSTPREPU04HR,Development,W1118,Prepupae,-1,0.5134,4
141234_at,BECKSTPREPU04HR,Development,W1118,Prepupae,-1,0.6632,4
141235_at,BECKSTPREPU04HR,Development,W1118,Prepupae,0,0.9543,4
141236_at,BECKSTPREPU04HR,Development,W1118,Prepupae,-1,0.7897,4
141237_at,BECKSTPREPU04HR,Development,W1118,Prepupae,0,1.0661,4
141238_at,BECKSTPREPU04HR,Development,W1118,Prepupae,0,0.9754,4
141239_at,BECKSTPREPU04HR,Development,W1118,Prepupae,-1,0.7228,4
141240_at,BECKSTPREPU04HR,Development,W1118,Prepupae,-1,0.6354,4
141241_at,BECKSTPREPU04HR,Development,W1118,Prepupae,-1,0.7942,4
141242_at,BECKSTPREPU04HR,Development,W1118,Prepupae,-1,0.7991,4
141243_at,BECKSTPREPU04HR,Development,W1118,Prepupae,1,1.2183,4
141244_at,BECKSTPREPU04HR,Development,W1118,Prepupae,0,1.0564,4
141245_at,BECKSTPREPU04HR,Development,W1118,Prepupae,0,0.8779,4
141246_at,BECKSTPREPU04HR,Development,W1118,Prepupae,0,1.0413,4
141247_at,BECKSTPREPU04HR,Development,W1118,Prepupae,0,0.9787,4
141248_at,BECKSTPREPU04HR,Development,W1118,Prepupae,-1,0.685,4
141249_at,BECKSTPREPU04HR,Development,W1118,Prepupae,0,1.0221,4
141250_at,BECKSTPREPU04HR,Development,W1118,Prepupae,0,1.0877,4
141251_at,BECKSTPREPU04HR,Development,W1118,Prepupae,0,1.0041,4
141252_at,BECKSTPREPU04HR,Development,W1118,Prepupae,0,1.0975,4
141253_at,BECKSTPREPU04HR,Development,W1118,Prepupae,1,1.4066,4
141254_at,BECKSTPREPU04HR,Development,W1118,Prepupae,0,0.8184,4
141255_at,BECKSTPREPU04HR,Development,W1118,Prepupae,-1,0.7582,4
141256_at,BECKSTPREPU04HR,Development,W1118,Prepupae,0,0.9805,4
141257_at,BECKSTPREPU04HR,Development,W1118,Prepupae,-1,0.6984,4
141258_at,BECKSTPREPU04HR,Development,W1118,Prepupae,0,0.8507,4
141259_at,BECKSTPREPU04HR,Development,W1118,Prepupae,-1,0.6076,4
141260_at,BECKSTPREPU04HR,Development,W1118,Prepupae,0,0.9781,4
141261_at,BECKSTPREPU04HR,Development,W1118,Prepupae,0,1.142,4
141262_at,BECKSTPREPU04HR,Development,W1118,Prepupae,-1,0.5467,4
141263_at,BECKSTPREPU04HR,Development,W1118,Prepupae,-1,0.7809,4
141264_at,BECKSTPREPU04HR,Development,W1118,Prepupae,0,0.8204,4
141265_at,BECKSTPREPU04HR,Development,W1118,Prepupae,-1,0.6533,4
141266_at,BECKSTPREPU04HR,Development,W1118,Prepupae,1,1.5301,4
141267_at,BECKSTPREPU04HR,Development,W1118,Prepupae,0,0.8419,4
141268_at,BECKSTPREPU04HR,Development,W1118,Prepupae,-1,0.711,4
141269_at,BECKSTPREPU04HR,Development,W1118,Prepupae,1,1.8966,4
141270_at,BECKSTPREPU04HR,Development,W1118,Prepupae,0,1.1065,4
141271_at,BECKSTPREPU04HR,Development,W1118,Prepupae,-1,0.4029,4
141272_at,BECKSTPREPU04HR,Development,W1118,Prepupae,0,1.0455,4
141273_at,BECKSTPREPU04HR,Development,W1118,Prepupae,0,0.9139,4
141274_at,BECKSTPREPU04HR,Development,W1118,Prepupae,1,1.4064,4
141275_at,BECKSTPREPU04HR,Development,W1118,Prepupae,0,0.8872,4
141276_at,BECKSTPREPU04HR,Development,W1118,Prepupae,0,0.9433,4
141277_at,BECKSTPREPU04HR,Development,W1118,Prepupae,0,1.1117,4
141278_at,BECKSTPREPU04HR,Development,W1118,Prepupae,-1,0.5995,4
141279_at,BECKSTPREPU04HR,Development,W1118,Prepupae,0,0.9271,4
141280_at,BECKSTPREPU04HR,Development,W1118,Prepupae,0,1.1501,4
141281_at,BECKSTPREPU04HR,Development,W1118,Prepupae,0,0.811,4
141282_at,BECKSTPREPU04HR,Development,W1118,Prepupae,0,1.0176,4
141283_at,BECKSTPREPU04HR,Development,W1118,Prepupae,-1,0.7445,4
141284_at,BECKSTPREPU04HR,Development,W1118,Prepupae,1,1.9522,4
141285_at,BECKSTPREPU04HR,Development,W1118,Prepupae,-1,0.6909,4
141286_at,BECKSTPREPU04HR,Development,W1118,Prepupae,1,2.0459,4
141287_at,BECKSTPREPU04HR,Development,W1118,Prepupae,0,1.1088,4
141288_at,BECKSTPREPU04HR,Development,W1118,Prepupae,-1,0.6183,4
141289_at,BECKSTPREPU04HR,Development,W1118,Prepupae,0,0.9935,4
141290_at,BECKSTPREPU04HR,Development,W1118,Prepupae,0,0.9264,4
141291_at,BECKSTPREPU04HR,Development,W1118,Prepupae,-1,0.5232,4
141292_at,BECKSTPREPU04HR,Development,W1118,Prepupae,0,1.0163,4
141293_at,BECKSTPREPU04HR,Development,W1118,Prepupae,0,0.9104,4
141294_at,BECKSTPREPU04HR,Development,W1118,Prepupae,-1,0.7342,4
141295_at,BECKSTPREPU04HR,Development,W1118,Prepupae,-1,0.7221,4
141296_at,BECKSTPREPU04HR,Development,W1118,Prepupae,-1,0.7146,4
141297_at,BECKSTPREPU04HR,Development,W1118,Prepupae,1,2.0305,4
141298_at,BECKSTPREPU04HR,Development,W1118,Prepupae,0,0.9502,4
141299_at,BECKSTPREPU04HR,Development,W1118,Prepupae,0,0.8508,4
141300_at,BECKSTPREPU04HR,Development,W1118,Prepupae,0,0.8638,4
141301_at,BECKSTPREPU04HR,Development,W1118,Prepupae,-1,0.5762,4
141302_at,BECKSTPREPU04HR,Development,W1118,Prepupae,0,1.1022,4
141303_at,BECKSTPREPU04HR,Development,W1118,Prepupae,0,0.9326,4
141304_at,BECKSTPREPU04HR,Development,W1118,Prepupae,1,2.5643,4
141305_at,BECKSTPREPU04HR,Development,W1118,Prepupae,0,0.9495,4
141306_at,BECKSTPREPU04HR,Development,W1118,Prepupae,1,2.7099,4
141307_at,BECKSTPREPU04HR,Development,W1118,Prepupae,0,1.1238,4
141308_at,BECKSTPREPU04HR,Development,W1118,Prepupae,0,0.9979,4
141309_at,BECKSTPREPU04HR,Development,W1118,Prepupae,-1,0.664,4
141310_at,BECKSTPREPU04HR,Development,W1118,Prepupae,1,3.2126,4
141311_at,BECKSTPREPU04HR,Development,W1118,Prepupae,-1,0.5506,4
141312_at,BECKSTPREPU04HR,Development,W1118,Prepupae,0,1.078,4
141313_at,BECKSTPREPU04HR,Development,W1118,Prepupae,-1,0.7672,4
141314_at,BECKSTPREPU04HR,Development,W1118,Prepupae,0,0.843,4
141315_at,BECKSTPREPU04HR,Development,W1118,Prepupae,0,0.8326,4
141316_at,BECKSTPREPU04HR,Development,W1118,Prepupae,1,1.2775,4
141317_at,BECKSTPREPU04HR,Development,W1118,Prepupae,-1,0.7835,4
141318_at,BECKSTPREPU04HR,Development,W1118,Prepupae,0,0.9756,4
141319_at,BECKSTPREPU04HR,Development,W1118,Prepupae,0,1.0959,4
141320_at,BECKSTPREPU04HR,Development,W1118,Prepupae,0,1.0518,4
141321_at,BECKSTPREPU04HR,Development,W1118,Prepupae,0,1.1128,4
141322_at,BECKSTPREPU04HR,Development,W1118,Prepupae,-1,0.6042,4
141323_at,BECKSTPREPU04HR,Development,W1118,Prepupae,0,0.8565,4
141324_at,BECKSTPREPU04HR,Development,W1118,Prepupae,-1,0.5882,4
141325_at,BECKSTPREPU04HR,Development,W1118,Prepupae,0,0.8822,4
141326_at,BECKSTPREPU04HR,Development,W1118,Prepupae,0,0.8505,4
141327_at,BECKSTPREPU04HR,Development,W1118,Prepupae,1,1.6039,4
141328_at,BECKSTPREPU04HR,Development,W1118,Prepupae,1,2.1568,4
141329_at,BECKSTPREPU04HR,Development,W1118,Prepupae,0,0.9984,4
141330_at,BECKSTPREPU04HR,Development,W1118,Prepupae,1,2.6575,4
141331_at,BECKSTPREPU04HR,Development,W1118,Prepupae,0,0.972,4
141332_at,BECKSTPREPU04HR,Development,W1118,Prepupae,0,0.8929,4
141333_at,BECKSTPREPU04HR,Development,W1118,Prepupae,0,0.8927,4
141334_at,BECKSTPREPU04HR,Development,W1118,Prepupae,-1,0.5392,4
141335_at,BECKSTPREPU04HR,Development,W1118,Prepupae,0,1.0753,4
141336_at,BECKSTPREPU04HR,Development,W1118,Prepupae,0,0.8461,4
141337_at,BECKSTPREPU04HR,Development,W1118,Prepupae,-1,0.5162,4
141338_at,BECKSTPREPU04HR,Development,W1118,Prepupae,-1,0.1626,4
141339_at,BECKSTPREPU04HR,Development,W1118,Prepupae,0,1.1813,4
141340_at,BECKSTPREPU04HR,Development,W1118,Prepupae,0,0.8946,4
141341_at,BECKSTPREPU04HR,Development,W1118,Prepupae,0,1.1504,4
141342_at,BECKSTPREPU04HR,Development,W1118,Prepupae,-1,0.7179,4
141343_at,BECKSTPREPU04HR,Development,W1118,Prepupae,-1,0.6738,4
141344_at,BECKSTPREPU04HR,Development,W1118,Prepupae,0,0.9057,4
141345_at,BECKSTPREPU04HR,Development,W1118,Prepupae,-1,0.7697,4
141346_at,BECKSTPREPU04HR,Development,W1118,Prepupae,1,1.3283,4
141347_at,BECKSTPREPU04HR,Development,W1118,Prepupae,1,1.3659,4
141348_at,BECKSTPREPU04HR,Development,W1118,Prepupae,0,1.1921,4
141349_at,BECKSTPREPU04HR,Development,W1118,Prepupae,-1,0.6861,4
141350_at,BECKSTPREPU04HR,Development,W1118,Prepupae,1,1.2458,4
141351_at,BECKSTPREPU04HR,Development,W1118,Prepupae,0,0.9513,4
141352_at,BECKSTPREPU04HR,Development,W1118,Prepupae,-1,0.7046,4
141353_at,BECKSTPREPU04HR,Development,W1118,Prepupae,0,0.8412,4
141354_at,BECKSTPREPU04HR,Development,W1118,Prepupae,0,1.1728,4
141355_at,BECKSTPREPU04HR,Development,W1118,Prepupae,0,0.838,4
141356_at,BECKSTPREPU04HR,Development,W1118,Prepupae,-1,0.7919,4
141357_at,BECKSTPREPU04HR,Development,W1118,Prepupae,0,1.1816,4
141358_at,BECKSTPREPU04HR,Development,W1118,Prepupae,0,1.0034,4
141359_at,BECKSTPREPU04HR,Development,W1118,Prepupae,0,0.818,4
141360_at,BECKSTPREPU04HR,Development,W1118,Prepupae,-1,0.2888,4
141361_at,BECKSTPREPU04HR,Development,W1118,Prepupae,-1,0.3997,4
141362_at,BECKSTPREPU04HR,Development,W1118,Prepupae,1,1.2025,4
141363_at,BECKSTPREPU04HR,Development,W1118,Prepupae,0,0.801,4
141364_at,BECKSTPREPU04HR,Development,W1118,Prepupae,0,0.8831,4
141365_at,BECKSTPREPU04HR,Development,W1118,Prepupae,0,0.8902,4
141366_at,BECKSTPREPU04HR,Development,W1118,Prepupae,-1,0.4424,4
141367_at,BECKSTPREPU04HR,Development,W1118,Prepupae,-1,0.7353,4
141368_at,BECKSTPREPU04HR,Development,W1118,Prepupae,1,1.235,4
141369_at,BECKSTPREPU04HR,Development,W1118,Prepupae,1,1.2643,4
141370_at,BECKSTPREPU04HR,Development,W1118,Prepupae,0,0.9879,4
141371_at,BECKSTPREPU04HR,Development,W1118,Prepupae,0,1.1217,4
141372_at,BECKSTPREPU04HR,Development,W1118,Prepupae,0,0.8215,4
141373_at,BECKSTPREPU04HR,Development,W1118,Prepupae,0,0.9233,4
141374_at,BECKSTPREPU04HR,Development,W1118,Prepupae,-1,0.4599,4
141375_at,BECKSTPREPU04HR,Development,W1118,Prepupae,1,5.7988,4
141376_at,BECKSTPREPU04HR,Development,W1118,Prepupae,0,1.1963,4
141377_at,BECKSTPREPU04HR,Development,W1118,Prepupae,-1,0.6233,4
141378_at,BECKSTPREPU04HR,Development,W1118,Prepupae,1,1.8345,4
141379_at,BECKSTPREPU04HR,Development,W1118,Prepupae,-1,0.3544,4
141380_at,BECKSTPREPU04HR,Development,W1118,Prepupae,0,1.1444,4
141381_at,BECKSTPREPU04HR,Development,W1118,Prepupae,0,0.9325,4
141382_at,BECKSTPREPU04HR,Development,W1118,Prepupae,0,0.949,4
141383_at,BECKSTPREPU04HR,Development,W1118,Prepupae,-1,0.7511,4
141384_at,BECKSTPREPU04HR,Development,W1118,Prepupae,1,1.2905,4
141385_at,BECKSTPREPU04HR,Development,W1118,Prepupae,1,2.3444,4
141386_at,BECKSTPREPU04HR,Development,W1118,Prepupae,0,1.0346,4
141387_at,BECKSTPREPU04HR,Development,W1118,Prepupae,0,0.8858,4
141388_at,BECKSTPREPU04HR,Development,W1118,Prepupae,-1,0.7077,4
141389_at,BECKSTPREPU04HR,Development,W1118,Prepupae,0,1.1214,4
141390_at,BECKSTPREPU04HR,Development,W1118,Prepupae,-1,0.4944,4
141391_at,BECKSTPREPU04HR,Development,W1118,Prepupae,0,0.8642,4
141392_at,BECKSTPREPU04HR,Development,W1118,Prepupae,0,0.9323,4
141393_at,BECKSTPREPU04HR,Development,W1118,Prepupae,0,1.0551,4
141394_at,BECKSTPREPU04HR,Development,W1118,Prepupae,1,1.2772,4
141395_at,BECKSTPREPU04HR,Development,W1118,Prepupae,1,1.6585,4
141396_at,BECKSTPREPU04HR,Development,W1118,Prepupae,0,0.8467,4
141397_at,BECKSTPREPU04HR,Development,W1118,Prepupae,0,1.1205,4
141398_at,BECKSTPREPU04HR,Development,W1118,Prepupae,1,1.251,4
141399_at,BECKSTPREPU04HR,Development,W1118,Prepupae,0,1.1627,4
141400_at,BECKSTPREPU04HR,Development,W1118,Prepupae,0,0.9581,4
141401_at,BECKSTPREPU04HR,Development,W1118,Prepupae,-1,0.708,4
141402_at,BECKSTPREPU04HR,Development,W1118,Prepupae,0,1.0957,4
141403_at,BECKSTPREPU04HR,Development,W1118,Prepupae,0,1.02,4
141404_at,BECKSTPREPU04HR,Development,W1118,Prepupae,-1,0.71,4
141405_at,BECKSTPREPU04HR,Development,W1118,Prepupae,0,1.1907,4
141406_at,BECKSTPREPU04HR,Development,W1118,Prepupae,0,0.898,4
141407_at,BECKSTPREPU04HR,Development,W1118,Prepupae,1,1.2731,4
141408_at,BECKSTPREPU04HR,Development,W1118,Prepupae,0,1.0313,4
141409_at,BECKSTPREPU04HR,Development,W1118,Prepupae,1,2.2082,4
141410_at,BECKSTPREPU04HR,Development,W1118,Prepupae,-1,0.4043,4
141411_at,BECKSTPREPU04HR,Development,W1118,Prepupae,-1,0.5954,4
141412_at,BECKSTPREPU04HR,Development,W1118,Prepupae,-1,0.6184,4
141413_at,BECKSTPREPU04HR,Development,W1118,Prepupae,0,0.8329,4
141414_at,BECKSTPREPU04HR,Development,W1118,Prepupae,0,1.0155,4
141415_at,BECKSTPREPU04HR,Development,W1118,Prepupae,0,1.181,4
141416_at,BECKSTPREPU04HR,Development,W1118,Prepupae,1,1.7624,4
141417_at,BECKSTPREPU04HR,Development,W1118,Prepupae,0,0.9296,4
141418_at,BECKSTPREPU04HR,Development,W1118,Prepupae,1,1.9121,4
141419_at,BECKSTPREPU04HR,Development,W1118,Prepupae,1,1.7054,4
141420_at,BECKSTPREPU04HR,Development,W1118,Prepupae,0,1.1277,4
141421_at,BECKSTPREPU04HR,Development,W1118,Prepupae,1,1.2808,4
141422_at,BECKSTPREPU04HR,Development,W1118,Prepupae,-1,0.5756,4
141423_at,BECKSTPREPU04HR,Development,W1118,Prepupae,-1,0.5571,4
141424_at,BECKSTPREPU04HR,Development,W1118,Prepupae,0,1.069,4
141425_at,BECKSTPREPU04HR,Development,W1118,Prepupae,0,0.8283,4
141426_at,BECKSTPREPU04HR,Development,W1118,Prepupae,1,3.1447,4
141427_at,BECKSTPREPU04HR,Development,W1118,Prepupae,1,1.2152,4
141428_at,BECKSTPREPU04HR,Development,W1118,Prepupae,-1,0.7277,4
141429_at,BECKSTPREPU04HR,Development,W1118,Prepupae,0,1.0164,4
141430_at,BECKSTPREPU04HR,Development,W1118,Prepupae,0,1.0777,4
141431_at,BECKSTPREPU04HR,Development,W1118,Prepupae,0,0.8531,4
141432_at,BECKSTPREPU04HR,Development,W1118,Prepupae,0,1.0116,4
141433_at,BECKSTPREPU04HR,Development,W1118,Prepupae,0,1.0955,4
141434_at,BECKSTPREPU04HR,Development,W1118,Prepupae,0,0.8935,4
141435_at,BECKSTPREPU04HR,Development,W1118,Prepupae,1,2.6314,4
141436_at,BECKSTPREPU04HR,Development,W1118,Prepupae,-1,0.7102,4
141437_at,BECKSTPREPU04HR,Development,W1118,Prepupae,-1,0.503,4
141438_at,BECKSTPREPU04HR,Development,W1118,Prepupae,0,0.8354,4
141439_at,BECKSTPREPU04HR,Development,W1118,Prepupae,1,2.3127,4
141440_at,BECKSTPREPU04HR,Development,W1118,Prepupae,-1,0.3829,4
141441_at,BECKSTPREPU04HR,Development,W1118,Prepupae,-1,0.4858,4
141442_at,BECKSTPREPU04HR,Development,W1118,Prepupae,0,0.9071,4
141443_at,BECKSTPREPU04HR,Development,W1118,Prepupae,0,0.8198,4
141444_at,BECKSTPREPU04HR,Development,W1118,Prepupae,-1,0.7449,4
141445_at,BECKSTPREPU04HR,Development,W1118,Prepupae,0,0.9197,4
141446_at,BECKSTPREPU04HR,Development,W1118,Prepupae,-1,0.6305,4
141447_at,BECKSTPREPU04HR,Development,W1118,Prepupae,-1,0.583,4
141448_at,BECKSTPREPU04HR,Development,W1118,Prepupae,1,1.4866,4
141449_at,BECKSTPREPU04HR,Development,W1118,Prepupae,1,2.2277,4
141450_at,BECKSTPREPU04HR,Development,W1118,Prepupae,1,1.7995,4
141451_at,BECKSTPREPU04HR,Development,W1118,Prepupae,-1,0.6689,4
141452_at,BECKSTPREPU04HR,Development,W1118,Prepupae,1,1.7397,4
141453_at,BECKSTPREPU04HR,Development,W1118,Prepupae,0,0.8423,4
141454_at,BECKSTPREPU04HR,Development,W1118,Prepupae,-1,0.4557,4
141455_at,BECKSTPREPU04HR,Development,W1118,Prepupae,0,1.1213,4
141456_at,BECKSTPREPU04HR,Development,W1118,Prepupae,0,0.9158,4
141457_at,BECKSTPREPU04HR,Development,W1118,Prepupae,0,1.0428,4
141458_at,BECKSTPREPU04HR,Development,W1118,Prepupae,-1,0.6582,4
141459_at,BECKSTPREPU04HR,Development,W1118,Prepupae,0,1.0368,4
141460_at,BECKSTPREPU04HR,Development,W1118,Prepupae,0,1.0119,4
141461_at,BECKSTPREPU04HR,Development,W1118,Prepupae,0,1.1176,4
141462_at,BECKSTPREPU04HR,Development,W1118,Prepupae,0,0.85,4
141463_at,BECKSTPREPU04HR,Development,W1118,Prepupae,-1,0.7458,4
141464_at,BECKSTPREPU04HR,Development,W1118,Prepupae,0,0.8597,4
141465_at,BECKSTPREPU04HR,Development,W1118,Prepupae,1,2.8295,4
141466_at,BECKSTPREPU04HR,Development,W1118,Prepupae,-1,0.4663,4
141467_at,BECKSTPREPU04HR,Development,W1118,Prepupae,0,0.8427,4
141468_at,BECKSTPREPU04HR,Development,W1118,Prepupae,0,1.0314,4
141469_at,BECKSTPREPU04HR,Development,W1118,Prepupae,1,1.2981,4
141470_at,BECKSTPREPU04HR,Development,W1118,Prepupae,-1,0.753,4
141471_at,BECKSTPREPU04HR,Development,W1118,Prepupae,0,1.055,4
141472_at,BECKSTPREPU04HR,Development,W1118,Prepupae,0,1.0103,4
141473_at,BECKSTPREPU04HR,Development,W1118,Prepupae,1,1.4257,4
141474_at,BECKSTPREPU04HR,Development,W1118,Prepupae,0,1.1936,4
141475_at,BECKSTPREPU04HR,Development,W1118,Prepupae,0,0.8799,4
141476_at,BECKSTPREPU04HR,Development,W1118,Prepupae,0,0.9663,4
141477_at,BECKSTPREPU04HR,Development,W1118,Prepupae,0,0.931,4
141478_at,BECKSTPREPU04HR,Development,W1118,Prepupae,0,0.9399,4
141479_at,BECKSTPREPU04HR,Development,W1118,Prepupae,0,1.1886,4
141480_at,BECKSTPREPU04HR,Development,W1118,Prepupae,-1,0.6392,4
141481_at,BECKSTPREPU04HR,Development,W1118,Prepupae,0,0.9369,4
141482_at,BECKSTPREPU04HR,Development,W1118,Prepupae,0,0.9016,4
141483_at,BECKSTPREPU04HR,Development,W1118,Prepupae,0,0.9135,4
141484_at,BECKSTPREPU04HR,Development,W1118,Prepupae,0,0.9465,4
141485_at,BECKSTPREPU04HR,Development,W1118,Prepupae,0,0.8307,4
141486_at,BECKSTPREPU04HR,Development,W1118,Prepupae,-1,0.7075,4
141487_at,BECKSTPREPU04HR,Development,W1118,Prepupae,0,1.0758,4
141488_at,BECKSTPREPU04HR,Development,W1118,Prepupae,0,1.0629,4
141489_at,BECKSTPREPU04HR,Development,W1118,Prepupae,0,0.9343,4
141490_at,BECKSTPREPU04HR,Development,W1118,Prepupae,0,0.9334,4
141491_at,BECKSTPREPU04HR,Development,W1118,Prepupae,0,0.932,4
141492_at,BECKSTPREPU04HR,Development,W1118,Prepupae,0,1.0442,4
141493_at,BECKSTPREPU04HR,Development,W1118,Prepupae,0,0.8151,4
141494_at,BECKSTPREPU04HR,Development,W1118,Prepupae,0,0.8793,4
141495_at,BECKSTPREPU04HR,Development,W1118,Prepupae,-1,0.4631,4
141496_at,BECKSTPREPU04HR,Development,W1118,Prepupae,0,0.9441,4
141497_at,BECKSTPREPU04HR,Development,W1118,Prepupae,0,0.8615,4
141498_at,BECKSTPREPU04HR,Development,W1118,Prepupae,0,1.0445,4
141499_at,BECKSTPREPU04HR,Development,W1118,Prepupae,0,0.9074,4
141500_at,BECKSTPREPU04HR,Development,W1118,Prepupae,0,0.8899,4
141501_at,BECKSTPREPU04HR,Development,W1118,Prepupae,-1,0.6503,4
141502_at,BECKSTPREPU04HR,Development,W1118,Prepupae,0,0.9749,4
141503_at,BECKSTPREPU04HR,Development,W1118,Prepupae,0,1.0429,4
141504_at,BECKSTPREPU04HR,Development,W1118,Prepupae,0,0.856,4
141505_at,BECKSTPREPU04HR,Development,W1118,Prepupae,0,0.8652,4
141506_at,BECKSTPREPU04HR,Development,W1118,Prepupae,1,1.3041,4
141507_at,BECKSTPREPU04HR,Development,W1118,Prepupae,0,0.9554,4
141508_at,BECKSTPREPU04HR,Development,W1118,Prepupae,-1,0.454,4
141509_at,BECKSTPREPU04HR,Development,W1118,Prepupae,-1,0.6374,4
141510_at,BECKSTPREPU04HR,Development,W1118,Prepupae,0,1.0187,4
141511_at,BECKSTPREPU04HR,Development,W1118,Prepupae,-1,0.3625,4
141512_at,BECKSTPREPU04HR,Development,W1118,Prepupae,-1,0.5787,4
141513_at,BECKSTPREPU04HR,Development,W1118,Prepupae,1,1.4086,4
141514_at,BECKSTPREPU04HR,Development,W1118,Prepupae,0,0.9402,4
141515_at,BECKSTPREPU04HR,Development,W1118,Prepupae,-1,0.7157,4
141516_at,BECKSTPREPU04HR,Development,W1118,Prepupae,-1,0.7487,4
141517_at,BECKSTPREPU04HR,Development,W1118,Prepupae,1,1.2918,4
141518_at,BECKSTPREPU04HR,Development,W1118,Prepupae,-1,0.7663,4
141519_at,BECKSTPREPU04HR,Development,W1118,Prepupae,-1,0.7926,4
141520_at,BECKSTPREPU04HR,Development,W1118,Prepupae,-1,0.7413,4
141521_at,BECKSTPREPU04HR,Development,W1118,Prepupae,0,1.0119,4
141522_at,BECKSTPREPU04HR,Development,W1118,Prepupae,0,0.94,4
141523_at,BECKSTPREPU04HR,Development,W1118,Prepupae,0,0.9602,4
141524_at,BECKSTPREPU04HR,Development,W1118,Prepupae,-1,0.7044,4
141525_at,BECKSTPREPU04HR,Development,W1118,Prepupae,0,0.9177,4
141526_at,BECKSTPREPU04HR,Development,W1118,Prepupae,-1,0.5638,4
141527_at,BECKSTPREPU04HR,Development,W1118,Prepupae,0,0.956,4
141528_at,BECKSTPREPU04HR,Development,W1118,Prepupae,0,1.0603,4
141529_at,BECKSTPREPU04HR,Development,W1118,Prepupae,-1,0.7373,4
141530_at,BECKSTPREPU04HR,Development,W1118,Prepupae,1,1.314,4
141531_at,BECKSTPREPU04HR,Development,W1118,Prepupae,-1,0.5777,4
141532_at,BECKSTPREPU04HR,Development,W1118,Prepupae,0,0.9646,4
141533_at,BECKSTPREPU04HR,Development,W1118,Prepupae,0,1.0982,4
141534_at,BECKSTPREPU04HR,Development,W1118,Prepupae,0,0.8979,4
141535_at,BECKSTPREPU04HR,Development,W1118,Prepupae,0,1.0707,4
141536_at,BECKSTPREPU04HR,Development,W1118,Prepupae,0,1.0178,4
141537_at,BECKSTPREPU04HR,Development,W1118,Prepupae,0,0.9342,4
141538_at,BECKSTPREPU04HR,Development,W1118,Prepupae,-1,0.7642,4
141539_at,BECKSTPREPU04HR,Development,W1118,Prepupae,0,0.907,4
141540_at,BECKSTPREPU04HR,Development,W1118,Prepupae,0,1.1766,4
141541_at,BECKSTPREPU04HR,Development,W1118,Prepupae,-1,0.6626,4
141542_at,BECKSTPREPU04HR,Development,W1118,Prepupae,-1,0.3611,4
141543_at,BECKSTPREPU04HR,Development,W1118,Prepupae,0,1.0347,4
141544_at,BECKSTPREPU04HR,Development,W1118,Prepupae,-1,0.6155,4
141545_at,BECKSTPREPU04HR,Development,W1118,Prepupae,0,1.0512,4
141546_at,BECKSTPREPU04HR,Development,W1118,Prepupae,0,0.9789,4
141547_at,BECKSTPREPU04HR,Development,W1118,Prepupae,1,1.2351,4
141548_at,BECKSTPREPU04HR,Development,W1118,Prepupae,0,0.8969,4
141549_at,BECKSTPREPU04HR,Development,W1118,Prepupae,0,0.8849,4
141550_at,BECKSTPREPU04HR,Development,W1118,Prepupae,-1,0.7897,4
141551_at,BECKSTPREPU04HR,Development,W1118,Prepupae,-1,0.6538,4
141552_at,BECKSTPREPU04HR,Development,W1118,Prepupae,1,1.3043,4
141553_at,BECKSTPREPU04HR,Development,W1118,Prepupae,0,0.8913,4
141554_at,BECKSTPREPU04HR,Development,W1118,Prepupae,0,0.949,4
141555_at,BECKSTPREPU04HR,Development,W1118,Prepupae,0,0.8488,4
141556_at,BECKSTPREPU04HR,Development,W1118,Prepupae,0,0.9368,4
141557_at,BECKSTPREPU04HR,Development,W1118,Prepupae,0,1.1134,4
141558_at,BECKSTPREPU04HR,Development,W1118,Prepupae,0,1.0804,4
141559_at,BECKSTPREPU04HR,Development,W1118,Prepupae,0,1.0381,4
141560_at,BECKSTPREPU04HR,Development,W1118,Prepupae,0,1.1015,4
141561_at,BECKSTPREPU04HR,Development,W1118,Prepupae,1,1.7749,4
141562_at,BECKSTPREPU04HR,Development,W1118,Prepupae,0,0.8927,4
141563_at,BECKSTPREPU04HR,Development,W1118,Prepupae,0,0.9036,4
141564_at,BECKSTPREPU04HR,Development,W1118,Prepupae,0,0.8967,4
141565_at,BECKSTPREPU04HR,Development,W1118,Prepupae,0,0.9597,4
141566_at,BECKSTPREPU04HR,Development,W1118,Prepupae,0,0.9589,4
141567_at,BECKSTPREPU04HR,Development,W1118,Prepupae,-1,0.727,4
141568_at,BECKSTPREPU04HR,Development,W1118,Prepupae,0,0.898,4
141569_at,BECKSTPREPU04HR,Development,W1118,Prepupae,-1,0.7136,4
141570_at,BECKSTPREPU04HR,Development,W1118,Prepupae,0,0.8978,4
141571_at,BECKSTPREPU04HR,Development,W1118,Prepupae,0,0.9305,4
141572_at,BECKSTPREPU04HR,Development,W1118,Prepupae,0,0.8718,4
141573_at,BECKSTPREPU04HR,Development,W1118,Prepupae,-1,0.5491,4
141574_at,BECKSTPREPU04HR,Development,W1118,Prepupae,0,1.0375,4
141575_at,BECKSTPREPU04HR,Development,W1118,Prepupae,-1,0.3948,4
141576_at,BECKSTPREPU04HR,Development,W1118,Prepupae,0,1.0706,4
141577_at,BECKSTPREPU04HR,Development,W1118,Prepupae,0,0.808,4
141578_at,BECKSTPREPU04HR,Development,W1118,Prepupae,0,0.9331,4
141579_at,BECKSTPREPU04HR,Development,W1118,Prepupae,0,1.0816,4
141580_at,BECKSTPREPU04HR,Development,W1118,Prepupae,0,0.8256,4
141581_at,BECKSTPREPU04HR,Development,W1118,Prepupae,0,1.1549,4
141582_at,BECKSTPREPU04HR,Development,W1118,Prepupae,0,1.0228,4
141583_at,BECKSTPREPU04HR,Development,W1118,Prepupae,0,0.9594,4
141584_at,BECKSTPREPU04HR,Development,W1118,Prepupae,-1,0.5252,4
141585_at,BECKSTPREPU04HR,Development,W1118,Prepupae,0,0.8342,4
141586_at,BECKSTPREPU04HR,Development,W1118,Prepupae,0,1.0668,4
141587_at,BECKSTPREPU04HR,Development,W1118,Prepupae,0,0.8336,4
141588_at,BECKSTPREPU04HR,Development,W1118,Prepupae,-1,0.7342,4
141589_at,BECKSTPREPU04HR,Development,W1118,Prepupae,-1,0.5291,4
141590_at,BECKSTPREPU04HR,Development,W1118,Prepupae,1,1.2372,4
141591_at,BECKSTPREPU04HR,Development,W1118,Prepupae,0,0.8837,4
141592_at,BECKSTPREPU04HR,Development,W1118,Prepupae,-1,0.5576,4
141593_at,BECKSTPREPU04HR,Development,W1118,Prepupae,0,1.1402,4
141594_at,BECKSTPREPU04HR,Development,W1118,Prepupae,0,1.0566,4
141595_at,BECKSTPREPU04HR,Development,W1118,Prepupae,0,0.9824,4
141596_at,BECKSTPREPU04HR,Development,W1118,Prepupae,0,1.0248,4
141597_at,BECKSTPREPU04HR,Development,W1118,Prepupae,0,0.8159,4
141598_at,BECKSTPREPU04HR,Development,W1118,Prepupae,-1,0.3881,4
141599_at,BECKSTPREPU04HR,Development,W1118,Prepupae,0,1.0097,4
141600_at,BECKSTPREPU04HR,Development,W1118,Prepupae,1,1.2676,4
141601_at,BECKSTPREPU04HR,Development,W1118,Prepupae,-1,0.7848,4
141602_at,BECKSTPREPU04HR,Development,W1118,Prepupae,0,1.0387,4
141603_at,BECKSTPREPU04HR,Development,W1118,Prepupae,0,0.9555,4
141604_at,BECKSTPREPU04HR,Development,W1118,Prepupae,0,0.9186,4
141605_at,BECKSTPREPU04HR,Development,W1118,Prepupae,-1,0.7131,4
141606_at,BECKSTPREPU04HR,Development,W1118,Prepupae,-1,0.2285,4
141607_at,BECKSTPREPU04HR,Development,W1118,Prepupae,-1,0.7366,4
141608_at,BECKSTPREPU04HR,Development,W1118,Prepupae,1,1.8456,4
141609_at,BECKSTPREPU04HR,Development,W1118,Prepupae,0,1.0528,4
141610_at,BECKSTPREPU04HR,Development,W1118,Prepupae,0,0.9631,4
141611_at,BECKSTPREPU04HR,Development,W1118,Prepupae,-1,0.7397,4
141612_at,BECKSTPREPU04HR,Development,W1118,Prepupae,-1,0.7337,4
141613_at,BECKSTPREPU04HR,Development,W1118,Prepupae,0,0.8414,4
141614_at,BECKSTPREPU04HR,Development,W1118,Prepupae,-1,0.6999,4
141615_at,BECKSTPREPU04HR,Development,W1118,Prepupae,0,0.9041,4
141616_at,BECKSTPREPU04HR,Development,W1118,Prepupae,0,1.1631,4
141617_at,BECKSTPREPU04HR,Development,W1118,Prepupae,0,0.9331,4
141618_at,BECKSTPREPU04HR,Development,W1118,Prepupae,0,0.9427,4
141619_at,BECKSTPREPU04HR,Development,W1118,Prepupae,1,1.3228,4
141620_at,BECKSTPREPU04HR,Development,W1118,Prepupae,-1,0.5854,4
141621_at,BECKSTPREPU04HR,Development,W1118,Prepupae,-1,0.7251,4
141622_at,BECKSTPREPU04HR,Development,W1118,Prepupae,0,0.9887,4
141623_at,BECKSTPREPU04HR,Development,W1118,Prepupae,0,0.9171,4
141624_at,BECKSTPREPU04HR,Development,W1118,Prepupae,0,0.9253,4
141625_at,BECKSTPREPU04HR,Development,W1118,Prepupae,-1,0.6696,4
141626_at,BECKSTPREPU04HR,Development,W1118,Prepupae,1,1.39,4
141627_at,BECKSTPREPU04HR,Development,W1118,Prepupae,0,0.9787,4
141628_at,BECKSTPREPU04HR,Development,W1118,Prepupae,-1,0.7777,4
141629_at,BECKSTPREPU04HR,Development,W1118,Prepupae,0,0.8242,4
141630_at,BECKSTPREPU04HR,Development,W1118,Prepupae,0,1.1284,4
141631_at,BECKSTPREPU04HR,Development,W1118,Prepupae,0,1.0655,4
141632_at,BECKSTPREPU04HR,Development,W1118,Prepupae,1,1.3134,4
141633_at,BECKSTPREPU04HR,Development,W1118,Prepupae,-1,0.3545,4
141634_at,BECKSTPREPU04HR,Development,W1118,Prepupae,-1,0.7844,4
141635_at,BECKSTPREPU04HR,Development,W1118,Prepupae,0,1.1028,4
141636_at,BECKSTPREPU04HR,Development,W1118,Prepupae,0,0.8523,4
141637_at,BECKSTPREPU04HR,Development,W1118,Prepupae,-1,0.768,4
141638_at,BECKSTPREPU04HR,Development,W1118,Prepupae,0,1.0451,4
141639_at,BECKSTPREPU04HR,Development,W1118,Prepupae,-1,0.7555,4
141640_at,BECKSTPREPU04HR,Development,W1118,Prepupae,0,0.8625,4
141641_at,BECKSTPREPU04HR,Development,W1118,Prepupae,1,1.3179,4
141642_at,BECKSTPREPU04HR,Development,W1118,Prepupae,0,1.0064,4
141643_at,BECKSTPREPU04HR,Development,W1118,Prepupae,-1,0.7736,4
141644_at,BECKSTPREPU04HR,Development,W1118,Prepupae,0,1.0613,4
141645_at,BECKSTPREPU04HR,Development,W1118,Prepupae,0,0.9535,4
141646_at,BECKSTPREPU04HR,Development,W1118,Prepupae,0,1.0016,4
141647_at,BECKSTPREPU04HR,Development,W1118,Prepupae,-1,0.5003,4
141648_at,BECKSTPREPU04HR,Development,W1118,Prepupae,-1,0.5955,4
141649_at,BECKSTPREPU04HR,Development,W1118,Prepupae,1,1.4005,4
141650_at,BECKSTPREPU04HR,Development,W1118,Prepupae,1,1.274,4
141651_at,BECKSTPREPU04HR,Development,W1118,Prepupae,0,1.1843,4
141652_at,BECKSTPREPU04HR,Development,W1118,Prepupae,-1,0.6557,4
141653_at,BECKSTPREPU04HR,Development,W1118,Prepupae,0,1.0372,4
141654_at,BECKSTPREPU04HR,Development,W1118,Prepupae,0,1.1004,4
141655_at,BECKSTPREPU04HR,Development,W1118,Prepupae,0,0.9354,4
141656_at,BECKSTPREPU04HR,Development,W1118,Prepupae,1,1.3354,4
141657_at,BECKSTPREPU04HR,Development,W1118,Prepupae,0,0.8959,4
141658_at,BECKSTPREPU04HR,Development,W1118,Prepupae,-1,0.4103,4
141659_at,BECKSTPREPU04HR,Development,W1118,Prepupae,0,0.9719,4
141660_at,BECKSTPREPU04HR,Development,W1118,Prepupae,0,1.0773,4
141661_at,BECKSTPREPU04HR,Development,W1118,Prepupae,0,0.9236,4
141662_at,BECKSTPREPU04HR,Development,W1118,Prepupae,-1,0.4248,4
141663_at,BECKSTPREPU04HR,Development,W1118,Prepupae,0,0.8893,4
141664_at,BECKSTPREPU04HR,Development,W1118,Prepupae,0,1.1706,4
141665_at,BECKSTPREPU04HR,Development,W1118,Prepupae,0,0.9777,4
141666_at,BECKSTPREPU04HR,Development,W1118,Prepupae,0,0.8038,4
141667_at,BECKSTPREPU04HR,Development,W1118,Prepupae,0,1.1299,4
141668_at,BECKSTPREPU04HR,Development,W1118,Prepupae,0,1.0239,4
141669_at,BECKSTPREPU04HR,Development,W1118,Prepupae,1,1.2073,4
141670_at,BECKSTPREPU04HR,Development,W1118,Prepupae,-1,0.6613,4
141671_s_at,BECKSTPREPU04HR,Development,W1118,Prepupae,0,0.9845,4
141672_r_at,BECKSTPREPU04HR,Development,W1118,Prepupae,0,0.868,4
141673_at,BECKSTPREPU04HR,Development,W1118,Prepupae,0,1.0795,4
141674_at,BECKSTPREPU04HR,Development,W1118,Prepupae,-1,0.7854,4
141675_at,BECKSTPREPU04HR,Development,W1118,Prepupae,0,0.8375,4
141676_at,BECKSTPREPU04HR,Development,W1118,Prepupae,0,1.053,4
141677_at,BECKSTPREPU04HR,Development,W1118,Prepupae,0,0.9542,4
141678_at,BECKSTPREPU04HR,Development,W1118,Prepupae,-1,0.6749,4
141679_at,BECKSTPREPU04HR,Development,W1118,Prepupae,0,0.8488,4
141680_at,BECKSTPREPU04HR,Development,W1118,Prepupae,0,1.0895,4
141681_at,BECKSTPREPU04HR,Development,W1118,Prepupae,0,0.8663,4
141682_at,BECKSTPREPU04HR,Development,W1118,Prepupae,0,0.9808,4
141683_at,BECKSTPREPU04HR,Development,W1118,Prepupae,0,0.8317,4
141684_at,BECKSTPREPU04HR,Development,W1118,Prepupae,1,1.8278,4
141685_at,BECKSTPREPU04HR,Development,W1118,Prepupae,0,1.0889,4
141686_at,BECKSTPREPU04HR,Development,W1118,Prepupae,0,0.9991,4
141687_at,BECKSTPREPU04HR,Development,W1118,Prepupae,-1,0.6534,4
141688_at,BECKSTPREPU04HR,Development,W1118,Prepupae,0,1.1511,4
141689_at,BECKSTPREPU04HR,Development,W1118,Prepupae,0,0.9822,4
141690_at,BECKSTPREPU04HR,Development,W1118,Prepupae,0,1.1599,4
141691_at,BECKSTPREPU04HR,Development,W1118,Prepupae,-1,0.3812,4
141692_at,BECKSTPREPU04HR,Development,W1118,Prepupae,0,1.1055,4
141693_at,BECKSTPREPU04HR,Development,W1118,Prepupae,0,1.0339,4
141694_at,BECKSTPREPU04HR,Development,W1118,Prepupae,-1,0.6124,4
141695_at,BECKSTPREPU04HR,Development,W1118,Prepupae,0,1.1067,4
141696_at,BECKSTPREPU04HR,Development,W1118,Prepupae,-1,0.7599,4
141697_at,BECKSTPREPU04HR,Development,W1118,Prepupae,0,0.8784,4
141698_at,BECKSTPREPU04HR,Development,W1118,Prepupae,0,0.8693,4
141699_at,BECKSTPREPU04HR,Development,W1118,Prepupae,-1,0.7695,4
141700_at,BECKSTPREPU04HR,Development,W1118,Prepupae,0,0.9644,4
141701_at,BECKSTPREPU04HR,Development,W1118,Prepupae,0,0.9665,4
141702_at,BECKSTPREPU04HR,Development,W1118,Prepupae,0,0.9384,4
141703_at,BECKSTPREPU04HR,Development,W1118,Prepupae,0,0.9997,4
141704_at,BECKSTPREPU04HR,Development,W1118,Prepupae,-1,0.7765,4
141705_at,BECKSTPREPU04HR,Development,W1118,Prepupae,0,0.833,4
141706_at,BECKSTPREPU04HR,Development,W1118,Prepupae,0,1.1451,4
141707_at,BECKSTPREPU04HR,Development,W1118,Prepupae,-1,0.7732,4
141708_at,BECKSTPREPU04HR,Development,W1118,Prepupae,0,0.8308,4
141709_i_at,BECKSTPREPU04HR,Development,W1118,Prepupae,-1,0.5089,4
141710_r_at,BECKSTPREPU04HR,Development,W1118,Prepupae,0,0.8559,4
141711_at,BECKSTPREPU04HR,Development,W1118,Prepupae,-1,0.6946,4
141712_at,BECKSTPREPU04HR,Development,W1118,Prepupae,-1,0.6726,4
141713_at,BECKSTPREPU04HR,Development,W1118,Prepupae,-1,0.7329,4
141714_at,BECKSTPREPU04HR,Development,W1118,Prepupae,0,1.0877,4
141715_at,BECKSTPREPU04HR,Development,W1118,Prepupae,0,1.1411,4
141716_at,BECKSTPREPU04HR,Development,W1118,Prepupae,-1,0.7997,4
141717_at,BECKSTPREPU04HR,Development,W1118,Prepupae,-1,0.6408,4
141718_at,BECKSTPREPU04HR,Development,W1118,Prepupae,0,1.1888,4
141719_at,BECKSTPREPU04HR,Development,W1118,Prepupae,-1,0.7991,4
141720_at,BECKSTPREPU04HR,Development,W1118,Prepupae,-1,0.7787,4
141721_at,BECKSTPREPU04HR,Development,W1118,Prepupae,1,1.3277,4
141722_at,BECKSTPREPU04HR,Development,W1118,Prepupae,0,0.8538,4
141723_at,BECKSTPREPU04HR,Development,W1118,Prepupae,-1,0.7798,4
141724_at,BECKSTPREPU04HR,Development,W1118,Prepupae,1,1.5159,4
141725_at,BECKSTPREPU04HR,Development,W1118,Prepupae,1,1.3828,4
141726_at,BECKSTPREPU04HR,Development,W1118,Prepupae,-1,0.7266,4
141727_at,BECKSTPREPU04HR,Development,W1118,Prepupae,1,1.2079,4
141728_at,BECKSTPREPU04HR,Development,W1118,Prepupae,0,1.1118,4
141729_at,BECKSTPREPU04HR,Development,W1118,Prepupae,-1,0.5481,4
141730_at,BECKSTPREPU04HR,Development,W1118,Prepupae,1,1.2477,4
141731_at,BECKSTPREPU04HR,Development,W1118,Prepupae,1,1.606,4
141732_at,BECKSTPREPU04HR,Development,W1118,Prepupae,-1,0.5807,4
141733_at,BECKSTPREPU04HR,Development,W1118,Prepupae,-1,0.7495,4
141734_at,BECKSTPREPU04HR,Development,W1118,Prepupae,0,0.8249,4
141735_at,BECKSTPREPU04HR,Development,W1118,Prepupae,0,1.0201,4
141736_at,BECKSTPREPU04HR,Development,W1118,Prepupae,1,1.2903,4
141737_at,BECKSTPREPU04HR,Development,W1118,Prepupae,0,0.9097,4
141738_at,BECKSTPREPU04HR,Development,W1118,Prepupae,-1,0.7818,4
141739_at,BECKSTPREPU04HR,Development,W1118,Prepupae,-1,0.7613,4
141740_at,BECKSTPREPU04HR,Development,W1118,Prepupae,-1,0.5043,4
141741_at,BECKSTPREPU04HR,Development,W1118,Prepupae,0,1.1261,4
141742_at,BECKSTPREPU04HR,Development,W1118,Prepupae,1,1.2659,4
141743_at,BECKSTPREPU04HR,Development,W1118,Prepupae,0,0.9532,4
141744_at,BECKSTPREPU04HR,Development,W1118,Prepupae,0,1.1625,4
141745_at,BECKSTPREPU04HR,Development,W1118,Prepupae,-1,0.7306,4
141746_at,BECKSTPREPU04HR,Development,W1118,Prepupae,0,0.974,4
141747_at,BECKSTPREPU04HR,Development,W1118,Prepupae,-1,0.7443,4
141748_at,BECKSTPREPU04HR,Development,W1118,Prepupae,-1,0.6645,4
141749_at,BECKSTPREPU04HR,Development,W1118,Prepupae,-1,0.3588,4
141750_at,BECKSTPREPU04HR,Development,W1118,Prepupae,0,0.9668,4
141751_at,BECKSTPREPU04HR,Development,W1118,Prepupae,0,0.8431,4
141752_at,BECKSTPREPU04HR,Development,W1118,Prepupae,1,1.2511,4
141753_at,BECKSTPREPU04HR,Development,W1118,Prepupae,0,1.0343,4
141754_at,BECKSTPREPU04HR,Development,W1118,Prepupae,-1,0.6694,4
141755_at,BECKSTPREPU04HR,Development,W1118,Prepupae,0,1.1273,4
141756_at,BECKSTPREPU04HR,Development,W1118,Prepupae,0,0.969,4
141757_at,BECKSTPREPU04HR,Development,W1118,Prepupae,-1,0.4758,4
141758_at,BECKSTPREPU04HR,Development,W1118,Prepupae,0,0.8879,4
141759_at,BECKSTPREPU04HR,Development,W1118,Prepupae,-1,0.6326,4
141760_at,BECKSTPREPU04HR,Development,W1118,Prepupae,0,0.9046,4
141761_at,BECKSTPREPU04HR,Development,W1118,Prepupae,0,0.9037,4
141762_at,BECKSTPREPU04HR,Development,W1118,Prepupae,0,0.8719,4
141763_at,BECKSTPREPU04HR,Development,W1118,Prepupae,0,1.1612,4
141764_at,BECKSTPREPU04HR,Development,W1118,Prepupae,0,0.851,4
141765_at,BECKSTPREPU04HR,Development,W1118,Prepupae,-1,0.5673,4
141766_at,BECKSTPREPU04HR,Development,W1118,Prepupae,0,1.1069,4
141767_at,BECKSTPREPU04HR,Development,W1118,Prepupae,0,0.9695,4
141768_at,BECKSTPREPU04HR,Development,W1118,Prepupae,0,1.1116,4
141769_at,BECKSTPREPU04HR,Development,W1118,Prepupae,1,1.3678,4
141770_at,BECKSTPREPU04HR,Development,W1118,Prepupae,-1,0.6181,4
141771_at,BECKSTPREPU04HR,Development,W1118,Prepupae,0,0.9836,4
141772_at,BECKSTPREPU04HR,Development,W1118,Prepupae,-1,0.6536,4
141773_at,BECKSTPREPU04HR,Development,W1118,Prepupae,1,1.2214,4
141774_at,BECKSTPREPU04HR,Development,W1118,Prepupae,0,1.0485,4
141775_at,BECKSTPREPU04HR,Development,W1118,Prepupae,0,1.1617,4
141776_at,BECKSTPREPU04HR,Development,W1118,Prepupae,0,0.9344,4
141777_at,BECKSTPREPU04HR,Development,W1118,Prepupae,1,1.2386,4
141778_at,BECKSTPREPU04HR,Development,W1118,Prepupae,0,0.9364,4
141779_at,BECKSTPREPU04HR,Development,W1118,Prepupae,-1,0.7434,4
141780_at,BECKSTPREPU04HR,Development,W1118,Prepupae,0,1.0514,4
141781_at,BECKSTPREPU04HR,Development,W1118,Prepupae,1,1.2558,4
141782_at,BECKSTPREPU04HR,Development,W1118,Prepupae,-1,0.6804,4
141783_at,BECKSTPREPU04HR,Development,W1118,Prepupae,0,0.9946,4
141784_at,BECKSTPREPU04HR,Development,W1118,Prepupae,-1,0.5686,4
141785_at,BECKSTPREPU04HR,Development,W1118,Prepupae,-1,0.69,4
141786_at,BECKSTPREPU04HR,Development,W1118,Prepupae,0,0.8903,4
141787_at,BECKSTPREPU04HR,Development,W1118,Prepupae,0,0.8446,4
141788_at,BECKSTPREPU04HR,Development,W1118,Prepupae,0,0.9197,4
141789_at,BECKSTPREPU04HR,Development,W1118,Prepupae,-1,0.7878,4
141790_at,BECKSTPREPU04HR,Development,W1118,Prepupae,0,0.8006,4
141791_at,BECKSTPREPU04HR,Development,W1118,Prepupae,-1,0.7106,4
141792_at,BECKSTPREPU04HR,Development,W1118,Prepupae,0,0.9324,4
141793_at,BECKSTPREPU04HR,Development,W1118,Prepupae,0,0.8936,4
141794_at,BECKSTPREPU04HR,Development,W1118,Prepupae,-1,0.7276,4
141795_at,BECKSTPREPU04HR,Development,W1118,Prepupae,0,0.8582,4
141796_at,BECKSTPREPU04HR,Development,W1118,Prepupae,0,0.8308,4
141797_at,BECKSTPREPU04HR,Development,W1118,Prepupae,0,0.9224,4
141798_at,BECKSTPREPU04HR,Development,W1118,Prepupae,-1,0.6754,4
141799_at,BECKSTPREPU04HR,Development,W1118,Prepupae,1,1.2198,4
141800_at,BECKSTPREPU04HR,Development,W1118,Prepupae,0,1.1818,4
141801_at,BECKSTPREPU04HR,Development,W1118,Prepupae,0,0.8542,4
141802_at,BECKSTPREPU04HR,Development,W1118,Prepupae,-1,0.5855,4
141803_at,BECKSTPREPU04HR,Development,W1118,Prepupae,-1,0.511,4
141804_at,BECKSTPREPU04HR,Development,W1118,Prepupae,-1,0.4307,4
141805_at,BECKSTPREPU04HR,Development,W1118,Prepupae,0,1.0176,4
141806_at,BECKSTPREPU04HR,Development,W1118,Prepupae,1,1.4872,4
141807_at,BECKSTPREPU04HR,Development,W1118,Prepupae,1,1.286,4
141808_at,BECKSTPREPU04HR,Development,W1118,Prepupae,0,1.1998,4
141809_at,BECKSTPREPU04HR,Development,W1118,Prepupae,0,1.1107,4
141810_at,BECKSTPREPU04HR,Development,W1118,Prepupae,-1,0.3763,4
141811_at,BECKSTPREPU04HR,Development,W1118,Prepupae,-1,0.5823,4
141812_at,BECKSTPREPU04HR,Development,W1118,Prepupae,1,1.2096,4
141813_at,BECKSTPREPU04HR,Development,W1118,Prepupae,1,1.2349,4
141814_at,BECKSTPREPU04HR,Development,W1118,Prepupae,0,1.006,4
141815_at,BECKSTPREPU04HR,Development,W1118,Prepupae,0,0.9867,4
141816_at,BECKSTPREPU04HR,Development,W1118,Prepupae,-1,0.7961,4
141817_at,BECKSTPREPU04HR,Development,W1118,Prepupae,0,1.0515,4
141818_at,BECKSTPREPU04HR,Development,W1118,Prepupae,-1,0.7948,4
141819_at,BECKSTPREPU04HR,Development,W1118,Prepupae,0,1.177,4
141820_at,BECKSTPREPU04HR,Development,W1118,Prepupae,1,1.459,4
141821_at,BECKSTPREPU04HR,Development,W1118,Prepupae,0,1.1996,4
141822_at,BECKSTPREPU04HR,Development,W1118,Prepupae,0,1.1694,4
141823_at,BECKSTPREPU04HR,Development,W1118,Prepupae,1,2.5944,4
141824_at,BECKSTPREPU04HR,Development,W1118,Prepupae,-1,0.7449,4
141825_at,BECKSTPREPU04HR,Development,W1118,Prepupae,0,1.0052,4
141826_at,BECKSTPREPU04HR,Development,W1118,Prepupae,0,0.9977,4
141827_at,BECKSTPREPU04HR,Development,W1118,Prepupae,0,1.0077,4
141828_at,BECKSTPREPU04HR,Development,W1118,Prepupae,0,0.8292,4
141829_at,BECKSTPREPU04HR,Development,W1118,Prepupae,0,1.1437,4
141830_at,BECKSTPREPU04HR,Development,W1118,Prepupae,0,0.9909,4
141831_at,BECKSTPREPU04HR,Development,W1118,Prepupae,0,0.816,4
141832_at,BECKSTPREPU04HR,Development,W1118,Prepupae,0,1.1531,4
141833_at,BECKSTPREPU04HR,Development,W1118,Prepupae,1,2.5554,4
141834_at,BECKSTPREPU04HR,Development,W1118,Prepupae,1,1.7217,4
141835_s_at,BECKSTPREPU04HR,Development,W1118,Prepupae,0,1.1557,4
141836_at,BECKSTPREPU04HR,Development,W1118,Prepupae,1,1.2644,4
141837_at,BECKSTPREPU04HR,Development,W1118,Prepupae,0,0.9466,4
141838_at,BECKSTPREPU04HR,Development,W1118,Prepupae,1,1.9508,4
141839_at,BECKSTPREPU04HR,Development,W1118,Prepupae,1,1.2121,4
141840_at,BECKSTPREPU04HR,Development,W1118,Prepupae,1,1.4103,4
141841_at,BECKSTPREPU04HR,Development,W1118,Prepupae,0,0.8994,4
141842_at,BECKSTPREPU04HR,Development,W1118,Prepupae,0,1.0504,4
141843_at,BECKSTPREPU04HR,Development,W1118,Prepupae,0,1.1007,4
141844_at,BECKSTPREPU04HR,Development,W1118,Prepupae,0,1.0026,4
141845_at,BECKSTPREPU04HR,Development,W1118,Prepupae,1,1.2574,4
141846_at,BECKSTPREPU04HR,Development,W1118,Prepupae,1,1.5094,4
141847_at,BECKSTPREPU04HR,Development,W1118,Prepupae,0,1.124,4
141848_at,BECKSTPREPU04HR,Development,W1118,Prepupae,0,0.9975,4
141849_at,BECKSTPREPU04HR,Development,W1118,Prepupae,0,1.0962,4
141850_at,BECKSTPREPU04HR,Development,W1118,Prepupae,-1,0.7473,4
141851_at,BECKSTPREPU04HR,Development,W1118,Prepupae,0,1.1567,4
141852_at,BECKSTPREPU04HR,Development,W1118,Prepupae,0,0.8021,4
141853_at,BECKSTPREPU04HR,Development,W1118,Prepupae,-1,0.6929,4
141854_at,BECKSTPREPU04HR,Development,W1118,Prepupae,0,1.1476,4
141855_at,BECKSTPREPU04HR,Development,W1118,Prepupae,1,1.8434,4
141856_at,BECKSTPREPU04HR,Development,W1118,Prepupae,0,0.8612,4
141857_at,BECKSTPREPU04HR,Development,W1118,Prepupae,1,1.379,4
141858_at,BECKSTPREPU04HR,Development,W1118,Prepupae,1,1.215,4
141859_at,BECKSTPREPU04HR,Development,W1118,Prepupae,1,1.3185,4
141860_at,BECKSTPREPU04HR,Development,W1118,Prepupae,1,1.2511,4
141861_at,BECKSTPREPU04HR,Development,W1118,Prepupae,0,1.1659,4
141862_at,BECKSTPREPU04HR,Development,W1118,Prepupae,1,1.769,4
141863_at,BECKSTPREPU04HR,Development,W1118,Prepupae,0,1.1644,4
141864_i_at,BECKSTPREPU04HR,Development,W1118,Prepupae,-1,0.7975,4
141865_r_at,BECKSTPREPU04HR,Development,W1118,Prepupae,-1,0.6887,4
141866_at,BECKSTPREPU04HR,Development,W1118,Prepupae,0,1.0117,4
141867_at,BECKSTPREPU04HR,Development,W1118,Prepupae,0,1.1049,4
141868_at,BECKSTPREPU04HR,Development,W1118,Prepupae,0,0.973,4
141869_at,BECKSTPREPU04HR,Development,W1118,Prepupae,1,1.3771,4
141870_at,BECKSTPREPU04HR,Development,W1118,Prepupae,1,2.0853,4
141871_at,BECKSTPREPU04HR,Development,W1118,Prepupae,1,1.6648,4
141872_at,BECKSTPREPU04HR,Development,W1118,Prepupae,1,1.3401,4
141873_at,BECKSTPREPU04HR,Development,W1118,Prepupae,1,1.3861,4
141874_at,BECKSTPREPU04HR,Development,W1118,Prepupae,0,1.0466,4
141875_at,BECKSTPREPU04HR,Development,W1118,Prepupae,0,1.0633,4
141876_at,BECKSTPREPU04HR,Development,W1118,Prepupae,0,0.9994,4
141877_at,BECKSTPREPU04HR,Development,W1118,Prepupae,0,1.1268,4
141878_at,BECKSTPREPU04HR,Development,W1118,Prepupae,1,1.2446,4
141879_at,BECKSTPREPU04HR,Development,W1118,Prepupae,1,1.4909,4
141880_at,BECKSTPREPU04HR,Development,W1118,Prepupae,0,1.0741,4
141881_at,BECKSTPREPU04HR,Development,W1118,Prepupae,-1,0.6741,4
141882_at,BECKSTPREPU04HR,Development,W1118,Prepupae,0,0.9579,4
141883_at,BECKSTPREPU04HR,Development,W1118,Prepupae,1,1.4775,4
141884_at,BECKSTPREPU04HR,Development,W1118,Prepupae,0,1.0704,4
141885_at,BECKSTPREPU04HR,Development,W1118,Prepupae,1,1.2885,4
141886_at,BECKSTPREPU04HR,Development,W1118,Prepupae,1,3.7218,4
141887_at,BECKSTPREPU04HR,Development,W1118,Prepupae,1,1.2506,4
141888_at,BECKSTPREPU04HR,Development,W1118,Prepupae,0,1.1244,4
141889_at,BECKSTPREPU04HR,Development,W1118,Prepupae,0,0.8908,4
141890_at,BECKSTPREPU04HR,Development,W1118,Prepupae,1,1.3622,4
141891_at,BECKSTPREPU04HR,Development,W1118,Prepupae,1,1.2566,4
141892_at,BECKSTPREPU04HR,Development,W1118,Prepupae,1,1.3014,4
141893_at,BECKSTPREPU04HR,Development,W1118,Prepupae,0,1.1853,4
141894_at,BECKSTPREPU04HR,Development,W1118,Prepupae,1,1.9031,4
141895_at,BECKSTPREPU04HR,Development,W1118,Prepupae,1,1.5429,4
141896_at,BECKSTPREPU04HR,Development,W1118,Prepupae,0,1.1214,4
141897_at,BECKSTPREPU04HR,Development,W1118,Prepupae,0,0.8433,4
141898_at,BECKSTPREPU04HR,Development,W1118,Prepupae,0,1.1896,4
141899_at,BECKSTPREPU04HR,Development,W1118,Prepupae,0,1.0821,4
141900_at,BECKSTPREPU04HR,Development,W1118,Prepupae,1,1.5423,4
141901_at,BECKSTPREPU04HR,Development,W1118,Prepupae,0,1.0371,4
141902_at,BECKSTPREPU04HR,Development,W1118,Prepupae,0,1.0567,4
141903_at,BECKSTPREPU04HR,Development,W1118,Prepupae,0,1.1502,4
141904_at,BECKSTPREPU04HR,Development,W1118,Prepupae,1,1.469,4
141905_at,BECKSTPREPU04HR,Development,W1118,Prepupae,0,1.1559,4
141906_at,BECKSTPREPU04HR,Development,W1118,Prepupae,1,1.3304,4
141907_at,BECKSTPREPU04HR,Development,W1118,Prepupae,0,0.9314,4
141908_at,BECKSTPREPU04HR,Development,W1118,Prepupae,1,1.3212,4
141909_at,BECKSTPREPU04HR,Development,W1118,Prepupae,1,1.3398,4
141910_at,BECKSTPREPU04HR,Development,W1118,Prepupae,0,1.0172,4
141911_at,BECKSTPREPU04HR,Development,W1118,Prepupae,0,1.1139,4
141912_at,BECKSTPREPU04HR,Development,W1118,Prepupae,1,1.2489,4
141913_at,BECKSTPREPU04HR,Development,W1118,Prepupae,-1,0.7619,4
141914_at,BECKSTPREPU04HR,Development,W1118,Prepupae,0,0.9363,4
141915_at,BECKSTPREPU04HR,Development,W1118,Prepupae,-1,0.6497,4
141916_at,BECKSTPREPU04HR,Development,W1118,Prepupae,0,0.8913,4
141917_at,BECKSTPREPU04HR,Development,W1118,Prepupae,0,0.9761,4
141918_at,BECKSTPREPU04HR,Development,W1118,Prepupae,0,1.0054,4
141919_at,BECKSTPREPU04HR,Development,W1118,Prepupae,0,1.0715,4
141920_at,BECKSTPREPU04HR,Development,W1118,Prepupae,1,1.3768,4
141921_at,BECKSTPREPU04HR,Development,W1118,Prepupae,0,1.1459,4
141922_at,BECKSTPREPU04HR,Development,W1118,Prepupae,1,1.3299,4
141923_at,BECKSTPREPU04HR,Development,W1118,Prepupae,1,1.2365,4
141924_at,BECKSTPREPU04HR,Development,W1118,Prepupae,1,1.2476,4
141925_i_at,BECKSTPREPU04HR,Development,W1118,Prepupae,1,2.214,4
141926_at,BECKSTPREPU04HR,Development,W1118,Prepupae,1,1.3228,4
141927_at,BECKSTPREPU04HR,Development,W1118,Prepupae,-1,0.7588,4
141928_at,BECKSTPREPU04HR,Development,W1118,Prepupae,0,0.8307,4
141929_at,BECKSTPREPU04HR,Development,W1118,Prepupae,0,1.0614,4
141930_at,BECKSTPREPU04HR,Development,W1118,Prepupae,1,1.6548,4
141931_at,BECKSTPREPU04HR,Development,W1118,Prepupae,0,0.963,4
141932_at,BECKSTPREPU04HR,Development,W1118,Prepupae,0,1.0631,4
141933_at,BECKSTPREPU04HR,Development,W1118,Prepupae,0,0.8356,4
141934_at,BECKSTPREPU04HR,Development,W1118,Prepupae,0,0.9318,4
141935_at,BECKSTPREPU04HR,Development,W1118,Prepupae,1,1.4531,4
141936_at,BECKSTPREPU04HR,Development,W1118,Prepupae,0,0.9544,4
141937_at,BECKSTPREPU04HR,Development,W1118,Prepupae,0,0.9736,4
141938_at,BECKSTPREPU04HR,Development,W1118,Prepupae,1,1.4746,4
141939_at,BECKSTPREPU04HR,Development,W1118,Prepupae,0,1.1728,4
141940_at,BECKSTPREPU04HR,Development,W1118,Prepupae,1,3.5778,4
141941_at,BECKSTPREPU04HR,Development,W1118,Prepupae,1,1.2988,4
141942_at,BECKSTPREPU04HR,Development,W1118,Prepupae,1,1.2324,4
141943_at,BECKSTPREPU04HR,Development,W1118,Prepupae,1,1.3994,4
141944_at,BECKSTPREPU04HR,Development,W1118,Prepupae,0,1.1218,4
141945_at,BECKSTPREPU04HR,Development,W1118,Prepupae,1,1.241,4
141946_at,BECKSTPREPU04HR,Development,W1118,Prepupae,1,1.6805,4
141947_at,BECKSTPREPU04HR,Development,W1118,Prepupae,0,0.9262,4
141948_at,BECKSTPREPU04HR,Development,W1118,Prepupae,0,0.9362,4
141949_at,BECKSTPREPU04HR,Development,W1118,Prepupae,0,1.0362,4
141950_at,BECKSTPREPU04HR,Development,W1118,Prepupae,0,1.0127,4
141951_at,BECKSTPREPU04HR,Development,W1118,Prepupae,0,1.0646,4
141952_at,BECKSTPREPU04HR,Development,W1118,Prepupae,1,1.6841,4
141953_at,BECKSTPREPU04HR,Development,W1118,Prepupae,0,1.0214,4
141954_at,BECKSTPREPU04HR,Development,W1118,Prepupae,1,1.6984,4
141955_at,BECKSTPREPU04HR,Development,W1118,Prepupae,1,1.3289,4
141956_at,BECKSTPREPU04HR,Development,W1118,Prepupae,1,1.7831,4
141957_at,BECKSTPREPU04HR,Development,W1118,Prepupae,0,1.192,4
141958_at,BECKSTPREPU04HR,Development,W1118,Prepupae,0,1.0748,4
141959_at,BECKSTPREPU04HR,Development,W1118,Prepupae,-1,0.6375,4
141960_at,BECKSTPREPU04HR,Development,W1118,Prepupae,-1,0.7245,4
141961_at,BECKSTPREPU04HR,Development,W1118,Prepupae,1,1.2431,4
141962_at,BECKSTPREPU04HR,Development,W1118,Prepupae,0,0.9681,4
141963_at,BECKSTPREPU04HR,Development,W1118,Prepupae,0,1.0026,4
141964_at,BECKSTPREPU04HR,Development,W1118,Prepupae,0,1.1475,4
141965_at,BECKSTPREPU04HR,Development,W1118,Prepupae,-1,0.7107,4
141966_at,BECKSTPREPU04HR,Development,W1118,Prepupae,0,0.9923,4
141967_at,BECKSTPREPU04HR,Development,W1118,Prepupae,0,1.1563,4
141968_at,BECKSTPREPU04HR,Development,W1118,Prepupae,1,1.6632,4
141969_at,BECKSTPREPU04HR,Development,W1118,Prepupae,1,1.2227,4
141970_at,BECKSTPREPU04HR,Development,W1118,Prepupae,0,1.1133,4
141971_at,BECKSTPREPU04HR,Development,W1118,Prepupae,0,0.9666,4
141972_at,BECKSTPREPU04HR,Development,W1118,Prepupae,0,0.974,4
141973_at,BECKSTPREPU04HR,Development,W1118,Prepupae,0,1.0169,4
141974_at,BECKSTPREPU04HR,Development,W1118,Prepupae,1,1.4701,4
141975_at,BECKSTPREPU04HR,Development,W1118,Prepupae,0,0.8569,4
141976_at,BECKSTPREPU04HR,Development,W1118,Prepupae,0,0.8714,4
141977_at,BECKSTPREPU04HR,Development,W1118,Prepupae,1,1.5554,4
141978_i_at,BECKSTPREPU04HR,Development,W1118,Prepupae,1,2.9136,4
141979_r_at,BECKSTPREPU04HR,Development,W1118,Prepupae,1,1.2763,4
141980_at,BECKSTPREPU04HR,Development,W1118,Prepupae,1,1.418,4
141981_at,BECKSTPREPU04HR,Development,W1118,Prepupae,1,1.2335,4
141982_at,BECKSTPREPU04HR,Development,W1118,Prepupae,0,0.9374,4
141983_at,BECKSTPREPU04HR,Development,W1118,Prepupae,0,0.9802,4
141984_at,BECKSTPREPU04HR,Development,W1118,Prepupae,0,0.8761,4
141985_at,BECKSTPREPU04HR,Development,W1118,Prepupae,-1,0.747,4
141986_at,BECKSTPREPU04HR,Development,W1118,Prepupae,0,0.9044,4
141987_at,BECKSTPREPU04HR,Development,W1118,Prepupae,-1,0.7521,4
141988_at,BECKSTPREPU04HR,Development,W1118,Prepupae,1,1.3784,4
141989_at,BECKSTPREPU04HR,Development,W1118,Prepupae,0,0.8461,4
141990_at,BECKSTPREPU04HR,Development,W1118,Prepupae,0,0.9295,4
141991_at,BECKSTPREPU04HR,Development,W1118,Prepupae,0,1.1164,4
141992_at,BECKSTPREPU04HR,Development,W1118,Prepupae,1,1.247,4
141993_at,BECKSTPREPU04HR,Development,W1118,Prepupae,1,1.2183,4
141994_at,BECKSTPREPU04HR,Development,W1118,Prepupae,-1,0.7868,4
141995_at,BECKSTPREPU04HR,Development,W1118,Prepupae,0,1.1408,4
141996_at,BECKSTPREPU04HR,Development,W1118,Prepupae,0,1.1177,4
141997_at,BECKSTPREPU04HR,Development,W1118,Prepupae,0,1.0019,4
141998_at,BECKSTPREPU04HR,Development,W1118,Prepupae,0,1.0241,4
141999_at,BECKSTPREPU04HR,Development,W1118,Prepupae,-1,0.724,4
142000_at,BECKSTPREPU04HR,Development,W1118,Prepupae,0,1.0339,4
142001_r_at,BECKSTPREPU04HR,Development,W1118,Prepupae,1,1.7656,4
142002_at,BECKSTPREPU04HR,Development,W1118,Prepupae,0,1.0275,4
142003_at,BECKSTPREPU04HR,Development,W1118,Prepupae,0,1.1709,4
142004_at,BECKSTPREPU04HR,Development,W1118,Prepupae,1,1.2804,4
142005_at,BECKSTPREPU04HR,Development,W1118,Prepupae,0,1.0875,4
142006_at,BECKSTPREPU04HR,Development,W1118,Prepupae,1,1.447,4
142007_at,BECKSTPREPU04HR,Development,W1118,Prepupae,1,1.2027,4
142008_at,BECKSTPREPU04HR,Development,W1118,Prepupae,-1,0.6067,4
142009_at,BECKSTPREPU04HR,Development,W1118,Prepupae,1,1.3955,4
142010_at,BECKSTPREPU04HR,Development,W1118,Prepupae,1,3.3617,4
142011_at,BECKSTPREPU04HR,Development,W1118,Prepupae,0,0.9388,4
142012_at,BECKSTPREPU04HR,Development,W1118,Prepupae,1,1.3508,4
142013_at,BECKSTPREPU04HR,Development,W1118,Prepupae,0,1.0846,4
142014_at,BECKSTPREPU04HR,Development,W1118,Prepupae,1,1.3267,4
142015_at,BECKSTPREPU04HR,Development,W1118,Prepupae,1,1.5977,4
142016_at,BECKSTPREPU04HR,Development,W1118,Prepupae,0,0.9144,4
142017_at,BECKSTPREPU04HR,Development,W1118,Prepupae,0,1.11,4
142018_at,BECKSTPREPU04HR,Development,W1118,Prepupae,1,1.3362,4
142019_at,BECKSTPREPU04HR,Development,W1118,Prepupae,1,1.5233,4
142020_at,BECKSTPREPU04HR,Development,W1118,Prepupae,1,1.464,4
142021_at,BECKSTPREPU04HR,Development,W1118,Prepupae,0,1.1485,4
142022_at,BECKSTPREPU04HR,Development,W1118,Prepupae,0,0.8678,4
142023_at,BECKSTPREPU04HR,Development,W1118,Prepupae,0,0.8742,4
142024_at,BECKSTPREPU04HR,Development,W1118,Prepupae,0,1.0017,4
142025_at,BECKSTPREPU04HR,Development,W1118,Prepupae,1,1.4806,4
142026_at,BECKSTPREPU04HR,Development,W1118,Prepupae,1,1.4952,4
142027_at,BECKSTPREPU04HR,Development,W1118,Prepupae,0,1.154,4
142028_at,BECKSTPREPU04HR,Development,W1118,Prepupae,1,1.263,4
142029_at,BECKSTPREPU04HR,Development,W1118,Prepupae,1,1.3597,4
142030_at,BECKSTPREPU04HR,Development,W1118,Prepupae,1,1.2436,4
142031_at,BECKSTPREPU04HR,Development,W1118,Prepupae,-1,0.6089,4
142032_at,BECKSTPREPU04HR,Development,W1118,Prepupae,1,1.4323,4
142033_at,BECKSTPREPU04HR,Development,W1118,Prepupae,-1,0.6166,4
142034_at,BECKSTPREPU04HR,Development,W1118,Prepupae,0,1.171,4
142035_at,BECKSTPREPU04HR,Development,W1118,Prepupae,1,1.3423,4
142036_at,BECKSTPREPU04HR,Development,W1118,Prepupae,0,1.1556,4
142037_at,BECKSTPREPU04HR,Development,W1118,Prepupae,-1,0.681,4
142038_at,BECKSTPREPU04HR,Development,W1118,Prepupae,1,1.6871,4
142039_s_at,BECKSTPREPU04HR,Development,W1118,Prepupae,0,0.9887,4
142040_at,BECKSTPREPU04HR,Development,W1118,Prepupae,-1,0.7857,4
142041_at,BECKSTPREPU04HR,Development,W1118,Prepupae,0,1.0651,4
142042_at,BECKSTPREPU04HR,Development,W1118,Prepupae,0,1.013,4
142043_at,BECKSTPREPU04HR,Development,W1118,Prepupae,1,1.2165,4
142044_at,BECKSTPREPU04HR,Development,W1118,Prepupae,0,0.844,4
142045_at,BECKSTPREPU04HR,Development,W1118,Prepupae,0,1.1656,4
142046_at,BECKSTPREPU04HR,Development,W1118,Prepupae,1,1.4346,4
142047_at,BECKSTPREPU04HR,Development,W1118,Prepupae,0,1.145,4
142048_at,BECKSTPREPU04HR,Development,W1118,Prepupae,-1,0.7961,4
142049_at,BECKSTPREPU04HR,Development,W1118,Prepupae,0,0.973,4
142050_at,BECKSTPREPU04HR,Development,W1118,Prepupae,1,1.2258,4
142051_at,BECKSTPREPU04HR,Development,W1118,Prepupae,0,1.1362,4
142052_at,BECKSTPREPU04HR,Development,W1118,Prepupae,0,0.9925,4
142053_at,BECKSTPREPU04HR,Development,W1118,Prepupae,0,1.1865,4
142054_at,BECKSTPREPU04HR,Development,W1118,Prepupae,1,1.7582,4
142055_at,BECKSTPREPU04HR,Development,W1118,Prepupae,1,1.2569,4
142056_at,BECKSTPREPU04HR,Development,W1118,Prepupae,-1,0.5441,4
142057_at,BECKSTPREPU04HR,Development,W1118,Prepupae,1,1.7101,4
142058_at,BECKSTPREPU04HR,Development,W1118,Prepupae,1,1.2019,4
142059_at,BECKSTPREPU04HR,Development,W1118,Prepupae,1,1.9576,4
142060_at,BECKSTPREPU04HR,Development,W1118,Prepupae,1,1.623,4
142061_at,BECKSTPREPU04HR,Development,W1118,Prepupae,0,0.9887,4
142062_at,BECKSTPREPU04HR,Development,W1118,Prepupae,1,1.6047,4
142063_at,BECKSTPREPU04HR,Development,W1118,Prepupae,1,1.2814,4
142064_at,BECKSTPREPU04HR,Development,W1118,Prepupae,0,0.9842,4
142065_at,BECKSTPREPU04HR,Development,W1118,Prepupae,0,0.8165,4
142066_at,BECKSTPREPU04HR,Development,W1118,Prepupae,0,1.0896,4
142067_at,BECKSTPREPU04HR,Development,W1118,Prepupae,0,1.0336,4
142068_at,BECKSTPREPU04HR,Development,W1118,Prepupae,0,1.1033,4
142069_at,BECKSTPREPU04HR,Development,W1118,Prepupae,0,1.0232,4
142070_at,BECKSTPREPU04HR,Development,W1118,Prepupae,1,1.424,4
142071_at,BECKSTPREPU04HR,Development,W1118,Prepupae,0,1.0546,4
142072_at,BECKSTPREPU04HR,Development,W1118,Prepupae,1,1.2973,4
142073_at,BECKSTPREPU04HR,Development,W1118,Prepupae,1,1.5225,4
142074_at,BECKSTPREPU04HR,Development,W1118,Prepupae,0,1.1179,4
142075_at,BECKSTPREPU04HR,Development,W1118,Prepupae,1,1.3169,4
142076_at,BECKSTPREPU04HR,Development,W1118,Prepupae,1,1.2003,4
142077_at,BECKSTPREPU04HR,Development,W1118,Prepupae,1,1.4096,4
142078_at,BECKSTPREPU04HR,Development,W1118,Prepupae,1,1.2063,4
142079_at,BECKSTPREPU04HR,Development,W1118,Prepupae,0,1.1662,4
142080_at,BECKSTPREPU04HR,Development,W1118,Prepupae,0,1.0989,4
142081_at,BECKSTPREPU04HR,Development,W1118,Prepupae,-1,0.6016,4
142082_at,BECKSTPREPU04HR,Development,W1118,Prepupae,0,0.9296,4
142083_at,BECKSTPREPU04HR,Development,W1118,Prepupae,0,0.9981,4
142084_at,BECKSTPREPU04HR,Development,W1118,Prepupae,0,0.8982,4
142085_at,BECKSTPREPU04HR,Development,W1118,Prepupae,0,1.0491,4
142086_at,BECKSTPREPU04HR,Development,W1118,Prepupae,0,0.9921,4
142087_at,BECKSTPREPU04HR,Development,W1118,Prepupae,0,1.1276,4
142088_at,BECKSTPREPU04HR,Development,W1118,Prepupae,-1,0.357,4
142089_at,BECKSTPREPU04HR,Development,W1118,Prepupae,0,0.9821,4
142090_at,BECKSTPREPU04HR,Development,W1118,Prepupae,0,1.1242,4
142091_at,BECKSTPREPU04HR,Development,W1118,Prepupae,0,0.801,4
142092_at,BECKSTPREPU04HR,Development,W1118,Prepupae,0,1.0921,4
142093_at,BECKSTPREPU04HR,Development,W1118,Prepupae,0,1.0125,4
142094_at,BECKSTPREPU04HR,Development,W1118,Prepupae,1,1.6588,4
142095_at,BECKSTPREPU04HR,Development,W1118,Prepupae,1,1.989,4
142096_at,BECKSTPREPU04HR,Development,W1118,Prepupae,1,1.2816,4
142097_at,BECKSTPREPU04HR,Development,W1118,Prepupae,0,0.9327,4
142098_at,BECKSTPREPU04HR,Development,W1118,Prepupae,0,1.1704,4
142099_at,BECKSTPREPU04HR,Development,W1118,Prepupae,0,0.9741,4
142100_at,BECKSTPREPU04HR,Development,W1118,Prepupae,-1,0.6666,4
142101_at,BECKSTPREPU04HR,Development,W1118,Prepupae,0,0.8555,4
142102_at,BECKSTPREPU04HR,Development,W1118,Prepupae,1,1.32,4
142103_at,BECKSTPREPU04HR,Development,W1118,Prepupae,1,1.4283,4
142104_at,BECKSTPREPU04HR,Development,W1118,Prepupae,0,1.1412,4
142105_at,BECKSTPREPU04HR,Development,W1118,Prepupae,1,1.451,4
142106_at,BECKSTPREPU04HR,Development,W1118,Prepupae,-1,0.548,4
142107_at,BECKSTPREPU04HR,Development,W1118,Prepupae,1,1.3406,4
142108_at,BECKSTPREPU04HR,Development,W1118,Prepupae,0,1.0651,4
142109_at,BECKSTPREPU04HR,Development,W1118,Prepupae,1,1.253,4
142110_at,BECKSTPREPU04HR,Development,W1118,Prepupae,1,1.2662,4
142111_at,BECKSTPREPU04HR,Development,W1118,Prepupae,1,1.2777,4
142112_at,BECKSTPREPU04HR,Development,W1118,Prepupae,1,1.3943,4
142113_at,BECKSTPREPU04HR,Development,W1118,Prepupae,0,0.9605,4
142114_at,BECKSTPREPU04HR,Development,W1118,Prepupae,0,0.9085,4
142115_at,BECKSTPREPU04HR,Development,W1118,Prepupae,0,1.102,4
142116_at,BECKSTPREPU04HR,Development,W1118,Prepupae,0,1.1038,4
142117_at,BECKSTPREPU04HR,Development,W1118,Prepupae,0,1.0861,4
142118_at,BECKSTPREPU04HR,Development,W1118,Prepupae,0,0.9967,4
142119_at,BECKSTPREPU04HR,Development,W1118,Prepupae,0,0.9005,4
142120_at,BECKSTPREPU04HR,Development,W1118,Prepupae,0,0.8323,4
142121_at,BECKSTPREPU04HR,Development,W1118,Prepupae,0,0.8745,4
142122_at,BECKSTPREPU04HR,Development,W1118,Prepupae,1,1.2915,4
142123_at,BECKSTPREPU04HR,Development,W1118,Prepupae,0,0.9174,4
142124_at,BECKSTPREPU04HR,Development,W1118,Prepupae,0,1.102,4
142125_at,BECKSTPREPU04HR,Development,W1118,Prepupae,-1,0.4548,4
142126_at,BECKSTPREPU04HR,Development,W1118,Prepupae,0,1.0325,4
142127_at,BECKSTPREPU04HR,Development,W1118,Prepupae,0,1.0081,4
142128_at,BECKSTPREPU04HR,Development,W1118,Prepupae,0,0.8312,4
142129_at,BECKSTPREPU04HR,Development,W1118,Prepupae,-1,0.6455,4
142130_at,BECKSTPREPU04HR,Development,W1118,Prepupae,0,1.044,4
142131_at,BECKSTPREPU04HR,Development,W1118,Prepupae,1,1.2779,4
142132_at,BECKSTPREPU04HR,Development,W1118,Prepupae,-1,0.6039,4
142133_at,BECKSTPREPU04HR,Development,W1118,Prepupae,0,1.0052,4
142134_at,BECKSTPREPU04HR,Development,W1118,Prepupae,0,0.903,4
142135_at,BECKSTPREPU04HR,Development,W1118,Prepupae,1,1.5302,4
142136_at,BECKSTPREPU04HR,Development,W1118,Prepupae,1,1.2479,4
142137_at,BECKSTPREPU04HR,Development,W1118,Prepupae,0,1.1701,4
142138_at,BECKSTPREPU04HR,Development,W1118,Prepupae,1,1.2969,4
142139_at,BECKSTPREPU04HR,Development,W1118,Prepupae,0,1.0903,4
142140_at,BECKSTPREPU04HR,Development,W1118,Prepupae,0,0.9545,4
142141_at,BECKSTPREPU04HR,Development,W1118,Prepupae,1,1.3645,4
142142_at,BECKSTPREPU04HR,Development,W1118,Prepupae,1,1.6891,4
142143_at,BECKSTPREPU04HR,Development,W1118,Prepupae,-1,0.6217,4
142144_at,BECKSTPREPU04HR,Development,W1118,Prepupae,0,1.0076,4
142145_at,BECKSTPREPU04HR,Development,W1118,Prepupae,0,0.9971,4
142146_at,BECKSTPREPU04HR,Development,W1118,Prepupae,1,2.6579,4
142147_at,BECKSTPREPU04HR,Development,W1118,Prepupae,1,1.5394,4
142148_at,BECKSTPREPU04HR,Development,W1118,Prepupae,-1,0.6994,4
142149_at,BECKSTPREPU04HR,Development,W1118,Prepupae,0,1.0859,4
142150_at,BECKSTPREPU04HR,Development,W1118,Prepupae,0,1.1698,4
142151_at,BECKSTPREPU04HR,Development,W1118,Prepupae,0,0.8924,4
142152_at,BECKSTPREPU04HR,Development,W1118,Prepupae,0,1.1839,4
142153_at,BECKSTPREPU04HR,Development,W1118,Prepupae,0,0.8798,4
142154_at,BECKSTPREPU04HR,Development,W1118,Prepupae,1,1.5332,4
142155_at,BECKSTPREPU04HR,Development,W1118,Prepupae,1,1.3252,4
142156_at,BECKSTPREPU04HR,Development,W1118,Prepupae,0,1.1008,4
142157_at,BECKSTPREPU04HR,Development,W1118,Prepupae,0,1.0171,4
142158_at,BECKSTPREPU04HR,Development,W1118,Prepupae,0,0.9105,4
142159_at,BECKSTPREPU04HR,Development,W1118,Prepupae,0,1.0119,4
142160_at,BECKSTPREPU04HR,Development,W1118,Prepupae,1,1.3516,4
142161_s_at,BECKSTPREPU04HR,Development,W1118,Prepupae,0,1.0258,4
142162_at,BECKSTPREPU04HR,Development,W1118,Prepupae,0,1.1408,4
142163_s_at,BECKSTPREPU04HR,Development,W1118,Prepupae,0,1.0302,4
142164_at,BECKSTPREPU04HR,Development,W1118,Prepupae,0,1.1002,4
142165_at,BECKSTPREPU04HR,Development,W1118,Prepupae,-1,0.658,4
142166_at,BECKSTPREPU04HR,Development,W1118,Prepupae,0,1.1603,4
142167_at,BECKSTPREPU04HR,Development,W1118,Prepupae,0,0.9835,4
142168_at,BECKSTPREPU04HR,Development,W1118,Prepupae,-1,0.5127,4
142169_at,BECKSTPREPU04HR,Development,W1118,Prepupae,0,1.1465,4
142170_at,BECKSTPREPU04HR,Development,W1118,Prepupae,-1,0.5807,4
142171_at,BECKSTPREPU04HR,Development,W1118,Prepupae,1,1.224,4
142172_at,BECKSTPREPU04HR,Development,W1118,Prepupae,0,0.8996,4
142173_s_at,BECKSTPREPU04HR,Development,W1118,Prepupae,-1,0.7038,4
142174_at,BECKSTPREPU04HR,Development,W1118,Prepupae,0,1.0465,4
142175_at,BECKSTPREPU04HR,Development,W1118,Prepupae,0,0.9331,4
142176_at,BECKSTPREPU04HR,Development,W1118,Prepupae,0,1.1106,4
142177_at,BECKSTPREPU04HR,Development,W1118,Prepupae,1,1.2238,4
142178_at,BECKSTPREPU04HR,Development,W1118,Prepupae,1,1.4906,4
142179_s_at,BECKSTPREPU04HR,Development,W1118,Prepupae,0,0.969,4
142180_at,BECKSTPREPU04HR,Development,W1118,Prepupae,-1,0.7508,4
142181_at,BECKSTPREPU04HR,Development,W1118,Prepupae,1,1.5056,4
142182_s_at,BECKSTPREPU04HR,Development,W1118,Prepupae,0,1.0306,4
142183_at,BECKSTPREPU04HR,Development,W1118,Prepupae,0,1.1111,4
142184_at,BECKSTPREPU04HR,Development,W1118,Prepupae,0,1.1819,4
142185_at,BECKSTPREPU04HR,Development,W1118,Prepupae,0,1.0305,4
142186_at,BECKSTPREPU04HR,Development,W1118,Prepupae,0,0.8651,4
142187_at,BECKSTPREPU04HR,Development,W1118,Prepupae,0,1.0807,4
142188_at,BECKSTPREPU04HR,Development,W1118,Prepupae,1,1.301,4
142189_at,BECKSTPREPU04HR,Development,W1118,Prepupae,1,1.5087,4
142190_at,BECKSTPREPU04HR,Development,W1118,Prepupae,1,2.0352,4
142191_at,BECKSTPREPU04HR,Development,W1118,Prepupae,1,1.2359,4
142192_at,BECKSTPREPU04HR,Development,W1118,Prepupae,-1,0.6395,4
142193_at,BECKSTPREPU04HR,Development,W1118,Prepupae,0,1.056,4
142194_at,BECKSTPREPU04HR,Development,W1118,Prepupae,0,1.1628,4
142195_at,BECKSTPREPU04HR,Development,W1118,Prepupae,-1,0.6529,4
142196_at,BECKSTPREPU04HR,Development,W1118,Prepupae,1,1.5181,4
142197_at,BECKSTPREPU04HR,Development,W1118,Prepupae,0,1.0442,4
142198_at,BECKSTPREPU04HR,Development,W1118,Prepupae,0,0.851,4
142199_at,BECKSTPREPU04HR,Development,W1118,Prepupae,0,1.1441,4
142200_at,BECKSTPREPU04HR,Development,W1118,Prepupae,-1,0.7618,4
142201_at,BECKSTPREPU04HR,Development,W1118,Prepupae,1,1.5772,4
142202_at,BECKSTPREPU04HR,Development,W1118,Prepupae,1,1.3101,4
142203_at,BECKSTPREPU04HR,Development,W1118,Prepupae,0,1.0815,4
142204_at,BECKSTPREPU04HR,Development,W1118,Prepupae,1,2.0312,4
142205_at,BECKSTPREPU04HR,Development,W1118,Prepupae,1,1.2571,4
142206_s_at,BECKSTPREPU04HR,Development,W1118,Prepupae,0,0.9066,4
142207_at,BECKSTPREPU04HR,Development,W1118,Prepupae,-1,0.7318,4
142208_at,BECKSTPREPU04HR,Development,W1118,Prepupae,0,0.9651,4
142209_at,BECKSTPREPU04HR,Development,W1118,Prepupae,0,1.0141,4
142210_at,BECKSTPREPU04HR,Development,W1118,Prepupae,1,1.4763,4
142211_at,BECKSTPREPU04HR,Development,W1118,Prepupae,1,1.3537,4
142212_at,BECKSTPREPU04HR,Development,W1118,Prepupae,-1,0.5169,4
142213_at,BECKSTPREPU04HR,Development,W1118,Prepupae,0,0.8403,4
142214_at,BECKSTPREPU04HR,Development,W1118,Prepupae,1,1.5516,4
142215_at,BECKSTPREPU04HR,Development,W1118,Prepupae,0,1.0059,4
142216_at,BECKSTPREPU04HR,Development,W1118,Prepupae,1,1.2736,4
142217_at,BECKSTPREPU04HR,Development,W1118,Prepupae,0,0.8709,4
142218_at,BECKSTPREPU04HR,Development,W1118,Prepupae,0,1.0491,4
142219_at,BECKSTPREPU04HR,Development,W1118,Prepupae,-1,0.7943,4
142220_at,BECKSTPREPU04HR,Development,W1118,Prepupae,1,1.2417,4
142221_at,BECKSTPREPU04HR,Development,W1118,Prepupae,0,1.1074,4
142222_at,BECKSTPREPU04HR,Development,W1118,Prepupae,0,0.8031,4
142223_at,BECKSTPREPU04HR,Development,W1118,Prepupae,0,0.9278,4
142224_at,BECKSTPREPU04HR,Development,W1118,Prepupae,0,0.9271,4
142225_at,BECKSTPREPU04HR,Development,W1118,Prepupae,1,1.266,4
142226_at,BECKSTPREPU04HR,Development,W1118,Prepupae,0,0.9234,4
142227_at,BECKSTPREPU04HR,Development,W1118,Prepupae,0,1.193,4
142228_at,BECKSTPREPU04HR,Development,W1118,Prepupae,1,1.4546,4
142229_at,BECKSTPREPU04HR,Development,W1118,Prepupae,0,0.9867,4
142230_at,BECKSTPREPU04HR,Development,W1118,Prepupae,0,0.9685,4
142231_at,BECKSTPREPU04HR,Development,W1118,Prepupae,1,1.5644,4
142232_at,BECKSTPREPU04HR,Development,W1118,Prepupae,1,1.2363,4
142233_at,BECKSTPREPU04HR,Development,W1118,Prepupae,0,1.0113,4
142234_at,BECKSTPREPU04HR,Development,W1118,Prepupae,0,0.9913,4
142235_at,BECKSTPREPU04HR,Development,W1118,Prepupae,0,0.9586,4
142236_at,BECKSTPREPU04HR,Development,W1118,Prepupae,1,1.9742,4
142237_at,BECKSTPREPU04HR,Development,W1118,Prepupae,-1,0.7807,4
142238_at,BECKSTPREPU04HR,Development,W1118,Prepupae,1,1.3366,4
142239_at,BECKSTPREPU04HR,Development,W1118,Prepupae,0,1.0828,4
142240_at,BECKSTPREPU04HR,Development,W1118,Prepupae,0,0.9225,4
142241_at,BECKSTPREPU04HR,Development,W1118,Prepupae,-1,0.7976,4
142242_at,BECKSTPREPU04HR,Development,W1118,Prepupae,1,1.5402,4
142243_at,BECKSTPREPU04HR,Development,W1118,Prepupae,0,1.0365,4
142244_at,BECKSTPREPU04HR,Development,W1118,Prepupae,1,2.2057,4
142245_at,BECKSTPREPU04HR,Development,W1118,Prepupae,0,0.8306,4
142246_at,BECKSTPREPU04HR,Development,W1118,Prepupae,1,1.3967,4
142247_r_at,BECKSTPREPU04HR,Development,W1118,Prepupae,-1,0.7619,4
142248_at,BECKSTPREPU04HR,Development,W1118,Prepupae,0,0.8948,4
142249_at,BECKSTPREPU04HR,Development,W1118,Prepupae,1,1.281,4
142250_at,BECKSTPREPU04HR,Development,W1118,Prepupae,-1,0.6965,4
142251_at,BECKSTPREPU04HR,Development,W1118,Prepupae,-1,0.7228,4
142252_at,BECKSTPREPU04HR,Development,W1118,Prepupae,0,0.9726,4
142253_at,BECKSTPREPU04HR,Development,W1118,Prepupae,1,1.6028,4
142254_at,BECKSTPREPU04HR,Development,W1118,Prepupae,1,1.3222,4
142255_at,BECKSTPREPU04HR,Development,W1118,Prepupae,0,1.0594,4
142256_at,BECKSTPREPU04HR,Development,W1118,Prepupae,1,1.322,4
142257_at,BECKSTPREPU04HR,Development,W1118,Prepupae,1,1.4027,4
142258_at,BECKSTPREPU04HR,Development,W1118,Prepupae,1,1.6327,4
142259_at,BECKSTPREPU04HR,Development,W1118,Prepupae,1,1.3056,4
142260_at,BECKSTPREPU04HR,Development,W1118,Prepupae,1,1.259,4
142261_at,BECKSTPREPU04HR,Development,W1118,Prepupae,1,1.5983,4
142262_at,BECKSTPREPU04HR,Development,W1118,Prepupae,0,1.0933,4
142263_at,BECKSTPREPU04HR,Development,W1118,Prepupae,0,1.0117,4
142264_at,BECKSTPREPU04HR,Development,W1118,Prepupae,1,1.8096,4
142265_at,BECKSTPREPU04HR,Development,W1118,Prepupae,1,1.729,4
142266_at,BECKSTPREPU04HR,Development,W1118,Prepupae,0,0.9299,4
142267_at,BECKSTPREPU04HR,Development,W1118,Prepupae,1,1.5216,4
142268_at,BECKSTPREPU04HR,Development,W1118,Prepupae,1,1.2746,4
142269_at,BECKSTPREPU04HR,Development,W1118,Prepupae,0,0.869,4
142270_at,BECKSTPREPU04HR,Development,W1118,Prepupae,0,1.0516,4
142271_at,BECKSTPREPU04HR,Development,W1118,Prepupae,1,1.5897,4
142272_at,BECKSTPREPU04HR,Development,W1118,Prepupae,1,1.3716,4
142273_at,BECKSTPREPU04HR,Development,W1118,Prepupae,0,1.0793,4
142274_at,BECKSTPREPU04HR,Development,W1118,Prepupae,0,1.0346,4
142275_at,BECKSTPREPU04HR,Development,W1118,Prepupae,0,1.0629,4
142276_at,BECKSTPREPU04HR,Development,W1118,Prepupae,-1,0.7293,4
142277_at,BECKSTPREPU04HR,Development,W1118,Prepupae,1,1.2266,4
142278_at,BECKSTPREPU04HR,Development,W1118,Prepupae,1,1.4096,4
142279_at,BECKSTPREPU04HR,Development,W1118,Prepupae,0,1.043,4
142280_at,BECKSTPREPU04HR,Development,W1118,Prepupae,0,0.9327,4
142281_at,BECKSTPREPU04HR,Development,W1118,Prepupae,1,1.409,4
142282_at,BECKSTPREPU04HR,Development,W1118,Prepupae,0,1.1039,4
142283_at,BECKSTPREPU04HR,Development,W1118,Prepupae,-1,0.5459,4
142284_at,BECKSTPREPU04HR,Development,W1118,Prepupae,-1,0.3755,4
142285_at,BECKSTPREPU04HR,Development,W1118,Prepupae,0,0.9122,4
142286_at,BECKSTPREPU04HR,Development,W1118,Prepupae,0,1.0444,4
142287_at,BECKSTPREPU04HR,Development,W1118,Prepupae,0,0.9887,4
142288_at,BECKSTPREPU04HR,Development,W1118,Prepupae,1,1.673,4
142289_i_at,BECKSTPREPU04HR,Development,W1118,Prepupae,1,1.4606,4
142290_r_at,BECKSTPREPU04HR,Development,W1118,Prepupae,1,1.2261,4
142291_at,BECKSTPREPU04HR,Development,W1118,Prepupae,1,1.5786,4
142292_at,BECKSTPREPU04HR,Development,W1118,Prepupae,1,1.2133,4
142293_at,BECKSTPREPU04HR,Development,W1118,Prepupae,0,0.9287,4
142294_at,BECKSTPREPU04HR,Development,W1118,Prepupae,-1,0.7952,4
142295_at,BECKSTPREPU04HR,Development,W1118,Prepupae,0,0.8732,4
142296_at,BECKSTPREPU04HR,Development,W1118,Prepupae,-1,0.7368,4
142297_at,BECKSTPREPU04HR,Development,W1118,Prepupae,0,0.9527,4
142298_at,BECKSTPREPU04HR,Development,W1118,Prepupae,-1,0.7482,4
142299_at,BECKSTPREPU04HR,Development,W1118,Prepupae,0,1.0978,4
142300_at,BECKSTPREPU04HR,Development,W1118,Prepupae,-1,0.76,4
142301_s_at,BECKSTPREPU04HR,Development,W1118,Prepupae,0,0.8232,4
142302_at,BECKSTPREPU04HR,Development,W1118,Prepupae,1,1.2553,4
142303_at,BECKSTPREPU04HR,Development,W1118,Prepupae,0,1.0245,4
142304_at,BECKSTPREPU04HR,Development,W1118,Prepupae,0,1.0311,4
142305_at,BECKSTPREPU04HR,Development,W1118,Prepupae,1,1.3397,4
142306_at,BECKSTPREPU04HR,Development,W1118,Prepupae,1,1.7897,4
142307_at,BECKSTPREPU04HR,Development,W1118,Prepupae,0,1.0738,4
142308_at,BECKSTPREPU04HR,Development,W1118,Prepupae,0,1.0375,4
142309_at,BECKSTPREPU04HR,Development,W1118,Prepupae,-1,0.6475,4
142310_at,BECKSTPREPU04HR,Development,W1118,Prepupae,0,0.8358,4
142311_at,BECKSTPREPU04HR,Development,W1118,Prepupae,0,1.0556,4
142312_at,BECKSTPREPU04HR,Development,W1118,Prepupae,1,1.4001,4
142313_at,BECKSTPREPU04HR,Development,W1118,Prepupae,0,1.1887,4
142314_at,BECKSTPREPU04HR,Development,W1118,Prepupae,-1,0.7438,4
142315_at,BECKSTPREPU04HR,Development,W1118,Prepupae,1,1.2074,4
142316_at,BECKSTPREPU04HR,Development,W1118,Prepupae,1,1.4886,4
142317_at,BECKSTPREPU04HR,Development,W1118,Prepupae,0,1.0965,4
142318_at,BECKSTPREPU04HR,Development,W1118,Prepupae,-1,0.7039,4
142319_at,BECKSTPREPU04HR,Development,W1118,Prepupae,0,0.9527,4
142320_at,BECKSTPREPU04HR,Development,W1118,Prepupae,0,1.0335,4
142321_at,BECKSTPREPU04HR,Development,W1118,Prepupae,0,0.8294,4
142322_at,BECKSTPREPU04HR,Development,W1118,Prepupae,0,1.0998,4
142323_at,BECKSTPREPU04HR,Development,W1118,Prepupae,0,0.8089,4
142324_at,BECKSTPREPU04HR,Development,W1118,Prepupae,0,0.879,4
142325_at,BECKSTPREPU04HR,Development,W1118,Prepupae,0,0.8622,4
142326_at,BECKSTPREPU04HR,Development,W1118,Prepupae,0,1.1327,4
142327_at,BECKSTPREPU04HR,Development,W1118,Prepupae,1,1.351,4
142328_at,BECKSTPREPU04HR,Development,W1118,Prepupae,0,1.0014,4
142329_at,BECKSTPREPU04HR,Development,W1118,Prepupae,0,1.0337,4
142330_at,BECKSTPREPU04HR,Development,W1118,Prepupae,-1,0.7103,4
142331_i_at,BECKSTPREPU04HR,Development,W1118,Prepupae,0,0.8152,4
142332_f_at,BECKSTPREPU04HR,Development,W1118,Prepupae,0,1.0159,4
142333_at,BECKSTPREPU04HR,Development,W1118,Prepupae,1,1.289,4
142334_at,BECKSTPREPU04HR,Development,W1118,Prepupae,1,1.3215,4
142335_at,BECKSTPREPU04HR,Development,W1118,Prepupae,0,1.0113,4
142336_at,BECKSTPREPU04HR,Development,W1118,Prepupae,0,1.1926,4
142337_at,BECKSTPREPU04HR,Development,W1118,Prepupae,0,0.9795,4
142338_at,BECKSTPREPU04HR,Development,W1118,Prepupae,0,1.1032,4
142339_at,BECKSTPREPU04HR,Development,W1118,Prepupae,0,1.074,4
142340_at,BECKSTPREPU04HR,Development,W1118,Prepupae,1,1.4777,4
142341_at,BECKSTPREPU04HR,Development,W1118,Prepupae,0,1.1475,4
142342_at,BECKSTPREPU04HR,Development,W1118,Prepupae,0,1.1308,4
142343_at,BECKSTPREPU04HR,Development,W1118,Prepupae,0,0.9171,4
142344_at,BECKSTPREPU04HR,Development,W1118,Prepupae,0,1.039,4
142345_at,BECKSTPREPU04HR,Development,W1118,Prepupae,1,1.2877,4
142346_at,BECKSTPREPU04HR,Development,W1118,Prepupae,1,1.4467,4
142347_at,BECKSTPREPU04HR,Development,W1118,Prepupae,1,1.2788,4
142348_at,BECKSTPREPU04HR,Development,W1118,Prepupae,1,1.2355,4
142349_at,BECKSTPREPU04HR,Development,W1118,Prepupae,0,0.823,4
142350_at,BECKSTPREPU04HR,Development,W1118,Prepupae,1,1.2381,4
142351_at,BECKSTPREPU04HR,Development,W1118,Prepupae,1,1.3615,4
142352_at,BECKSTPREPU04HR,Development,W1118,Prepupae,1,1.2274,4
142353_at,BECKSTPREPU04HR,Development,W1118,Prepupae,0,0.8702,4
142354_at,BECKSTPREPU04HR,Development,W1118,Prepupae,0,0.9119,4
142355_at,BECKSTPREPU04HR,Development,W1118,Prepupae,0,0.9442,4
142356_at,BECKSTPREPU04HR,Development,W1118,Prepupae,0,0.9316,4
142357_at,BECKSTPREPU04HR,Development,W1118,Prepupae,0,0.9333,4
142358_at,BECKSTPREPU04HR,Development,W1118,Prepupae,0,0.959,4
142359_at,BECKSTPREPU04HR,Development,W1118,Prepupae,1,1.3144,4
142360_at,BECKSTPREPU04HR,Development,W1118,Prepupae,0,0.8505,4
142361_at,BECKSTPREPU04HR,Development,W1118,Prepupae,0,0.9964,4
142362_at,BECKSTPREPU04HR,Development,W1118,Prepupae,1,1.4966,4
142363_at,BECKSTPREPU04HR,Development,W1118,Prepupae,0,0.8537,4
142364_at,BECKSTPREPU04HR,Development,W1118,Prepupae,1,1.2626,4
142365_at,BECKSTPREPU04HR,Development,W1118,Prepupae,1,1.273,4
142366_at,BECKSTPREPU04HR,Development,W1118,Prepupae,1,1.5749,4
142367_at,BECKSTPREPU04HR,Development,W1118,Prepupae,1,1.9455,4
142368_at,BECKSTPREPU04HR,Development,W1118,Prepupae,0,0.9789,4
142369_at,BECKSTPREPU04HR,Development,W1118,Prepupae,1,1.6438,4
142370_at,BECKSTPREPU04HR,Development,W1118,Prepupae,1,1.4011,4
142371_at,BECKSTPREPU04HR,Development,W1118,Prepupae,0,1.0716,4
142372_at,BECKSTPREPU04HR,Development,W1118,Prepupae,0,0.9077,4
142373_at,BECKSTPREPU04HR,Development,W1118,Prepupae,1,1.4451,4
142374_at,BECKSTPREPU04HR,Development,W1118,Prepupae,0,0.9275,4
142375_at,BECKSTPREPU04HR,Development,W1118,Prepupae,-1,0.7364,4
142376_at,BECKSTPREPU04HR,Development,W1118,Prepupae,1,1.4753,4
142377_at,BECKSTPREPU04HR,Development,W1118,Prepupae,0,0.9263,4
142378_at,BECKSTPREPU04HR,Development,W1118,Prepupae,0,0.8747,4
142379_s_at,BECKSTPREPU04HR,Development,W1118,Prepupae,1,1.3755,4
142380_at,BECKSTPREPU04HR,Development,W1118,Prepupae,0,0.8994,4
142381_at,BECKSTPREPU04HR,Development,W1118,Prepupae,0,0.8865,4
142382_at,BECKSTPREPU04HR,Development,W1118,Prepupae,0,1.0001,4
142383_at,BECKSTPREPU04HR,Development,W1118,Prepupae,0,0.9603,4
142384_at,BECKSTPREPU04HR,Development,W1118,Prepupae,0,1.0639,4
142385_at,BECKSTPREPU04HR,Development,W1118,Prepupae,0,0.9443,4
142386_at,BECKSTPREPU04HR,Development,W1118,Prepupae,0,1.1234,4
142387_at,BECKSTPREPU04HR,Development,W1118,Prepupae,1,1.3548,4
142388_at,BECKSTPREPU04HR,Development,W1118,Prepupae,0,1.0907,4
142389_at,BECKSTPREPU04HR,Development,W1118,Prepupae,0,0.888,4
142390_at,BECKSTPREPU04HR,Development,W1118,Prepupae,0,0.959,4
142391_at,BECKSTPREPU04HR,Development,W1118,Prepupae,0,0.9835,4
142392_at,BECKSTPREPU04HR,Development,W1118,Prepupae,0,0.8391,4
142393_at,BECKSTPREPU04HR,Development,W1118,Prepupae,0,1.16,4
142394_at,BECKSTPREPU04HR,Development,W1118,Prepupae,0,1.0555,4
142395_at,BECKSTPREPU04HR,Development,W1118,Prepupae,1,1.4985,4
142396_at,BECKSTPREPU04HR,Development,W1118,Prepupae,0,0.9789,4
142397_at,BECKSTPREPU04HR,Development,W1118,Prepupae,1,1.2406,4
142398_at,BECKSTPREPU04HR,Development,W1118,Prepupae,1,1.3733,4
142399_at,BECKSTPREPU04HR,Development,W1118,Prepupae,0,1.1239,4
142400_at,BECKSTPREPU04HR,Development,W1118,Prepupae,1,1.7892,4
142401_at,BECKSTPREPU04HR,Development,W1118,Prepupae,0,1.1483,4
142402_at,BECKSTPREPU04HR,Development,W1118,Prepupae,1,1.6026,4
142403_at,BECKSTPREPU04HR,Development,W1118,Prepupae,0,1.1016,4
142404_s_at,BECKSTPREPU04HR,Development,W1118,Prepupae,1,1.2408,4
142405_at,BECKSTPREPU04HR,Development,W1118,Prepupae,0,0.9426,4
142406_at,BECKSTPREPU04HR,Development,W1118,Prepupae,0,1.1522,4
142407_at,BECKSTPREPU04HR,Development,W1118,Prepupae,1,1.2199,4
142408_at,BECKSTPREPU04HR,Development,W1118,Prepupae,0,0.9345,4
142409_at,BECKSTPREPU04HR,Development,W1118,Prepupae,1,2.0685,4
142410_at,BECKSTPREPU04HR,Development,W1118,Prepupae,1,1.4559,4
142411_at,BECKSTPREPU04HR,Development,W1118,Prepupae,1,2.8071,4
142412_at,BECKSTPREPU04HR,Development,W1118,Prepupae,1,1.7092,4
142413_at,BECKSTPREPU04HR,Development,W1118,Prepupae,0,0.9593,4
142414_at,BECKSTPREPU04HR,Development,W1118,Prepupae,0,0.827,4
142415_at,BECKSTPREPU04HR,Development,W1118,Prepupae,-1,0.3637,4
142416_at,BECKSTPREPU04HR,Development,W1118,Prepupae,0,0.8904,4
142417_at,BECKSTPREPU04HR,Development,W1118,Prepupae,1,4.7447,4
142418_at,BECKSTPREPU04HR,Development,W1118,Prepupae,1,1.251,4
142419_at,BECKSTPREPU04HR,Development,W1118,Prepupae,1,1.624,4
142420_at,BECKSTPREPU04HR,Development,W1118,Prepupae,0,0.9528,4
142421_at,BECKSTPREPU04HR,Development,W1118,Prepupae,1,1.2296,4
142422_at,BECKSTPREPU04HR,Development,W1118,Prepupae,0,1.0477,4
142423_at,BECKSTPREPU04HR,Development,W1118,Prepupae,0,0.8322,4
142424_at,BECKSTPREPU04HR,Development,W1118,Prepupae,1,1.2382,4
142425_at,BECKSTPREPU04HR,Development,W1118,Prepupae,0,1.0147,4
142426_at,BECKSTPREPU04HR,Development,W1118,Prepupae,0,0.8385,4
142427_at,BECKSTPREPU04HR,Development,W1118,Prepupae,-1,0.7844,4
142428_at,BECKSTPREPU04HR,Development,W1118,Prepupae,0,1.064,4
142429_at,BECKSTPREPU04HR,Development,W1118,Prepupae,1,1.277,4
142430_at,BECKSTPREPU04HR,Development,W1118,Prepupae,-1,0.7646,4
142431_at,BECKSTPREPU04HR,Development,W1118,Prepupae,-1,0.6921,4
142432_at,BECKSTPREPU04HR,Development,W1118,Prepupae,0,1.1413,4
142433_at,BECKSTPREPU04HR,Development,W1118,Prepupae,0,0.8239,4
142434_at,BECKSTPREPU04HR,Development,W1118,Prepupae,-1,0.7371,4
142435_at,BECKSTPREPU04HR,Development,W1118,Prepupae,0,0.8595,4
142436_at,BECKSTPREPU04HR,Development,W1118,Prepupae,1,1.3082,4
142437_at,BECKSTPREPU04HR,Development,W1118,Prepupae,0,0.9534,4
142438_at,BECKSTPREPU04HR,Development,W1118,Prepupae,0,0.8644,4
142439_at,BECKSTPREPU04HR,Development,W1118,Prepupae,1,1.245,4
142440_at,BECKSTPREPU04HR,Development,W1118,Prepupae,0,1.1942,4
142441_at,BECKSTPREPU04HR,Development,W1118,Prepupae,-1,0.7427,4
142442_at,BECKSTPREPU04HR,Development,W1118,Prepupae,0,0.9757,4
142443_at,BECKSTPREPU04HR,Development,W1118,Prepupae,0,1.0449,4
142444_at,BECKSTPREPU04HR,Development,W1118,Prepupae,0,1.0768,4
142445_at,BECKSTPREPU04HR,Development,W1118,Prepupae,0,0.9917,4
142446_at,BECKSTPREPU04HR,Development,W1118,Prepupae,0,1.1605,4
142447_at,BECKSTPREPU04HR,Development,W1118,Prepupae,0,0.848,4
142448_at,BECKSTPREPU04HR,Development,W1118,Prepupae,0,1.1266,4
142449_at,BECKSTPREPU04HR,Development,W1118,Prepupae,-1,0.7623,4
142450_at,BECKSTPREPU04HR,Development,W1118,Prepupae,0,0.8584,4
142451_at,BECKSTPREPU04HR,Development,W1118,Prepupae,-1,0.7431,4
142452_at,BECKSTPREPU04HR,Development,W1118,Prepupae,0,1.0826,4
142453_at,BECKSTPREPU04HR,Development,W1118,Prepupae,0,0.9024,4
142454_at,BECKSTPREPU04HR,Development,W1118,Prepupae,0,1.0035,4
142455_at,BECKSTPREPU04HR,Development,W1118,Prepupae,-1,0.2663,4
142456_at,BECKSTPREPU04HR,Development,W1118,Prepupae,0,1.0483,4
142457_at,BECKSTPREPU04HR,Development,W1118,Prepupae,0,0.922,4
142458_at,BECKSTPREPU04HR,Development,W1118,Prepupae,1,1.2858,4
142459_at,BECKSTPREPU04HR,Development,W1118,Prepupae,-1,0.7244,4
142460_at,BECKSTPREPU04HR,Development,W1118,Prepupae,1,1.3242,4
142461_at,BECKSTPREPU04HR,Development,W1118,Prepupae,1,1.7996,4
142462_at,BECKSTPREPU04HR,Development,W1118,Prepupae,0,1.0739,4
142463_at,BECKSTPREPU04HR,Development,W1118,Prepupae,1,1.5005,4
142464_at,BECKSTPREPU04HR,Development,W1118,Prepupae,0,1.1335,4
142465_at,BECKSTPREPU04HR,Development,W1118,Prepupae,0,1.0809,4
142466_at,BECKSTPREPU04HR,Development,W1118,Prepupae,-1,0.7504,4
142467_at,BECKSTPREPU04HR,Development,W1118,Prepupae,-1,0.6642,4
142468_at,BECKSTPREPU04HR,Development,W1118,Prepupae,0,0.9973,4
142469_at,BECKSTPREPU04HR,Development,W1118,Prepupae,1,1.2534,4
142470_s_at,BECKSTPREPU04HR,Development,W1118,Prepupae,0,0.8871,4
142471_r_at,BECKSTPREPU04HR,Development,W1118,Prepupae,0,1.0389,4
142472_at,BECKSTPREPU04HR,Development,W1118,Prepupae,0,1.0021,4
142473_at,BECKSTPREPU04HR,Development,W1118,Prepupae,1,1.325,4
142474_at,BECKSTPREPU04HR,Development,W1118,Prepupae,1,1.3627,4
142475_at,BECKSTPREPU04HR,Development,W1118,Prepupae,0,0.9769,4
142476_at,BECKSTPREPU04HR,Development,W1118,Prepupae,0,1.1009,4
142477_at,BECKSTPREPU04HR,Development,W1118,Prepupae,0,1.0662,4
142478_at,BECKSTPREPU04HR,Development,W1118,Prepupae,0,0.8607,4
142479_at,BECKSTPREPU04HR,Development,W1118,Prepupae,1,1.2858,4
142480_at,BECKSTPREPU04HR,Development,W1118,Prepupae,0,1.0575,4
142481_at,BECKSTPREPU04HR,Development,W1118,Prepupae,0,0.8037,4
142482_at,BECKSTPREPU04HR,Development,W1118,Prepupae,0,0.8613,4
142483_at,BECKSTPREPU04HR,Development,W1118,Prepupae,1,1.2026,4
142484_at,BECKSTPREPU04HR,Development,W1118,Prepupae,-1,0.7625,4
142485_at,BECKSTPREPU04HR,Development,W1118,Prepupae,0,1.1282,4
142486_at,BECKSTPREPU04HR,Development,W1118,Prepupae,1,1.2177,4
142487_s_at,BECKSTPREPU04HR,Development,W1118,Prepupae,0,0.8809,4
142488_s_at,BECKSTPREPU04HR,Development,W1118,Prepupae,0,1.0214,4
142489_at,BECKSTPREPU04HR,Development,W1118,Prepupae,0,1.158,4
142490_at,BECKSTPREPU04HR,Development,W1118,Prepupae,-1,0.2233,4
142491_at,BECKSTPREPU04HR,Development,W1118,Prepupae,0,0.8957,4
142492_at,BECKSTPREPU04HR,Development,W1118,Prepupae,-1,0.5536,4
142493_at,BECKSTPREPU04HR,Development,W1118,Prepupae,0,1.1411,4
142494_at,BECKSTPREPU04HR,Development,W1118,Prepupae,0,1.0254,4
142495_at,BECKSTPREPU04HR,Development,W1118,Prepupae,-1,0.7987,4
142496_at,BECKSTPREPU04HR,Development,W1118,Prepupae,1,2.3175,4
142497_at,BECKSTPREPU04HR,Development,W1118,Prepupae,1,1.6559,4
142498_at,BECKSTPREPU04HR,Development,W1118,Prepupae,-1,0.763,4
142499_at,BECKSTPREPU04HR,Development,W1118,Prepupae,0,1.0734,4
142500_at,BECKSTPREPU04HR,Development,W1118,Prepupae,1,2.6544,4
142501_at,BECKSTPREPU04HR,Development,W1118,Prepupae,1,1.2438,4
142502_at,BECKSTPREPU04HR,Development,W1118,Prepupae,1,1.5161,4
142503_at,BECKSTPREPU04HR,Development,W1118,Prepupae,0,1.1174,4
142504_s_at,BECKSTPREPU04HR,Development,W1118,Prepupae,0,0.9192,4
142505_at,BECKSTPREPU04HR,Development,W1118,Prepupae,0,0.8928,4
142506_at,BECKSTPREPU04HR,Development,W1118,Prepupae,0,1.0504,4
142507_s_at,BECKSTPREPU04HR,Development,W1118,Prepupae,0,0.8874,4
142508_at,BECKSTPREPU04HR,Development,W1118,Prepupae,0,0.8856,4
142509_at,BECKSTPREPU04HR,Development,W1118,Prepupae,0,0.9967,4
142510_at,BECKSTPREPU04HR,Development,W1118,Prepupae,0,0.9489,4
142511_at,BECKSTPREPU04HR,Development,W1118,Prepupae,0,1.0112,4
142512_at,BECKSTPREPU04HR,Development,W1118,Prepupae,-1,0.7944,4
142513_at,BECKSTPREPU04HR,Development,W1118,Prepupae,0,0.9587,4
142514_at,BECKSTPREPU04HR,Development,W1118,Prepupae,-1,0.6456,4
142515_at,BECKSTPREPU04HR,Development,W1118,Prepupae,1,1.4079,4
142516_at,BECKSTPREPU04HR,Development,W1118,Prepupae,0,0.8231,4
142517_at,BECKSTPREPU04HR,Development,W1118,Prepupae,0,0.8894,4
142518_at,BECKSTPREPU04HR,Development,W1118,Prepupae,0,1.1758,4
142519_at,BECKSTPREPU04HR,Development,W1118,Prepupae,0,1.1679,4
142520_at,BECKSTPREPU04HR,Development,W1118,Prepupae,0,1.0907,4
142521_at,BECKSTPREPU04HR,Development,W1118,Prepupae,0,1.0601,4
142522_at,BECKSTPREPU04HR,Development,W1118,Prepupae,0,1.0647,4
142523_at,BECKSTPREPU04HR,Development,W1118,Prepupae,1,1.2603,4
142524_at,BECKSTPREPU04HR,Development,W1118,Prepupae,0,1.0342,4
142525_at,BECKSTPREPU04HR,Development,W1118,Prepupae,0,0.8672,4
142526_at,BECKSTPREPU04HR,Development,W1118,Prepupae,-1,0.7945,4
142527_at,BECKSTPREPU04HR,Development,W1118,Prepupae,-1,0.7693,4
142528_at,BECKSTPREPU04HR,Development,W1118,Prepupae,1,1.2454,4
142529_s_at,BECKSTPREPU04HR,Development,W1118,Prepupae,-1,0.771,4
142530_at,BECKSTPREPU04HR,Development,W1118,Prepupae,0,1.1723,4
142531_at,BECKSTPREPU04HR,Development,W1118,Prepupae,0,0.9756,4
142532_at,BECKSTPREPU04HR,Development,W1118,Prepupae,0,0.8069,4
142533_at,BECKSTPREPU04HR,Development,W1118,Prepupae,0,1.1892,4
142534_at,BECKSTPREPU04HR,Development,W1118,Prepupae,-1,0.7187,4
142535_at,BECKSTPREPU04HR,Development,W1118,Prepupae,1,1.4134,4
142536_at,BECKSTPREPU04HR,Development,W1118,Prepupae,0,1.0249,4
142537_at,BECKSTPREPU04HR,Development,W1118,Prepupae,1,1.5219,4
142538_at,BECKSTPREPU04HR,Development,W1118,Prepupae,0,1.0557,4
142539_at,BECKSTPREPU04HR,Development,W1118,Prepupae,0,1.0653,4
142540_at,BECKSTPREPU04HR,Development,W1118,Prepupae,-1,0.3837,4
142541_at,BECKSTPREPU04HR,Development,W1118,Prepupae,0,0.8906,4
142542_at,BECKSTPREPU04HR,Development,W1118,Prepupae,0,1.0312,4
142543_at,BECKSTPREPU04HR,Development,W1118,Prepupae,1,1.4996,4
142544_at,BECKSTPREPU04HR,Development,W1118,Prepupae,0,1.0508,4
142545_at,BECKSTPREPU04HR,Development,W1118,Prepupae,-1,0.6964,4
142546_at,BECKSTPREPU04HR,Development,W1118,Prepupae,-1,0.7157,4
142547_at,BECKSTPREPU04HR,Development,W1118,Prepupae,0,1.0318,4
142548_at,BECKSTPREPU04HR,Development,W1118,Prepupae,0,0.9637,4
142549_at,BECKSTPREPU04HR,Development,W1118,Prepupae,0,1.1893,4
142550_at,BECKSTPREPU04HR,Development,W1118,Prepupae,1,1.3798,4
142551_at,BECKSTPREPU04HR,Development,W1118,Prepupae,0,1.1684,4
142552_at,BECKSTPREPU04HR,Development,W1118,Prepupae,1,1.4348,4
142553_at,BECKSTPREPU04HR,Development,W1118,Prepupae,-1,0.5945,4
142554_at,BECKSTPREPU04HR,Development,W1118,Prepupae,-1,0.744,4
142555_at,BECKSTPREPU04HR,Development,W1118,Prepupae,1,1.4784,4
142556_at,BECKSTPREPU04HR,Development,W1118,Prepupae,0,0.8291,4
142557_at,BECKSTPREPU04HR,Development,W1118,Prepupae,-1,0.7382,4
142558_s_at,BECKSTPREPU04HR,Development,W1118,Prepupae,-1,0.7771,4
142559_at,BECKSTPREPU04HR,Development,W1118,Prepupae,0,1.1669,4
142560_at,BECKSTPREPU04HR,Development,W1118,Prepupae,0,0.9789,4
142561_at,BECKSTPREPU04HR,Development,W1118,Prepupae,0,1.1315,4
142562_at,BECKSTPREPU04HR,Development,W1118,Prepupae,-1,0.599,4
142563_at,BECKSTPREPU04HR,Development,W1118,Prepupae,-1,0.6574,4
142564_at,BECKSTPREPU04HR,Development,W1118,Prepupae,1,1.3383,4
142565_at,BECKSTPREPU04HR,Development,W1118,Prepupae,0,0.8873,4
142566_at,BECKSTPREPU04HR,Development,W1118,Prepupae,0,0.9154,4
142567_at,BECKSTPREPU04HR,Development,W1118,Prepupae,0,1.0184,4
142568_at,BECKSTPREPU04HR,Development,W1118,Prepupae,0,0.9117,4
142569_at,BECKSTPREPU04HR,Development,W1118,Prepupae,-1,0.417,4
142570_at,BECKSTPREPU04HR,Development,W1118,Prepupae,1,1.3486,4
142571_at,BECKSTPREPU04HR,Development,W1118,Prepupae,-1,0.7822,4
142572_at,BECKSTPREPU04HR,Development,W1118,Prepupae,1,1.3957,4
142573_at,BECKSTPREPU04HR,Development,W1118,Prepupae,1,1.3573,4
142574_at,BECKSTPREPU04HR,Development,W1118,Prepupae,0,1.0016,4
142575_at,BECKSTPREPU04HR,Development,W1118,Prepupae,0,1.1131,4
142576_at,BECKSTPREPU04HR,Development,W1118,Prepupae,1,1.3148,4
142577_at,BECKSTPREPU04HR,Development,W1118,Prepupae,1,1.2387,4
142578_at,BECKSTPREPU04HR,Development,W1118,Prepupae,0,1.0418,4
142579_at,BECKSTPREPU04HR,Development,W1118,Prepupae,0,0.9625,4
142580_at,BECKSTPREPU04HR,Development,W1118,Prepupae,0,1.0055,4
142581_at,BECKSTPREPU04HR,Development,W1118,Prepupae,-1,0.6608,4
142582_at,BECKSTPREPU04HR,Development,W1118,Prepupae,-1,0.7442,4
142583_at,BECKSTPREPU04HR,Development,W1118,Prepupae,1,1.2356,4
142584_at,BECKSTPREPU04HR,Development,W1118,Prepupae,1,1.2258,4
142585_at,BECKSTPREPU04HR,Development,W1118,Prepupae,0,1.009,4
142586_at,BECKSTPREPU04HR,Development,W1118,Prepupae,-1,0.7275,4
142587_at,BECKSTPREPU04HR,Development,W1118,Prepupae,0,0.864,4
142588_at,BECKSTPREPU04HR,Development,W1118,Prepupae,-1,0.4503,4
142589_at,BECKSTPREPU04HR,Development,W1118,Prepupae,1,1.3478,4
142590_at,BECKSTPREPU04HR,Development,W1118,Prepupae,-1,0.7644,4
142591_at,BECKSTPREPU04HR,Development,W1118,Prepupae,0,0.8149,4
142592_at,BECKSTPREPU04HR,Development,W1118,Prepupae,-1,0.6975,4
142593_at,BECKSTPREPU04HR,Development,W1118,Prepupae,-1,0.7462,4
142594_at,BECKSTPREPU04HR,Development,W1118,Prepupae,0,0.907,4
142595_at,BECKSTPREPU04HR,Development,W1118,Prepupae,0,1.1382,4
142596_at,BECKSTPREPU04HR,Development,W1118,Prepupae,-1,0.7088,4
142597_at,BECKSTPREPU04HR,Development,W1118,Prepupae,0,0.9827,4
142598_at,BECKSTPREPU04HR,Development,W1118,Prepupae,1,1.2794,4
142599_at,BECKSTPREPU04HR,Development,W1118,Prepupae,-1,0.7597,4
142600_at,BECKSTPREPU04HR,Development,W1118,Prepupae,0,0.9093,4
142601_at,BECKSTPREPU04HR,Development,W1118,Prepupae,-1,0.7649,4
142602_at,BECKSTPREPU04HR,Development,W1118,Prepupae,0,0.907,4
142603_at,BECKSTPREPU04HR,Development,W1118,Prepupae,0,0.9624,4
142604_at,BECKSTPREPU04HR,Development,W1118,Prepupae,-1,0.745,4
142605_at,BECKSTPREPU04HR,Development,W1118,Prepupae,0,0.8153,4
142606_at,BECKSTPREPU04HR,Development,W1118,Prepupae,0,1.1089,4
142607_at,BECKSTPREPU04HR,Development,W1118,Prepupae,-1,0.7028,4
142608_at,BECKSTPREPU04HR,Development,W1118,Prepupae,1,1.3248,4
142609_at,BECKSTPREPU04HR,Development,W1118,Prepupae,1,1.3154,4
142610_at,BECKSTPREPU04HR,Development,W1118,Prepupae,1,1.3896,4
142611_at,BECKSTPREPU04HR,Development,W1118,Prepupae,0,0.9423,4
142612_at,BECKSTPREPU04HR,Development,W1118,Prepupae,0,1.0226,4
142613_at,BECKSTPREPU04HR,Development,W1118,Prepupae,-1,0.6896,4
142614_at,BECKSTPREPU04HR,Development,W1118,Prepupae,-1,0.7028,4
142615_at,BECKSTPREPU04HR,Development,W1118,Prepupae,-1,0.7834,4
142616_at,BECKSTPREPU04HR,Development,W1118,Prepupae,0,1.1722,4
142617_at,BECKSTPREPU04HR,Development,W1118,Prepupae,-1,0.5515,4
142618_at,BECKSTPREPU04HR,Development,W1118,Prepupae,0,0.9305,4
142619_at,BECKSTPREPU04HR,Development,W1118,Prepupae,0,1.109,4
142620_at,BECKSTPREPU04HR,Development,W1118,Prepupae,1,1.5161,4
142621_at,BECKSTPREPU04HR,Development,W1118,Prepupae,0,0.8573,4
142622_at,BECKSTPREPU04HR,Development,W1118,Prepupae,0,1.0629,4
142623_at,BECKSTPREPU04HR,Development,W1118,Prepupae,0,1.0178,4
142624_at,BECKSTPREPU04HR,Development,W1118,Prepupae,1,1.3884,4
142625_s_at,BECKSTPREPU04HR,Development,W1118,Prepupae,1,1.2855,4
142626_at,BECKSTPREPU04HR,Development,W1118,Prepupae,0,1.0731,4
142627_at,BECKSTPREPU04HR,Development,W1118,Prepupae,0,0.9317,4
142628_at,BECKSTPREPU04HR,Development,W1118,Prepupae,0,0.866,4
142629_at,BECKSTPREPU04HR,Development,W1118,Prepupae,0,1.114,4
142630_at,BECKSTPREPU04HR,Development,W1118,Prepupae,0,1.085,4
142631_at,BECKSTPREPU04HR,Development,W1118,Prepupae,0,0.9747,4
142632_at,BECKSTPREPU04HR,Development,W1118,Prepupae,1,1.4893,4
142633_at,BECKSTPREPU04HR,Development,W1118,Prepupae,-1,0.6866,4
142634_at,BECKSTPREPU04HR,Development,W1118,Prepupae,1,1.3327,4
142635_at,BECKSTPREPU04HR,Development,W1118,Prepupae,1,1.3391,4
142636_at,BECKSTPREPU04HR,Development,W1118,Prepupae,0,0.9368,4
142637_at,BECKSTPREPU04HR,Development,W1118,Prepupae,1,1.7528,4
142638_at,BECKSTPREPU04HR,Development,W1118,Prepupae,-1,0.7374,4
142639_at,BECKSTPREPU04HR,Development,W1118,Prepupae,-1,0.7419,4
142640_at,BECKSTPREPU04HR,Development,W1118,Prepupae,0,1.0003,4
142641_at,BECKSTPREPU04HR,Development,W1118,Prepupae,0,1.1572,4
142642_at,BECKSTPREPU04HR,Development,W1118,Prepupae,0,1.1094,4
142643_at,BECKSTPREPU04HR,Development,W1118,Prepupae,-1,0.4744,4
142644_s_at,BECKSTPREPU04HR,Development,W1118,Prepupae,1,1.2092,4
142645_r_at,BECKSTPREPU04HR,Development,W1118,Prepupae,1,2.2096,4
142646_at,BECKSTPREPU04HR,Development,W1118,Prepupae,1,1.5544,4
142647_at,BECKSTPREPU04HR,Development,W1118,Prepupae,0,1.076,4
142648_at,BECKSTPREPU04HR,Development,W1118,Prepupae,0,1.1441,4
142649_at,BECKSTPREPU04HR,Development,W1118,Prepupae,0,1.0895,4
142650_s_at,BECKSTPREPU04HR,Development,W1118,Prepupae,0,0.8997,4
142651_at,BECKSTPREPU04HR,Development,W1118,Prepupae,0,1.1988,4
142652_at,BECKSTPREPU04HR,Development,W1118,Prepupae,0,1.0214,4
142653_at,BECKSTPREPU04HR,Development,W1118,Prepupae,0,1.1123,4
142654_at,BECKSTPREPU04HR,Development,W1118,Prepupae,-1,0.5061,4
142655_at,BECKSTPREPU04HR,Development,W1118,Prepupae,0,1.186,4
142656_at,BECKSTPREPU04HR,Development,W1118,Prepupae,0,0.9035,4
142657_at,BECKSTPREPU04HR,Development,W1118,Prepupae,-1,0.6124,4
142658_at,BECKSTPREPU04HR,Development,W1118,Prepupae,0,0.974,4
142659_at,BECKSTPREPU04HR,Development,W1118,Prepupae,-1,0.7931,4
142660_at,BECKSTPREPU04HR,Development,W1118,Prepupae,-1,0.544,4
142661_at,BECKSTPREPU04HR,Development,W1118,Prepupae,0,1.1502,4
142662_at,BECKSTPREPU04HR,Development,W1118,Prepupae,1,1.4501,4
142663_at,BECKSTPREPU04HR,Development,W1118,Prepupae,0,1.0978,4
142664_at,BECKSTPREPU04HR,Development,W1118,Prepupae,0,1.0333,4
142665_at,BECKSTPREPU04HR,Development,W1118,Prepupae,0,1.1593,4
142666_at,BECKSTPREPU04HR,Development,W1118,Prepupae,0,1.1878,4
142667_at,BECKSTPREPU04HR,Development,W1118,Prepupae,-1,0.7903,4
142668_at,BECKSTPREPU04HR,Development,W1118,Prepupae,-1,0.6852,4
142669_at,BECKSTPREPU04HR,Development,W1118,Prepupae,-1,0.7939,4
142670_at,BECKSTPREPU04HR,Development,W1118,Prepupae,-1,0.5453,4
142671_at,BECKSTPREPU04HR,Development,W1118,Prepupae,1,1.2572,4
142672_at,BECKSTPREPU04HR,Development,W1118,Prepupae,-1,0.5912,4
142673_at,BECKSTPREPU04HR,Development,W1118,Prepupae,0,1.1574,4
142674_at,BECKSTPREPU04HR,Development,W1118,Prepupae,0,0.9411,4
142675_at,BECKSTPREPU04HR,Development,W1118,Prepupae,0,1.1408,4
142676_at,BECKSTPREPU04HR,Development,W1118,Prepupae,1,1.7625,4
142677_s_at,BECKSTPREPU04HR,Development,W1118,Prepupae,-1,0.7896,4
142678_at,BECKSTPREPU04HR,Development,W1118,Prepupae,-1,0.6436,4
142679_at,BECKSTPREPU04HR,Development,W1118,Prepupae,0,0.9491,4
142680_at,BECKSTPREPU04HR,Development,W1118,Prepupae,1,1.3804,4
142681_at,BECKSTPREPU04HR,Development,W1118,Prepupae,0,1.1474,4
142682_at,BECKSTPREPU04HR,Development,W1118,Prepupae,1,1.783,4
142683_s_at,BECKSTPREPU04HR,Development,W1118,Prepupae,0,0.9539,4
142684_at,BECKSTPREPU04HR,Development,W1118,Prepupae,0,1.0975,4
142685_at,BECKSTPREPU04HR,Development,W1118,Prepupae,1,1.4868,4
142686_at,BECKSTPREPU04HR,Development,W1118,Prepupae,-1,0.7827,4
142687_at,BECKSTPREPU04HR,Development,W1118,Prepupae,0,1.0587,4
142688_at,BECKSTPREPU04HR,Development,W1118,Prepupae,1,4.1531,4
142689_at,BECKSTPREPU04HR,Development,W1118,Prepupae,0,1.1141,4
142690_at,BECKSTPREPU04HR,Development,W1118,Prepupae,0,1.1963,4
142691_at,BECKSTPREPU04HR,Development,W1118,Prepupae,0,1.0352,4
142692_at,BECKSTPREPU04HR,Development,W1118,Prepupae,-1,0.7841,4
142693_at,BECKSTPREPU04HR,Development,W1118,Prepupae,1,1.6685,4
142694_at,BECKSTPREPU04HR,Development,W1118,Prepupae,-1,0.6957,4
142695_at,BECKSTPREPU04HR,Development,W1118,Prepupae,1,1.7738,4
142696_at,BECKSTPREPU04HR,Development,W1118,Prepupae,0,1.0194,4
142697_at,BECKSTPREPU04HR,Development,W1118,Prepupae,1,1.4757,4
142698_at,BECKSTPREPU04HR,Development,W1118,Prepupae,0,0.9651,4
142699_at,BECKSTPREPU04HR,Development,W1118,Prepupae,1,1.2933,4
142700_at,BECKSTPREPU04HR,Development,W1118,Prepupae,0,1.0297,4
142701_at,BECKSTPREPU04HR,Development,W1118,Prepupae,0,1.1293,4
142702_at,BECKSTPREPU04HR,Development,W1118,Prepupae,0,1.1003,4
142703_at,BECKSTPREPU04HR,Development,W1118,Prepupae,-1,0.6855,4
142704_at,BECKSTPREPU04HR,Development,W1118,Prepupae,0,0.9858,4
142705_at,BECKSTPREPU04HR,Development,W1118,Prepupae,0,0.9792,4
142706_at,BECKSTPREPU04HR,Development,W1118,Prepupae,0,0.8245,4
142707_at,BECKSTPREPU04HR,Development,W1118,Prepupae,0,0.8068,4
142708_at,BECKSTPREPU04HR,Development,W1118,Prepupae,0,1.0521,4
142709_s_at,BECKSTPREPU04HR,Development,W1118,Prepupae,0,0.9929,4
142710_at,BECKSTPREPU04HR,Development,W1118,Prepupae,1,1.2624,4
142711_at,BECKSTPREPU04HR,Development,W1118,Prepupae,0,0.9579,4
142712_at,BECKSTPREPU04HR,Development,W1118,Prepupae,0,0.8786,4
142713_at,BECKSTPREPU04HR,Development,W1118,Prepupae,0,1.0503,4
142714_at,BECKSTPREPU04HR,Development,W1118,Prepupae,-1,0.7799,4
142715_at,BECKSTPREPU04HR,Development,W1118,Prepupae,0,0.8545,4
142716_at,BECKSTPREPU04HR,Development,W1118,Prepupae,0,1.0756,4
142717_at,BECKSTPREPU04HR,Development,W1118,Prepupae,0,0.8469,4
142718_at,BECKSTPREPU04HR,Development,W1118,Prepupae,0,1.0992,4
142719_at,BECKSTPREPU04HR,Development,W1118,Prepupae,1,1.2331,4
142720_at,BECKSTPREPU04HR,Development,W1118,Prepupae,0,1.141,4
142721_at,BECKSTPREPU04HR,Development,W1118,Prepupae,0,1.1359,4
142722_at,BECKSTPREPU04HR,Development,W1118,Prepupae,1,1.3858,4
142723_at,BECKSTPREPU04HR,Development,W1118,Prepupae,-1,0.6431,4
142724_at,BECKSTPREPU04HR,Development,W1118,Prepupae,0,0.8576,4
142725_at,BECKSTPREPU04HR,Development,W1118,Prepupae,0,1.038,4
142726_at,BECKSTPREPU04HR,Development,W1118,Prepupae,1,1.3715,4
142727_at,BECKSTPREPU04HR,Development,W1118,Prepupae,0,1.0094,4
142728_at,BECKSTPREPU04HR,Development,W1118,Prepupae,0,0.8259,4
142729_at,BECKSTPREPU04HR,Development,W1118,Prepupae,0,1.0735,4
142730_at,BECKSTPREPU04HR,Development,W1118,Prepupae,0,1.1203,4
142731_at,BECKSTPREPU04HR,Development,W1118,Prepupae,0,0.9115,4
142732_at,BECKSTPREPU04HR,Development,W1118,Prepupae,1,1.5337,4
142733_at,BECKSTPREPU04HR,Development,W1118,Prepupae,1,1.9532,4
142734_at,BECKSTPREPU04HR,Development,W1118,Prepupae,0,0.9994,4
142735_at,BECKSTPREPU04HR,Development,W1118,Prepupae,-1,0.7726,4
142736_s_at,BECKSTPREPU04HR,Development,W1118,Prepupae,-1,0.3925,4
142737_at,BECKSTPREPU04HR,Development,W1118,Prepupae,0,1.025,4
142738_at,BECKSTPREPU04HR,Development,W1118,Prepupae,0,1.1821,4
142739_at,BECKSTPREPU04HR,Development,W1118,Prepupae,0,0.9946,4
142740_at,BECKSTPREPU04HR,Development,W1118,Prepupae,0,1.0754,4
142741_at,BECKSTPREPU04HR,Development,W1118,Prepupae,1,2.4716,4
142742_at,BECKSTPREPU04HR,Development,W1118,Prepupae,1,1.2162,4
142743_at,BECKSTPREPU04HR,Development,W1118,Prepupae,0,1.0546,4
142744_at,BECKSTPREPU04HR,Development,W1118,Prepupae,1,1.4247,4
142745_at,BECKSTPREPU04HR,Development,W1118,Prepupae,1,1.3441,4
142746_at,BECKSTPREPU04HR,Development,W1118,Prepupae,0,1.0441,4
142747_at,BECKSTPREPU04HR,Development,W1118,Prepupae,0,0.9557,4
142748_at,BECKSTPREPU04HR,Development,W1118,Prepupae,0,1.092,4
142749_at,BECKSTPREPU04HR,Development,W1118,Prepupae,-1,0.6613,4
142750_at,BECKSTPREPU04HR,Development,W1118,Prepupae,-1,0.4964,4
142751_at,BECKSTPREPU04HR,Development,W1118,Prepupae,0,1.1321,4
142752_at,BECKSTPREPU04HR,Development,W1118,Prepupae,0,1.1486,4
142753_at,BECKSTPREPU04HR,Development,W1118,Prepupae,1,1.2651,4
142754_at,BECKSTPREPU04HR,Development,W1118,Prepupae,0,1.1627,4
142755_s_at,BECKSTPREPU04HR,Development,W1118,Prepupae,-1,0.7954,4
142756_at,BECKSTPREPU04HR,Development,W1118,Prepupae,0,0.9323,4
142757_at,BECKSTPREPU04HR,Development,W1118,Prepupae,-1,0.7215,4
142758_at,BECKSTPREPU04HR,Development,W1118,Prepupae,-1,0.7582,4
142759_at,BECKSTPREPU04HR,Development,W1118,Prepupae,1,1.4516,4
142760_at,BECKSTPREPU04HR,Development,W1118,Prepupae,1,1.2607,4
142761_at,BECKSTPREPU04HR,Development,W1118,Prepupae,1,1.6854,4
142762_at,BECKSTPREPU04HR,Development,W1118,Prepupae,0,1.063,4
142763_at,BECKSTPREPU04HR,Development,W1118,Prepupae,0,0.8169,4
142764_at,BECKSTPREPU04HR,Development,W1118,Prepupae,1,1.2374,4
142765_at,BECKSTPREPU04HR,Development,W1118,Prepupae,0,1.0592,4
142766_at,BECKSTPREPU04HR,Development,W1118,Prepupae,-1,0.7997,4
142767_at,BECKSTPREPU04HR,Development,W1118,Prepupae,0,1.0628,4
142768_at,BECKSTPREPU04HR,Development,W1118,Prepupae,0,0.8993,4
142769_at,BECKSTPREPU04HR,Development,W1118,Prepupae,0,0.8962,4
142770_at,BECKSTPREPU04HR,Development,W1118,Prepupae,0,0.9042,4
142771_at,BECKSTPREPU04HR,Development,W1118,Prepupae,0,1.0161,4
142772_at,BECKSTPREPU04HR,Development,W1118,Prepupae,1,1.8204,4
142773_at,BECKSTPREPU04HR,Development,W1118,Prepupae,0,1.0544,4
142774_at,BECKSTPREPU04HR,Development,W1118,Prepupae,0,1.0967,4
142775_at,BECKSTPREPU04HR,Development,W1118,Prepupae,1,1.3268,4
142776_at,BECKSTPREPU04HR,Development,W1118,Prepupae,0,0.9425,4
142777_at,BECKSTPREPU04HR,Development,W1118,Prepupae,0,0.8037,4
142778_at,BECKSTPREPU04HR,Development,W1118,Prepupae,0,0.9999,4
142779_at,BECKSTPREPU04HR,Development,W1118,Prepupae,1,2.8114,4
142780_at,BECKSTPREPU04HR,Development,W1118,Prepupae,0,0.9497,4
142781_at,BECKSTPREPU04HR,Development,W1118,Prepupae,0,0.9193,4
142782_s_at,BECKSTPREPU04HR,Development,W1118,Prepupae,1,1.2891,4
142783_at,BECKSTPREPU04HR,Development,W1118,Prepupae,0,1.1366,4
142784_at,BECKSTPREPU04HR,Development,W1118,Prepupae,0,0.9141,4
142785_at,BECKSTPREPU04HR,Development,W1118,Prepupae,0,0.9056,4
142786_at,BECKSTPREPU04HR,Development,W1118,Prepupae,0,0.8385,4
142787_at,BECKSTPREPU04HR,Development,W1118,Prepupae,0,0.9381,4
142788_at,BECKSTPREPU04HR,Development,W1118,Prepupae,0,1.0218,4
142789_at,BECKSTPREPU04HR,Development,W1118,Prepupae,-1,0.5579,4
142790_at,BECKSTPREPU04HR,Development,W1118,Prepupae,0,1.0531,4
142791_at,BECKSTPREPU04HR,Development,W1118,Prepupae,0,0.9739,4
142792_at,BECKSTPREPU04HR,Development,W1118,Prepupae,0,0.9961,4
142793_at,BECKSTPREPU04HR,Development,W1118,Prepupae,-1,0.6869,4
142794_at,BECKSTPREPU04HR,Development,W1118,Prepupae,0,1.185,4
142795_at,BECKSTPREPU04HR,Development,W1118,Prepupae,0,1.1882,4
142796_at,BECKSTPREPU04HR,Development,W1118,Prepupae,0,0.8228,4
142797_at,BECKSTPREPU04HR,Development,W1118,Prepupae,-1,0.5161,4
142798_at,BECKSTPREPU04HR,Development,W1118,Prepupae,0,0.9586,4
142799_at,BECKSTPREPU04HR,Development,W1118,Prepupae,0,1.0455,4
142800_at,BECKSTPREPU04HR,Development,W1118,Prepupae,-1,0.6856,4
142801_at,BECKSTPREPU04HR,Development,W1118,Prepupae,1,1.3118,4
142802_at,BECKSTPREPU04HR,Development,W1118,Prepupae,0,0.957,4
142803_at,BECKSTPREPU04HR,Development,W1118,Prepupae,0,1.0182,4
142804_at,BECKSTPREPU04HR,Development,W1118,Prepupae,0,0.8846,4
142805_at,BECKSTPREPU04HR,Development,W1118,Prepupae,0,1.1728,4
142806_at,BECKSTPREPU04HR,Development,W1118,Prepupae,0,1.1585,4
142807_at,BECKSTPREPU04HR,Development,W1118,Prepupae,0,1.0269,4
142808_at,BECKSTPREPU04HR,Development,W1118,Prepupae,0,0.9981,4
142809_at,BECKSTPREPU04HR,Development,W1118,Prepupae,1,1.4611,4
142810_at,BECKSTPREPU04HR,Development,W1118,Prepupae,1,1.4168,4
142811_at,BECKSTPREPU04HR,Development,W1118,Prepupae,0,1.0304,4
142812_at,BECKSTPREPU04HR,Development,W1118,Prepupae,0,0.9526,4
142813_at,BECKSTPREPU04HR,Development,W1118,Prepupae,-1,0.7493,4
142814_at,BECKSTPREPU04HR,Development,W1118,Prepupae,-1,0.4823,4
142815_at,BECKSTPREPU04HR,Development,W1118,Prepupae,0,1.0135,4
142816_at,BECKSTPREPU04HR,Development,W1118,Prepupae,1,2.0424,4
142817_at,BECKSTPREPU04HR,Development,W1118,Prepupae,0,0.833,4
142818_at,BECKSTPREPU04HR,Development,W1118,Prepupae,1,1.2819,4
142819_at,BECKSTPREPU04HR,Development,W1118,Prepupae,0,1.1941,4
142820_at,BECKSTPREPU04HR,Development,W1118,Prepupae,0,0.8359,4
142821_at,BECKSTPREPU04HR,Development,W1118,Prepupae,0,0.8508,4
142822_at,BECKSTPREPU04HR,Development,W1118,Prepupae,0,0.8187,4
142823_at,BECKSTPREPU04HR,Development,W1118,Prepupae,-1,0.4665,4
142824_at,BECKSTPREPU04HR,Development,W1118,Prepupae,0,1.0988,4
142825_s_at,BECKSTPREPU04HR,Development,W1118,Prepupae,-1,0.4737,4
142826_at,BECKSTPREPU04HR,Development,W1118,Prepupae,1,1.3099,4
142827_at,BECKSTPREPU04HR,Development,W1118,Prepupae,0,0.9068,4
142828_at,BECKSTPREPU04HR,Development,W1118,Prepupae,0,1.1854,4
142829_at,BECKSTPREPU04HR,Development,W1118,Prepupae,-1,0.7453,4
142830_at,BECKSTPREPU04HR,Development,W1118,Prepupae,-1,0.5511,4
142831_at,BECKSTPREPU04HR,Development,W1118,Prepupae,1,1.348,4
142832_at,BECKSTPREPU04HR,Development,W1118,Prepupae,0,1.0693,4
142833_at,BECKSTPREPU04HR,Development,W1118,Prepupae,0,0.9487,4
142834_at,BECKSTPREPU04HR,Development,W1118,Prepupae,-1,0.7241,4
142835_at,BECKSTPREPU04HR,Development,W1118,Prepupae,0,0.98,4
142836_at,BECKSTPREPU04HR,Development,W1118,Prepupae,0,0.9044,4
142837_at,BECKSTPREPU04HR,Development,W1118,Prepupae,-1,0.4919,4
142838_at,BECKSTPREPU04HR,Development,W1118,Prepupae,-1,0.7597,4
142839_at,BECKSTPREPU04HR,Development,W1118,Prepupae,1,1.3737,4
142840_s_at,BECKSTPREPU04HR,Development,W1118,Prepupae,-1,0.7519,4
142841_at,BECKSTPREPU04HR,Development,W1118,Prepupae,1,2.072,4
142842_at,BECKSTPREPU04HR,Development,W1118,Prepupae,-1,0.6831,4
142843_at,BECKSTPREPU04HR,Development,W1118,Prepupae,1,1.2219,4
142844_at,BECKSTPREPU04HR,Development,W1118,Prepupae,-1,0.7288,4
142845_at,BECKSTPREPU04HR,Development,W1118,Prepupae,0,1.0482,4
142846_at,BECKSTPREPU04HR,Development,W1118,Prepupae,0,1.0435,4
142847_at,BECKSTPREPU04HR,Development,W1118,Prepupae,0,0.8295,4
142848_at,BECKSTPREPU04HR,Development,W1118,Prepupae,0,0.8995,4
142849_at,BECKSTPREPU04HR,Development,W1118,Prepupae,1,1.5797,4
142850_at,BECKSTPREPU04HR,Development,W1118,Prepupae,0,0.927,4
142851_at,BECKSTPREPU04HR,Development,W1118,Prepupae,0,1.0191,4
142852_at,BECKSTPREPU04HR,Development,W1118,Prepupae,0,1.1386,4
142853_at,BECKSTPREPU04HR,Development,W1118,Prepupae,0,0.948,4
142854_at,BECKSTPREPU04HR,Development,W1118,Prepupae,0,0.9523,4
142855_at,BECKSTPREPU04HR,Development,W1118,Prepupae,0,1.0437,4
142856_at,BECKSTPREPU04HR,Development,W1118,Prepupae,0,1.1752,4
142857_at,BECKSTPREPU04HR,Development,W1118,Prepupae,-1,0.6955,4
142858_at,BECKSTPREPU04HR,Development,W1118,Prepupae,0,0.9567,4
142859_at,BECKSTPREPU04HR,Development,W1118,Prepupae,1,1.6404,4
142860_at,BECKSTPREPU04HR,Development,W1118,Prepupae,0,0.9768,4
142861_at,BECKSTPREPU04HR,Development,W1118,Prepupae,0,0.8741,4
142862_at,BECKSTPREPU04HR,Development,W1118,Prepupae,-1,0.7321,4
142863_at,BECKSTPREPU04HR,Development,W1118,Prepupae,0,0.8183,4
142864_at,BECKSTPREPU04HR,Development,W1118,Prepupae,-1,0.7892,4
142865_at,BECKSTPREPU04HR,Development,W1118,Prepupae,0,0.984,4
142866_at,BECKSTPREPU04HR,Development,W1118,Prepupae,0,1.0572,4
142867_at,BECKSTPREPU04HR,Development,W1118,Prepupae,0,1.1411,4
142868_at,BECKSTPREPU04HR,Development,W1118,Prepupae,0,1.1284,4
142869_at,BECKSTPREPU04HR,Development,W1118,Prepupae,1,1.2316,4
142870_s_at,BECKSTPREPU04HR,Development,W1118,Prepupae,0,1.0024,4
142871_s_at,BECKSTPREPU04HR,Development,W1118,Prepupae,0,0.814,4
142872_at,BECKSTPREPU04HR,Development,W1118,Prepupae,0,0.8724,4
142873_at,BECKSTPREPU04HR,Development,W1118,Prepupae,0,1.0665,4
142874_at,BECKSTPREPU04HR,Development,W1118,Prepupae,0,1.1495,4
142875_at,BECKSTPREPU04HR,Development,W1118,Prepupae,0,0.9207,4
142876_at,BECKSTPREPU04HR,Development,W1118,Prepupae,-1,0.7316,4
142877_at,BECKSTPREPU04HR,Development,W1118,Prepupae,0,0.8695,4
142878_at,BECKSTPREPU04HR,Development,W1118,Prepupae,0,1.0432,4
142879_at,BECKSTPREPU04HR,Development,W1118,Prepupae,0,0.8637,4
142880_at,BECKSTPREPU04HR,Development,W1118,Prepupae,0,1.1659,4
142881_at,BECKSTPREPU04HR,Development,W1118,Prepupae,-1,0.7657,4
142882_at,BECKSTPREPU04HR,Development,W1118,Prepupae,1,1.243,4
142883_at,BECKSTPREPU04HR,Development,W1118,Prepupae,0,0.8231,4
142884_at,BECKSTPREPU04HR,Development,W1118,Prepupae,0,0.9466,4
142885_at,BECKSTPREPU04HR,Development,W1118,Prepupae,-1,0.7154,4
142886_at,BECKSTPREPU04HR,Development,W1118,Prepupae,0,0.995,4
142887_at,BECKSTPREPU04HR,Development,W1118,Prepupae,1,1.257,4
142888_at,BECKSTPREPU04HR,Development,W1118,Prepupae,-1,0.2688,4
142889_at,BECKSTPREPU04HR,Development,W1118,Prepupae,0,0.9958,4
142890_at,BECKSTPREPU04HR,Development,W1118,Prepupae,0,1.13,4
142891_at,BECKSTPREPU04HR,Development,W1118,Prepupae,-1,0.3376,4
142892_at,BECKSTPREPU04HR,Development,W1118,Prepupae,0,0.8764,4
142893_at,BECKSTPREPU04HR,Development,W1118,Prepupae,-1,0.7545,4
142894_s_at,BECKSTPREPU04HR,Development,W1118,Prepupae,0,1.0888,4
142895_at,BECKSTPREPU04HR,Development,W1118,Prepupae,0,0.9244,4
142896_at,BECKSTPREPU04HR,Development,W1118,Prepupae,0,0.9974,4
142897_at,BECKSTPREPU04HR,Development,W1118,Prepupae,0,0.8604,4
142898_at,BECKSTPREPU04HR,Development,W1118,Prepupae,-1,0.7534,4
142899_at,BECKSTPREPU04HR,Development,W1118,Prepupae,-1,0.7525,4
142900_at,BECKSTPREPU04HR,Development,W1118,Prepupae,1,1.2577,4
142901_at,BECKSTPREPU04HR,Development,W1118,Prepupae,0,1.0881,4
142902_at,BECKSTPREPU04HR,Development,W1118,Prepupae,1,1.3175,4
142903_at,BECKSTPREPU04HR,Development,W1118,Prepupae,-1,0.5695,4
142904_at,BECKSTPREPU04HR,Development,W1118,Prepupae,0,0.8209,4
142905_at,BECKSTPREPU04HR,Development,W1118,Prepupae,0,0.9929,4
142906_at,BECKSTPREPU04HR,Development,W1118,Prepupae,0,1.009,4
142907_at,BECKSTPREPU04HR,Development,W1118,Prepupae,0,1.1305,4
142908_at,BECKSTPREPU04HR,Development,W1118,Prepupae,0,0.802,4
142909_at,BECKSTPREPU04HR,Development,W1118,Prepupae,0,1.0482,4
142910_at,BECKSTPREPU04HR,Development,W1118,Prepupae,0,0.9698,4
142911_at,BECKSTPREPU04HR,Development,W1118,Prepupae,0,0.8911,4
142912_at,BECKSTPREPU04HR,Development,W1118,Prepupae,1,1.65,4
142913_at,BECKSTPREPU04HR,Development,W1118,Prepupae,-1,0.5387,4
142914_at,BECKSTPREPU04HR,Development,W1118,Prepupae,0,1.1449,4
142915_at,BECKSTPREPU04HR,Development,W1118,Prepupae,0,1.0504,4
142916_at,BECKSTPREPU04HR,Development,W1118,Prepupae,0,1.175,4
142917_at,BECKSTPREPU04HR,Development,W1118,Prepupae,0,0.9096,4
142918_at,BECKSTPREPU04HR,Development,W1118,Prepupae,-1,0.7961,4
142919_s_at,BECKSTPREPU04HR,Development,W1118,Prepupae,-1,0.6998,4
142920_at,BECKSTPREPU04HR,Development,W1118,Prepupae,0,0.8978,4
142921_at,BECKSTPREPU04HR,Development,W1118,Prepupae,0,1.0182,4
142922_at,BECKSTPREPU04HR,Development,W1118,Prepupae,0,0.9435,4
142923_at,BECKSTPREPU04HR,Development,W1118,Prepupae,0,0.9162,4
142924_at,BECKSTPREPU04HR,Development,W1118,Prepupae,0,0.9018,4
142925_at,BECKSTPREPU04HR,Development,W1118,Prepupae,0,1.097,4
142926_at,BECKSTPREPU04HR,Development,W1118,Prepupae,0,1.0703,4
142927_at,BECKSTPREPU04HR,Development,W1118,Prepupae,1,1.2604,4
142928_at,BECKSTPREPU04HR,Development,W1118,Prepupae,0,0.96,4
142929_at,BECKSTPREPU04HR,Development,W1118,Prepupae,0,0.9247,4
142930_at,BECKSTPREPU04HR,Development,W1118,Prepupae,0,1.1256,4
142931_at,BECKSTPREPU04HR,Development,W1118,Prepupae,0,1.03,4
142932_at,BECKSTPREPU04HR,Development,W1118,Prepupae,0,0.8096,4
142933_at,BECKSTPREPU04HR,Development,W1118,Prepupae,0,1.075,4
142934_at,BECKSTPREPU04HR,Development,W1118,Prepupae,0,1.0188,4
142935_at,BECKSTPREPU04HR,Development,W1118,Prepupae,0,1.0198,4
142936_at,BECKSTPREPU04HR,Development,W1118,Prepupae,0,0.9275,4
142937_at,BECKSTPREPU04HR,Development,W1118,Prepupae,0,1.0775,4
142938_at,BECKSTPREPU04HR,Development,W1118,Prepupae,0,0.8132,4
142939_at,BECKSTPREPU04HR,Development,W1118,Prepupae,0,1.131,4
142940_at,BECKSTPREPU04HR,Development,W1118,Prepupae,1,1.2835,4
142941_at,BECKSTPREPU04HR,Development,W1118,Prepupae,0,0.935,4
142942_at,BECKSTPREPU04HR,Development,W1118,Prepupae,0,0.9218,4
142943_at,BECKSTPREPU04HR,Development,W1118,Prepupae,0,0.9452,4
142944_at,BECKSTPREPU04HR,Development,W1118,Prepupae,1,1.2419,4
142945_at,BECKSTPREPU04HR,Development,W1118,Prepupae,0,1.0083,4
142946_at,BECKSTPREPU04HR,Development,W1118,Prepupae,0,1.0205,4
142947_at,BECKSTPREPU04HR,Development,W1118,Prepupae,1,1.2437,4
142948_at,BECKSTPREPU04HR,Development,W1118,Prepupae,-1,0.6133,4
142949_at,BECKSTPREPU04HR,Development,W1118,Prepupae,0,0.9625,4
142950_at,BECKSTPREPU04HR,Development,W1118,Prepupae,0,0.9411,4
142951_at,BECKSTPREPU04HR,Development,W1118,Prepupae,0,1.0729,4
142952_at,BECKSTPREPU04HR,Development,W1118,Prepupae,-1,0.798,4
142953_at,BECKSTPREPU04HR,Development,W1118,Prepupae,1,1.2893,4
142954_at,BECKSTPREPU04HR,Development,W1118,Prepupae,1,1.2066,4
142955_at,BECKSTPREPU04HR,Development,W1118,Prepupae,0,0.9391,4
142956_at,BECKSTPREPU04HR,Development,W1118,Prepupae,0,0.938,4
142957_at,BECKSTPREPU04HR,Development,W1118,Prepupae,0,1.1011,4
142958_at,BECKSTPREPU04HR,Development,W1118,Prepupae,1,1.5626,4
142959_at,BECKSTPREPU04HR,Development,W1118,Prepupae,0,1.1457,4
142960_at,BECKSTPREPU04HR,Development,W1118,Prepupae,0,0.8573,4
142961_at,BECKSTPREPU04HR,Development,W1118,Prepupae,0,1.0956,4
142962_at,BECKSTPREPU04HR,Development,W1118,Prepupae,1,1.3227,4
142963_at,BECKSTPREPU04HR,Development,W1118,Prepupae,1,1.4189,4
142964_at,BECKSTPREPU04HR,Development,W1118,Prepupae,0,0.9056,4
142965_at,BECKSTPREPU04HR,Development,W1118,Prepupae,0,1.0296,4
142966_at,BECKSTPREPU04HR,Development,W1118,Prepupae,0,0.8801,4
142967_at,BECKSTPREPU04HR,Development,W1118,Prepupae,1,1.4591,4
142968_at,BECKSTPREPU04HR,Development,W1118,Prepupae,1,1.2654,4
142969_at,BECKSTPREPU04HR,Development,W1118,Prepupae,-1,0.6081,4
142970_at,BECKSTPREPU04HR,Development,W1118,Prepupae,1,1.2861,4
142971_at,BECKSTPREPU04HR,Development,W1118,Prepupae,0,0.9928,4
142972_at,BECKSTPREPU04HR,Development,W1118,Prepupae,1,1.239,4
142973_at,BECKSTPREPU04HR,Development,W1118,Prepupae,1,1.269,4
142974_at,BECKSTPREPU04HR,Development,W1118,Prepupae,0,1.0752,4
142975_at,BECKSTPREPU04HR,Development,W1118,Prepupae,-1,0.4928,4
142976_at,BECKSTPREPU04HR,Development,W1118,Prepupae,0,0.9983,4
142977_at,BECKSTPREPU04HR,Development,W1118,Prepupae,0,0.8019,4
142978_at,BECKSTPREPU04HR,Development,W1118,Prepupae,1,1.3012,4
142979_at,BECKSTPREPU04HR,Development,W1118,Prepupae,0,1.1308,4
142980_at,BECKSTPREPU04HR,Development,W1118,Prepupae,0,0.8502,4
142981_at,BECKSTPREPU04HR,Development,W1118,Prepupae,0,1.0123,4
142982_at,BECKSTPREPU04HR,Development,W1118,Prepupae,0,0.8261,4
142983_at,BECKSTPREPU04HR,Development,W1118,Prepupae,1,1.7443,4
142984_at,BECKSTPREPU04HR,Development,W1118,Prepupae,0,1.074,4
142985_at,BECKSTPREPU04HR,Development,W1118,Prepupae,0,0.9445,4
142986_at,BECKSTPREPU04HR,Development,W1118,Prepupae,0,0.8263,4
142987_at,BECKSTPREPU04HR,Development,W1118,Prepupae,0,1.0759,4
142988_at,BECKSTPREPU04HR,Development,W1118,Prepupae,0,0.8735,4
142989_at,BECKSTPREPU04HR,Development,W1118,Prepupae,1,1.3679,4
142990_at,BECKSTPREPU04HR,Development,W1118,Prepupae,0,0.9591,4
142991_at,BECKSTPREPU04HR,Development,W1118,Prepupae,-1,0.7669,4
142992_at,BECKSTPREPU04HR,Development,W1118,Prepupae,0,0.9875,4
142993_at,BECKSTPREPU04HR,Development,W1118,Prepupae,0,0.8892,4
142994_at,BECKSTPREPU04HR,Development,W1118,Prepupae,-1,0.5717,4
142995_at,BECKSTPREPU04HR,Development,W1118,Prepupae,0,1.0412,4
142996_at,BECKSTPREPU04HR,Development,W1118,Prepupae,0,1.1537,4
142997_at,BECKSTPREPU04HR,Development,W1118,Prepupae,0,0.9477,4
142998_at,BECKSTPREPU04HR,Development,W1118,Prepupae,1,1.3235,4
142999_at,BECKSTPREPU04HR,Development,W1118,Prepupae,-1,0.7762,4
143000_at,BECKSTPREPU04HR,Development,W1118,Prepupae,0,0.927,4
143001_at,BECKSTPREPU04HR,Development,W1118,Prepupae,0,0.9417,4
143002_at,BECKSTPREPU04HR,Development,W1118,Prepupae,0,0.8834,4
143003_at,BECKSTPREPU04HR,Development,W1118,Prepupae,-1,0.7415,4
143004_at,BECKSTPREPU04HR,Development,W1118,Prepupae,0,0.9574,4
143005_at,BECKSTPREPU04HR,Development,W1118,Prepupae,0,1.1219,4
143006_at,BECKSTPREPU04HR,Development,W1118,Prepupae,0,0.9155,4
143007_at,BECKSTPREPU04HR,Development,W1118,Prepupae,0,0.8956,4
143008_at,BECKSTPREPU04HR,Development,W1118,Prepupae,0,1.1759,4
143009_s_at,BECKSTPREPU04HR,Development,W1118,Prepupae,0,1.0608,4
143010_at,BECKSTPREPU04HR,Development,W1118,Prepupae,-1,0.7347,4
143011_at,BECKSTPREPU04HR,Development,W1118,Prepupae,-1,0.7892,4
143012_at,BECKSTPREPU04HR,Development,W1118,Prepupae,0,0.8549,4
143013_at,BECKSTPREPU04HR,Development,W1118,Prepupae,0,0.9885,4
143014_at,BECKSTPREPU04HR,Development,W1118,Prepupae,0,1.0337,4
143015_at,BECKSTPREPU04HR,Development,W1118,Prepupae,0,1.1226,4
143016_at,BECKSTPREPU04HR,Development,W1118,Prepupae,0,0.9813,4
143017_at,BECKSTPREPU04HR,Development,W1118,Prepupae,1,1.6386,4
143018_at,BECKSTPREPU04HR,Development,W1118,Prepupae,0,0.9833,4
143019_at,BECKSTPREPU04HR,Development,W1118,Prepupae,0,1.1631,4
143020_at,BECKSTPREPU04HR,Development,W1118,Prepupae,0,0.8988,4
143021_at,BECKSTPREPU04HR,Development,W1118,Prepupae,1,1.4852,4
143022_at,BECKSTPREPU04HR,Development,W1118,Prepupae,0,0.9166,4
143023_at,BECKSTPREPU04HR,Development,W1118,Prepupae,0,1.0893,4
143024_at,BECKSTPREPU04HR,Development,W1118,Prepupae,1,1.3068,4
143025_at,BECKSTPREPU04HR,Development,W1118,Prepupae,-1,0.7646,4
143026_at,BECKSTPREPU04HR,Development,W1118,Prepupae,0,0.996,4
143027_at,BECKSTPREPU04HR,Development,W1118,Prepupae,1,1.521,4
143028_at,BECKSTPREPU04HR,Development,W1118,Prepupae,1,1.6535,4
143029_at,BECKSTPREPU04HR,Development,W1118,Prepupae,-1,0.6739,4
143030_at,BECKSTPREPU04HR,Development,W1118,Prepupae,0,1.0496,4
143031_at,BECKSTPREPU04HR,Development,W1118,Prepupae,-1,0.5401,4
143032_at,BECKSTPREPU04HR,Development,W1118,Prepupae,-1,0.6896,4
143033_at,BECKSTPREPU04HR,Development,W1118,Prepupae,-1,0.7825,4
143034_at,BECKSTPREPU04HR,Development,W1118,Prepupae,1,1.6848,4
143035_at,BECKSTPREPU04HR,Development,W1118,Prepupae,0,0.8462,4
143036_at,BECKSTPREPU04HR,Development,W1118,Prepupae,1,1.5711,4
143037_at,BECKSTPREPU04HR,Development,W1118,Prepupae,-1,0.6811,4
143038_at,BECKSTPREPU04HR,Development,W1118,Prepupae,-1,0.7398,4
143039_at,BECKSTPREPU04HR,Development,W1118,Prepupae,0,1.0298,4
143040_at,BECKSTPREPU04HR,Development,W1118,Prepupae,0,0.8504,4
143041_i_at,BECKSTPREPU04HR,Development,W1118,Prepupae,0,1.1489,4
143042_r_at,BECKSTPREPU04HR,Development,W1118,Prepupae,0,0.8819,4
143043_s_at,BECKSTPREPU04HR,Development,W1118,Prepupae,0,0.9277,4
143044_at,BECKSTPREPU04HR,Development,W1118,Prepupae,0,1.0483,4
143045_at,BECKSTPREPU04HR,Development,W1118,Prepupae,1,1.3365,4
143046_at,BECKSTPREPU04HR,Development,W1118,Prepupae,0,0.9197,4
143047_at,BECKSTPREPU04HR,Development,W1118,Prepupae,1,1.4047,4
143048_at,BECKSTPREPU04HR,Development,W1118,Prepupae,0,1.0909,4
143049_at,BECKSTPREPU04HR,Development,W1118,Prepupae,-1,0.773,4
143050_at,BECKSTPREPU04HR,Development,W1118,Prepupae,0,1.0309,4
143051_at,BECKSTPREPU04HR,Development,W1118,Prepupae,-1,0.3816,4
143052_at,BECKSTPREPU04HR,Development,W1118,Prepupae,0,0.8627,4
143053_at,BECKSTPREPU04HR,Development,W1118,Prepupae,0,1.0854,4
143054_at,BECKSTPREPU04HR,Development,W1118,Prepupae,0,1.1475,4
143055_at,BECKSTPREPU04HR,Development,W1118,Prepupae,1,1.8514,4
143056_at,BECKSTPREPU04HR,Development,W1118,Prepupae,1,1.7175,4
143057_at,BECKSTPREPU04HR,Development,W1118,Prepupae,0,1.0299,4
143058_f_at,BECKSTPREPU04HR,Development,W1118,Prepupae,0,0.9336,4
143059_at,BECKSTPREPU04HR,Development,W1118,Prepupae,0,0.881,4
143060_f_at,BECKSTPREPU04HR,Development,W1118,Prepupae,-1,0.7234,4
143061_at,BECKSTPREPU04HR,Development,W1118,Prepupae,0,0.9645,4
143062_at,BECKSTPREPU04HR,Development,W1118,Prepupae,0,0.8564,4
143063_at,BECKSTPREPU04HR,Development,W1118,Prepupae,1,1.2921,4
143064_at,BECKSTPREPU04HR,Development,W1118,Prepupae,-1,0.6996,4
143065_at,BECKSTPREPU04HR,Development,W1118,Prepupae,0,1.0306,4
143066_at,BECKSTPREPU04HR,Development,W1118,Prepupae,0,1.0023,4
143067_at,BECKSTPREPU04HR,Development,W1118,Prepupae,1,3.33,4
143068_at,BECKSTPREPU04HR,Development,W1118,Prepupae,1,1.6134,4
143069_at,BECKSTPREPU04HR,Development,W1118,Prepupae,1,1.5498,4
143070_at,BECKSTPREPU04HR,Development,W1118,Prepupae,0,0.89,4
143071_at,BECKSTPREPU04HR,Development,W1118,Prepupae,0,0.8001,4
143072_at,BECKSTPREPU04HR,Development,W1118,Prepupae,0,1.161,4
143073_at,BECKSTPREPU04HR,Development,W1118,Prepupae,-1,0.4403,4
143074_at,BECKSTPREPU04HR,Development,W1118,Prepupae,0,1.0086,4
143075_at,BECKSTPREPU04HR,Development,W1118,Prepupae,0,1.1857,4
143076_at,BECKSTPREPU04HR,Development,W1118,Prepupae,0,0.8417,4
143077_at,BECKSTPREPU04HR,Development,W1118,Prepupae,0,0.9756,4
143078_at,BECKSTPREPU04HR,Development,W1118,Prepupae,0,1.1216,4
143079_at,BECKSTPREPU04HR,Development,W1118,Prepupae,1,1.4479,4
143080_at,BECKSTPREPU04HR,Development,W1118,Prepupae,-1,0.7105,4
143081_at,BECKSTPREPU04HR,Development,W1118,Prepupae,0,1.1944,4
143082_at,BECKSTPREPU04HR,Development,W1118,Prepupae,0,1.172,4
143083_at,BECKSTPREPU04HR,Development,W1118,Prepupae,-1,0.6846,4
143084_at,BECKSTPREPU04HR,Development,W1118,Prepupae,1,1.2535,4
143085_at,BECKSTPREPU04HR,Development,W1118,Prepupae,0,1.0456,4
143086_at,BECKSTPREPU04HR,Development,W1118,Prepupae,1,1.3023,4
143087_at,BECKSTPREPU04HR,Development,W1118,Prepupae,1,1.4127,4
143088_at,BECKSTPREPU04HR,Development,W1118,Prepupae,-1,0.7791,4
143089_at,BECKSTPREPU04HR,Development,W1118,Prepupae,1,2.5211,4
143090_at,BECKSTPREPU04HR,Development,W1118,Prepupae,0,0.9656,4
143091_at,BECKSTPREPU04HR,Development,W1118,Prepupae,1,1.4798,4
143092_at,BECKSTPREPU04HR,Development,W1118,Prepupae,-1,0.6704,4
143093_at,BECKSTPREPU04HR,Development,W1118,Prepupae,0,0.8528,4
143094_at,BECKSTPREPU04HR,Development,W1118,Prepupae,0,1.0307,4
143095_at,BECKSTPREPU04HR,Development,W1118,Prepupae,0,1.1624,4
143096_f_at,BECKSTPREPU04HR,Development,W1118,Prepupae,-1,0.7345,4
143097_f_at,BECKSTPREPU04HR,Development,W1118,Prepupae,0,0.8332,4
143098_at,BECKSTPREPU04HR,Development,W1118,Prepupae,1,1.5711,4
143099_i_at,BECKSTPREPU04HR,Development,W1118,Prepupae,-1,0.7691,4
143100_f_at,BECKSTPREPU04HR,Development,W1118,Prepupae,0,1.1381,4
143101_at,BECKSTPREPU04HR,Development,W1118,Prepupae,0,0.8028,4
143102_at,BECKSTPREPU04HR,Development,W1118,Prepupae,0,1.1558,4
143103_at,BECKSTPREPU04HR,Development,W1118,Prepupae,0,1.1088,4
143104_at,BECKSTPREPU04HR,Development,W1118,Prepupae,0,0.8383,4
143105_at,BECKSTPREPU04HR,Development,W1118,Prepupae,1,1.4092,4
143106_at,BECKSTPREPU04HR,Development,W1118,Prepupae,0,1.1084,4
143107_at,BECKSTPREPU04HR,Development,W1118,Prepupae,1,1.2574,4
143108_at,BECKSTPREPU04HR,Development,W1118,Prepupae,0,1.0495,4
143109_at,BECKSTPREPU04HR,Development,W1118,Prepupae,0,1.1208,4
143110_at,BECKSTPREPU04HR,Development,W1118,Prepupae,0,1.1625,4
143111_at,BECKSTPREPU04HR,Development,W1118,Prepupae,0,1.0449,4
143112_at,BECKSTPREPU04HR,Development,W1118,Prepupae,0,1.0999,4
143113_at,BECKSTPREPU04HR,Development,W1118,Prepupae,0,1.0071,4
143114_at,BECKSTPREPU04HR,Development,W1118,Prepupae,-1,0.7128,4
143115_at,BECKSTPREPU04HR,Development,W1118,Prepupae,-1,0.6454,4
143116_at,BECKSTPREPU04HR,Development,W1118,Prepupae,-1,0.6981,4
143117_at,BECKSTPREPU04HR,Development,W1118,Prepupae,0,1.1601,4
143118_at,BECKSTPREPU04HR,Development,W1118,Prepupae,1,1.2268,4
143119_at,BECKSTPREPU04HR,Development,W1118,Prepupae,1,1.4984,4
143120_at,BECKSTPREPU04HR,Development,W1118,Prepupae,0,0.871,4
143121_at,BECKSTPREPU04HR,Development,W1118,Prepupae,0,1.1797,4
143122_at,BECKSTPREPU04HR,Development,W1118,Prepupae,1,1.5642,4
143123_at,BECKSTPREPU04HR,Development,W1118,Prepupae,-1,0.4208,4
143124_at,BECKSTPREPU04HR,Development,W1118,Prepupae,1,1.4237,4
143125_at,BECKSTPREPU04HR,Development,W1118,Prepupae,0,0.832,4
143126_at,BECKSTPREPU04HR,Development,W1118,Prepupae,0,0.8373,4
143127_at,BECKSTPREPU04HR,Development,W1118,Prepupae,0,1.0486,4
143128_at,BECKSTPREPU04HR,Development,W1118,Prepupae,1,1.2234,4
143129_at,BECKSTPREPU04HR,Development,W1118,Prepupae,0,0.9476,4
143130_at,BECKSTPREPU04HR,Development,W1118,Prepupae,-1,0.4839,4
143131_at,BECKSTPREPU04HR,Development,W1118,Prepupae,-1,0.501,4
143132_at,BECKSTPREPU04HR,Development,W1118,Prepupae,-1,0.7872,4
143133_at,BECKSTPREPU04HR,Development,W1118,Prepupae,0,0.9049,4
143134_at,BECKSTPREPU04HR,Development,W1118,Prepupae,-1,0.7896,4
143135_at,BECKSTPREPU04HR,Development,W1118,Prepupae,-1,0.6321,4
143136_at,BECKSTPREPU04HR,Development,W1118,Prepupae,0,1.1776,4
143137_at,BECKSTPREPU04HR,Development,W1118,Prepupae,0,0.9405,4
143138_at,BECKSTPREPU04HR,Development,W1118,Prepupae,1,1.2091,4
143139_at,BECKSTPREPU04HR,Development,W1118,Prepupae,1,1.2219,4
143140_at,BECKSTPREPU04HR,Development,W1118,Prepupae,1,1.2113,4
143141_at,BECKSTPREPU04HR,Development,W1118,Prepupae,0,0.9721,4
143142_at,BECKSTPREPU04HR,Development,W1118,Prepupae,-1,0.7847,4
143143_at,BECKSTPREPU04HR,Development,W1118,Prepupae,0,0.9677,4
143144_at,BECKSTPREPU04HR,Development,W1118,Prepupae,1,1.354,4
143145_at,BECKSTPREPU04HR,Development,W1118,Prepupae,-1,0.6704,4
143146_at,BECKSTPREPU04HR,Development,W1118,Prepupae,1,1.2762,4
143147_at,BECKSTPREPU04HR,Development,W1118,Prepupae,-1,0.5769,4
143148_at,BECKSTPREPU04HR,Development,W1118,Prepupae,1,1.2744,4
143149_at,BECKSTPREPU04HR,Development,W1118,Prepupae,1,1.3802,4
143150_at,BECKSTPREPU04HR,Development,W1118,Prepupae,0,0.902,4
143151_at,BECKSTPREPU04HR,Development,W1118,Prepupae,0,1.0697,4
143152_at,BECKSTPREPU04HR,Development,W1118,Prepupae,0,1.0538,4
143153_at,BECKSTPREPU04HR,Development,W1118,Prepupae,1,1.2597,4
143154_at,BECKSTPREPU04HR,Development,W1118,Prepupae,1,1.2647,4
143155_at,BECKSTPREPU04HR,Development,W1118,Prepupae,1,1.4984,4
143156_at,BECKSTPREPU04HR,Development,W1118,Prepupae,0,1.0232,4
143157_at,BECKSTPREPU04HR,Development,W1118,Prepupae,0,0.9271,4
143158_at,BECKSTPREPU04HR,Development,W1118,Prepupae,0,0.9159,4
143159_at,BECKSTPREPU04HR,Development,W1118,Prepupae,0,0.9312,4
143160_at,BECKSTPREPU04HR,Development,W1118,Prepupae,-1,0.7751,4
143161_at,BECKSTPREPU04HR,Development,W1118,Prepupae,-1,0.7426,4
143162_at,BECKSTPREPU04HR,Development,W1118,Prepupae,-1,0.7552,4
143163_at,BECKSTPREPU04HR,Development,W1118,Prepupae,0,1.1266,4
143164_at,BECKSTPREPU04HR,Development,W1118,Prepupae,-1,0.7299,4
143165_at,BECKSTPREPU04HR,Development,W1118,Prepupae,1,1.4345,4
143166_at,BECKSTPREPU04HR,Development,W1118,Prepupae,0,1.035,4
143167_at,BECKSTPREPU04HR,Development,W1118,Prepupae,1,1.2624,4
143168_at,BECKSTPREPU04HR,Development,W1118,Prepupae,0,0.9132,4
143169_at,BECKSTPREPU04HR,Development,W1118,Prepupae,1,1.3303,4
143170_at,BECKSTPREPU04HR,Development,W1118,Prepupae,0,1.0496,4
143171_at,BECKSTPREPU04HR,Development,W1118,Prepupae,0,1.143,4
143172_at,BECKSTPREPU04HR,Development,W1118,Prepupae,1,1.2276,4
143173_at,BECKSTPREPU04HR,Development,W1118,Prepupae,0,0.8284,4
143174_at,BECKSTPREPU04HR,Development,W1118,Prepupae,0,0.9707,4
143175_at,BECKSTPREPU04HR,Development,W1118,Prepupae,0,0.8823,4
143176_at,BECKSTPREPU04HR,Development,W1118,Prepupae,-1,0.5012,4
143177_at,BECKSTPREPU04HR,Development,W1118,Prepupae,0,1.1238,4
143178_at,BECKSTPREPU04HR,Development,W1118,Prepupae,1,2.363,4
143179_at,BECKSTPREPU04HR,Development,W1118,Prepupae,0,1.0958,4
143180_at,BECKSTPREPU04HR,Development,W1118,Prepupae,-1,0.6312,4
143181_at,BECKSTPREPU04HR,Development,W1118,Prepupae,1,1.3305,4
143182_at,BECKSTPREPU04HR,Development,W1118,Prepupae,0,1.1629,4
143183_at,BECKSTPREPU04HR,Development,W1118,Prepupae,1,1.4856,4
143184_at,BECKSTPREPU04HR,Development,W1118,Prepupae,0,0.9251,4
143185_at,BECKSTPREPU04HR,Development,W1118,Prepupae,0,0.926,4
143186_at,BECKSTPREPU04HR,Development,W1118,Prepupae,-1,0.4544,4
143187_at,BECKSTPREPU04HR,Development,W1118,Prepupae,1,1.4292,4
143188_at,BECKSTPREPU04HR,Development,W1118,Prepupae,1,1.2279,4
143189_at,BECKSTPREPU04HR,Development,W1118,Prepupae,0,1.0202,4
143190_at,BECKSTPREPU04HR,Development,W1118,Prepupae,0,0.8941,4
143191_at,BECKSTPREPU04HR,Development,W1118,Prepupae,0,0.8176,4
143192_at,BECKSTPREPU04HR,Development,W1118,Prepupae,-1,0.7901,4
143193_at,BECKSTPREPU04HR,Development,W1118,Prepupae,0,1.1971,4
143194_at,BECKSTPREPU04HR,Development,W1118,Prepupae,0,0.9794,4
143195_at,BECKSTPREPU04HR,Development,W1118,Prepupae,-1,0.5177,4
143196_at,BECKSTPREPU04HR,Development,W1118,Prepupae,-1,0.416,4
143197_at,BECKSTPREPU04HR,Development,W1118,Prepupae,-1,0.4752,4
143198_at,BECKSTPREPU04HR,Development,W1118,Prepupae,0,0.8355,4
143199_at,BECKSTPREPU04HR,Development,W1118,Prepupae,-1,0.611,4
143200_at,BECKSTPREPU04HR,Development,W1118,Prepupae,0,0.8898,4
143201_at,BECKSTPREPU04HR,Development,W1118,Prepupae,0,1.1158,4
143202_at,BECKSTPREPU04HR,Development,W1118,Prepupae,-1,0.6878,4
143203_at,BECKSTPREPU04HR,Development,W1118,Prepupae,1,1.4012,4
143204_at,BECKSTPREPU04HR,Development,W1118,Prepupae,0,0.974,4
143205_at,BECKSTPREPU04HR,Development,W1118,Prepupae,-1,0.6944,4
143206_at,BECKSTPREPU04HR,Development,W1118,Prepupae,0,0.8212,4
143207_at,BECKSTPREPU04HR,Development,W1118,Prepupae,0,0.8134,4
143208_at,BECKSTPREPU04HR,Development,W1118,Prepupae,0,1.0278,4
143209_at,BECKSTPREPU04HR,Development,W1118,Prepupae,1,1.4043,4
143210_at,BECKSTPREPU04HR,Development,W1118,Prepupae,1,1.2025,4
143211_at,BECKSTPREPU04HR,Development,W1118,Prepupae,0,1.0081,4
143212_at,BECKSTPREPU04HR,Development,W1118,Prepupae,0,0.9451,4
143213_at,BECKSTPREPU04HR,Development,W1118,Prepupae,0,0.9495,4
143214_at,BECKSTPREPU04HR,Development,W1118,Prepupae,1,4.3993,4
143215_at,BECKSTPREPU04HR,Development,W1118,Prepupae,0,1.0661,4
143216_at,BECKSTPREPU04HR,Development,W1118,Prepupae,0,0.9345,4
143217_at,BECKSTPREPU04HR,Development,W1118,Prepupae,1,1.3062,4
143218_at,BECKSTPREPU04HR,Development,W1118,Prepupae,-1,0.7431,4
143219_at,BECKSTPREPU04HR,Development,W1118,Prepupae,0,1.1279,4
143220_at,BECKSTPREPU04HR,Development,W1118,Prepupae,0,1.0828,4
143221_at,BECKSTPREPU04HR,Development,W1118,Prepupae,-1,0.5948,4
143222_at,BECKSTPREPU04HR,Development,W1118,Prepupae,1,1.4454,4
143223_at,BECKSTPREPU04HR,Development,W1118,Prepupae,-1,0.5382,4
143224_at,BECKSTPREPU04HR,Development,W1118,Prepupae,1,1.2925,4
143225_at,BECKSTPREPU04HR,Development,W1118,Prepupae,1,1.2441,4
143226_at,BECKSTPREPU04HR,Development,W1118,Prepupae,0,0.9979,4
143227_at,BECKSTPREPU04HR,Development,W1118,Prepupae,-1,0.7611,4
143228_at,BECKSTPREPU04HR,Development,W1118,Prepupae,0,0.9436,4
143229_at,BECKSTPREPU04HR,Development,W1118,Prepupae,-1,0.5931,4
143230_at,BECKSTPREPU04HR,Development,W1118,Prepupae,0,1.1607,4
143231_at,BECKSTPREPU04HR,Development,W1118,Prepupae,-1,0.7555,4
143232_at,BECKSTPREPU04HR,Development,W1118,Prepupae,1,4.0415,4
143233_at,BECKSTPREPU04HR,Development,W1118,Prepupae,1,4.164,4
143234_at,BECKSTPREPU04HR,Development,W1118,Prepupae,1,2.6852,4
143235_at,BECKSTPREPU04HR,Development,W1118,Prepupae,1,4.7253,4
143236_at,BECKSTPREPU04HR,Development,W1118,Prepupae,-1,0.784,4
143237_at,BECKSTPREPU04HR,Development,W1118,Prepupae,1,1.5093,4
143238_at,BECKSTPREPU04HR,Development,W1118,Prepupae,0,1.1225,4
143239_at,BECKSTPREPU04HR,Development,W1118,Prepupae,0,0.9614,4
143240_at,BECKSTPREPU04HR,Development,W1118,Prepupae,0,1.01,4
143241_at,BECKSTPREPU04HR,Development,W1118,Prepupae,1,1.2818,4
143242_at,BECKSTPREPU04HR,Development,W1118,Prepupae,1,1.5972,4
143243_at,BECKSTPREPU04HR,Development,W1118,Prepupae,1,1.52,4
143244_at,BECKSTPREPU04HR,Development,W1118,Prepupae,1,1.5816,4
143245_at,BECKSTPREPU04HR,Development,W1118,Prepupae,1,2.7834,4
143246_at,BECKSTPREPU04HR,Development,W1118,Prepupae,-1,0.7807,4
143247_at,BECKSTPREPU04HR,Development,W1118,Prepupae,0,0.9325,4
143248_at,BECKSTPREPU04HR,Development,W1118,Prepupae,-1,0.7184,4
143249_at,BECKSTPREPU04HR,Development,W1118,Prepupae,0,0.9751,4
143250_at,BECKSTPREPU04HR,Development,W1118,Prepupae,0,0.9858,4
143251_at,BECKSTPREPU04HR,Development,W1118,Prepupae,1,1.3199,4
143252_at,BECKSTPREPU04HR,Development,W1118,Prepupae,0,1.0279,4
143253_at,BECKSTPREPU04HR,Development,W1118,Prepupae,1,1.2099,4
143254_at,BECKSTPREPU04HR,Development,W1118,Prepupae,0,0.9018,4
143255_at,BECKSTPREPU04HR,Development,W1118,Prepupae,1,1.242,4
143256_at,BECKSTPREPU04HR,Development,W1118,Prepupae,0,0.8291,4
143257_at,BECKSTPREPU04HR,Development,W1118,Prepupae,1,2.1382,4
143258_at,BECKSTPREPU04HR,Development,W1118,Prepupae,1,1.328,4
143259_at,BECKSTPREPU04HR,Development,W1118,Prepupae,0,0.8849,4
143260_at,BECKSTPREPU04HR,Development,W1118,Prepupae,0,0.8399,4
143261_at,BECKSTPREPU04HR,Development,W1118,Prepupae,0,0.9188,4
143262_at,BECKSTPREPU04HR,Development,W1118,Prepupae,0,1.011,4
143263_at,BECKSTPREPU04HR,Development,W1118,Prepupae,1,1.2752,4
143264_at,BECKSTPREPU04HR,Development,W1118,Prepupae,1,1.6683,4
143265_at,BECKSTPREPU04HR,Development,W1118,Prepupae,1,1.6382,4
143266_at,BECKSTPREPU04HR,Development,W1118,Prepupae,0,1.125,4
143267_at,BECKSTPREPU04HR,Development,W1118,Prepupae,0,1.072,4
143268_at,BECKSTPREPU04HR,Development,W1118,Prepupae,-1,0.5824,4
143269_at,BECKSTPREPU04HR,Development,W1118,Prepupae,1,1.2071,4
143270_at,BECKSTPREPU04HR,Development,W1118,Prepupae,-1,0.7692,4
143271_at,BECKSTPREPU04HR,Development,W1118,Prepupae,1,1.3896,4
143272_at,BECKSTPREPU04HR,Development,W1118,Prepupae,1,2.3488,4
143273_at,BECKSTPREPU04HR,Development,W1118,Prepupae,1,1.7668,4
143274_at,BECKSTPREPU04HR,Development,W1118,Prepupae,0,0.836,4
143275_at,BECKSTPREPU04HR,Development,W1118,Prepupae,1,1.3111,4
143276_at,BECKSTPREPU04HR,Development,W1118,Prepupae,0,1.1254,4
143277_at,BECKSTPREPU04HR,Development,W1118,Prepupae,-1,0.5138,4
143278_at,BECKSTPREPU04HR,Development,W1118,Prepupae,0,1.1532,4
143279_at,BECKSTPREPU04HR,Development,W1118,Prepupae,0,1.1935,4
143280_at,BECKSTPREPU04HR,Development,W1118,Prepupae,0,1.0838,4
143281_at,BECKSTPREPU04HR,Development,W1118,Prepupae,1,2.9882,4
143282_s_at,BECKSTPREPU04HR,Development,W1118,Prepupae,1,1.6128,4
143283_at,BECKSTPREPU04HR,Development,W1118,Prepupae,0,0.9807,4
143284_at,BECKSTPREPU04HR,Development,W1118,Prepupae,1,1.5014,4
143285_at,BECKSTPREPU04HR,Development,W1118,Prepupae,0,1.1416,4
143286_at,BECKSTPREPU04HR,Development,W1118,Prepupae,1,1.2725,4
143287_at,BECKSTPREPU04HR,Development,W1118,Prepupae,0,1.0977,4
143288_at,BECKSTPREPU04HR,Development,W1118,Prepupae,1,1.2773,4
143289_at,BECKSTPREPU04HR,Development,W1118,Prepupae,1,1.3728,4
143290_at,BECKSTPREPU04HR,Development,W1118,Prepupae,1,1.4037,4
143291_at,BECKSTPREPU04HR,Development,W1118,Prepupae,-1,0.7673,4
143292_at,BECKSTPREPU04HR,Development,W1118,Prepupae,1,1.2429,4
143293_at,BECKSTPREPU04HR,Development,W1118,Prepupae,-1,0.7775,4
143294_at,BECKSTPREPU04HR,Development,W1118,Prepupae,1,1.2548,4
143295_at,BECKSTPREPU04HR,Development,W1118,Prepupae,1,2.4969,4
143296_at,BECKSTPREPU04HR,Development,W1118,Prepupae,0,1.1813,4
143297_at,BECKSTPREPU04HR,Development,W1118,Prepupae,0,1.1078,4
143298_at,BECKSTPREPU04HR,Development,W1118,Prepupae,1,1.3992,4
143299_at,BECKSTPREPU04HR,Development,W1118,Prepupae,-1,0.6835,4
143300_at,BECKSTPREPU04HR,Development,W1118,Prepupae,0,1.0717,4
143301_at,BECKSTPREPU04HR,Development,W1118,Prepupae,0,1.0266,4
143302_at,BECKSTPREPU04HR,Development,W1118,Prepupae,0,1.1015,4
143303_at,BECKSTPREPU04HR,Development,W1118,Prepupae,-1,0.6623,4
143304_at,BECKSTPREPU04HR,Development,W1118,Prepupae,1,1.3297,4
143305_at,BECKSTPREPU04HR,Development,W1118,Prepupae,0,0.9166,4
143306_at,BECKSTPREPU04HR,Development,W1118,Prepupae,0,1.0492,4
143307_at,BECKSTPREPU04HR,Development,W1118,Prepupae,0,1.0919,4
143308_at,BECKSTPREPU04HR,Development,W1118,Prepupae,0,0.9659,4
143309_at,BECKSTPREPU04HR,Development,W1118,Prepupae,1,1.4787,4
143310_at,BECKSTPREPU04HR,Development,W1118,Prepupae,0,0.8628,4
143311_at,BECKSTPREPU04HR,Development,W1118,Prepupae,0,1.065,4
143312_at,BECKSTPREPU04HR,Development,W1118,Prepupae,0,1.0196,4
143313_at,BECKSTPREPU04HR,Development,W1118,Prepupae,-1,0.751,4
143314_at,BECKSTPREPU04HR,Development,W1118,Prepupae,0,0.8899,4
143315_at,BECKSTPREPU04HR,Development,W1118,Prepupae,0,1.1982,4
143316_at,BECKSTPREPU04HR,Development,W1118,Prepupae,0,1.1681,4
143317_at,BECKSTPREPU04HR,Development,W1118,Prepupae,-1,0.6216,4
143318_at,BECKSTPREPU04HR,Development,W1118,Prepupae,0,1.0295,4
143319_at,BECKSTPREPU04HR,Development,W1118,Prepupae,0,1.0556,4
143320_at,BECKSTPREPU04HR,Development,W1118,Prepupae,1,1.3608,4
143321_at,BECKSTPREPU04HR,Development,W1118,Prepupae,0,1.1578,4
143322_at,BECKSTPREPU04HR,Development,W1118,Prepupae,0,1.0713,4
143323_at,BECKSTPREPU04HR,Development,W1118,Prepupae,0,1.0117,4
143324_at,BECKSTPREPU04HR,Development,W1118,Prepupae,0,1.1334,4
143325_at,BECKSTPREPU04HR,Development,W1118,Prepupae,0,0.897,4
143326_at,BECKSTPREPU04HR,Development,W1118,Prepupae,0,0.9369,4
143327_at,BECKSTPREPU04HR,Development,W1118,Prepupae,0,1.1199,4
143328_at,BECKSTPREPU04HR,Development,W1118,Prepupae,-1,0.6265,4
143329_at,BECKSTPREPU04HR,Development,W1118,Prepupae,0,0.9121,4
143330_at,BECKSTPREPU04HR,Development,W1118,Prepupae,0,1.136,4
143331_at,BECKSTPREPU04HR,Development,W1118,Prepupae,1,1.3172,4
143332_at,BECKSTPREPU04HR,Development,W1118,Prepupae,-1,0.7078,4
143333_at,BECKSTPREPU04HR,Development,W1118,Prepupae,0,0.9724,4
143334_at,BECKSTPREPU04HR,Development,W1118,Prepupae,-1,0.3057,4
143335_at,BECKSTPREPU04HR,Development,W1118,Prepupae,-1,0.5486,4
143336_at,BECKSTPREPU04HR,Development,W1118,Prepupae,1,1.4513,4
143337_at,BECKSTPREPU04HR,Development,W1118,Prepupae,-1,0.6642,4
143338_f_at,BECKSTPREPU04HR,Development,W1118,Prepupae,1,1.4514,4
143339_i_at,BECKSTPREPU04HR,Development,W1118,Prepupae,0,1.0582,4
143340_f_at,BECKSTPREPU04HR,Development,W1118,Prepupae,1,1.5058,4
143341_at,BECKSTPREPU04HR,Development,W1118,Prepupae,1,2.0574,4
143342_at,BECKSTPREPU04HR,Development,W1118,Prepupae,0,0.8254,4
143343_i_at,BECKSTPREPU04HR,Development,W1118,Prepupae,-1,0.312,4
143344_r_at,BECKSTPREPU04HR,Development,W1118,Prepupae,-1,0.4695,4
143345_at,BECKSTPREPU04HR,Development,W1118,Prepupae,1,8.1907,4
143346_at,BECKSTPREPU04HR,Development,W1118,Prepupae,1,5.6942,4
143347_at,BECKSTPREPU04HR,Development,W1118,Prepupae,1,4.3249,4
143348_at,BECKSTPREPU04HR,Development,W1118,Prepupae,1,3.0818,4
143349_at,BECKSTPREPU04HR,Development,W1118,Prepupae,1,1.4619,4
143350_at,BECKSTPREPU04HR,Development,W1118,Prepupae,1,1.8103,4
143351_at,BECKSTPREPU04HR,Development,W1118,Prepupae,0,1.1899,4
143352_at,BECKSTPREPU04HR,Development,W1118,Prepupae,0,0.8635,4
143353_at,BECKSTPREPU04HR,Development,W1118,Prepupae,0,1.0518,4
143354_at,BECKSTPREPU04HR,Development,W1118,Prepupae,0,1.1266,4
143355_at,BECKSTPREPU04HR,Development,W1118,Prepupae,-1,0.7607,4
143356_at,BECKSTPREPU04HR,Development,W1118,Prepupae,1,1.3305,4
143357_at,BECKSTPREPU04HR,Development,W1118,Prepupae,0,0.9265,4
143358_at,BECKSTPREPU04HR,Development,W1118,Prepupae,-1,0.7953,4
143359_at,BECKSTPREPU04HR,Development,W1118,Prepupae,0,0.8745,4
143360_at,BECKSTPREPU04HR,Development,W1118,Prepupae,0,1.0117,4
143361_at,BECKSTPREPU04HR,Development,W1118,Prepupae,0,0.8572,4
143362_at,BECKSTPREPU04HR,Development,W1118,Prepupae,1,2.0586,4
143363_at,BECKSTPREPU04HR,Development,W1118,Prepupae,-1,0.7148,4
143364_at,BECKSTPREPU04HR,Development,W1118,Prepupae,-1,0.7397,4
143365_at,BECKSTPREPU04HR,Development,W1118,Prepupae,-1,0.7754,4
143366_at,BECKSTPREPU04HR,Development,W1118,Prepupae,0,0.9055,4
143367_at,BECKSTPREPU04HR,Development,W1118,Prepupae,0,1.0356,4
143368_at,BECKSTPREPU04HR,Development,W1118,Prepupae,1,1.662,4
143369_at,BECKSTPREPU04HR,Development,W1118,Prepupae,0,1.0669,4
143370_at,BECKSTPREPU04HR,Development,W1118,Prepupae,0,1.0045,4
143371_at,BECKSTPREPU04HR,Development,W1118,Prepupae,0,0.9275,4
143372_at,BECKSTPREPU04HR,Development,W1118,Prepupae,0,1.0161,4
143373_at,BECKSTPREPU04HR,Development,W1118,Prepupae,-1,0.7064,4
143374_at,BECKSTPREPU04HR,Development,W1118,Prepupae,-1,0.757,4
143375_at,BECKSTPREPU04HR,Development,W1118,Prepupae,1,1.8704,4
143376_at,BECKSTPREPU04HR,Development,W1118,Prepupae,0,1.0943,4
143377_at,BECKSTPREPU04HR,Development,W1118,Prepupae,-1,0.7488,4
143378_at,BECKSTPREPU04HR,Development,W1118,Prepupae,1,1.4368,4
143379_at,BECKSTPREPU04HR,Development,W1118,Prepupae,0,1.0244,4
143380_at,BECKSTPREPU04HR,Development,W1118,Prepupae,-1,0.7987,4
143381_at,BECKSTPREPU04HR,Development,W1118,Prepupae,1,1.6996,4
143382_at,BECKSTPREPU04HR,Development,W1118,Prepupae,0,1.1774,4
143383_at,BECKSTPREPU04HR,Development,W1118,Prepupae,1,1.9038,4
143384_at,BECKSTPREPU04HR,Development,W1118,Prepupae,0,0.9022,4
143385_at,BECKSTPREPU04HR,Development,W1118,Prepupae,1,1.5727,4
143386_at,BECKSTPREPU04HR,Development,W1118,Prepupae,0,1.1441,4
143387_at,BECKSTPREPU04HR,Development,W1118,Prepupae,-1,0.7265,4
143388_at,BECKSTPREPU04HR,Development,W1118,Prepupae,0,1.0499,4
143389_f_at,BECKSTPREPU04HR,Development,W1118,Prepupae,0,1.033,4
143390_at,BECKSTPREPU04HR,Development,W1118,Prepupae,-1,0.7644,4
143391_i_at,BECKSTPREPU04HR,Development,W1118,Prepupae,-1,0.6587,4
143392_r_at,BECKSTPREPU04HR,Development,W1118,Prepupae,0,1.0385,4
143393_at,BECKSTPREPU04HR,Development,W1118,Prepupae,0,0.9993,4
143394_at,BECKSTPREPU04HR,Development,W1118,Prepupae,1,1.6963,4
143395_at,BECKSTPREPU04HR,Development,W1118,Prepupae,0,0.9745,4
143396_at,BECKSTPREPU04HR,Development,W1118,Prepupae,1,1.3112,4
143397_at,BECKSTPREPU04HR,Development,W1118,Prepupae,0,0.9505,4
143398_at,BECKSTPREPU04HR,Development,W1118,Prepupae,0,0.9557,4
143399_at,BECKSTPREPU04HR,Development,W1118,Prepupae,-1,0.7374,4
143400_at,BECKSTPREPU04HR,Development,W1118,Prepupae,1,1.2335,4
143401_at,BECKSTPREPU04HR,Development,W1118,Prepupae,1,1.2571,4
143402_at,BECKSTPREPU04HR,Development,W1118,Prepupae,0,1.0973,4
143403_at,BECKSTPREPU04HR,Development,W1118,Prepupae,-1,0.7279,4
143404_at,BECKSTPREPU04HR,Development,W1118,Prepupae,1,1.2938,4
143405_at,BECKSTPREPU04HR,Development,W1118,Prepupae,1,1.42,4
143406_at,BECKSTPREPU04HR,Development,W1118,Prepupae,0,1.0169,4
143407_at,BECKSTPREPU04HR,Development,W1118,Prepupae,1,1.2612,4
143408_at,BECKSTPREPU04HR,Development,W1118,Prepupae,0,1.0138,4
143409_at,BECKSTPREPU04HR,Development,W1118,Prepupae,0,0.936,4
143410_at,BECKSTPREPU04HR,Development,W1118,Prepupae,0,1.0305,4
143411_at,BECKSTPREPU04HR,Development,W1118,Prepupae,-1,0.4829,4
143412_at,BECKSTPREPU04HR,Development,W1118,Prepupae,0,0.9742,4
143413_at,BECKSTPREPU04HR,Development,W1118,Prepupae,0,0.888,4
143414_at,BECKSTPREPU04HR,Development,W1118,Prepupae,-1,0.648,4
143415_at,BECKSTPREPU04HR,Development,W1118,Prepupae,0,1.066,4
143416_at,BECKSTPREPU04HR,Development,W1118,Prepupae,1,1.4292,4
143417_at,BECKSTPREPU04HR,Development,W1118,Prepupae,1,1.2585,4
143418_at,BECKSTPREPU04HR,Development,W1118,Prepupae,1,1.3234,4
143419_at,BECKSTPREPU04HR,Development,W1118,Prepupae,1,1.4663,4
143420_at,BECKSTPREPU04HR,Development,W1118,Prepupae,0,1.1919,4
143421_at,BECKSTPREPU04HR,Development,W1118,Prepupae,1,1.4101,4
143422_at,BECKSTPREPU04HR,Development,W1118,Prepupae,0,0.9039,4
143423_at,BECKSTPREPU04HR,Development,W1118,Prepupae,0,0.9752,4
143424_at,BECKSTPREPU04HR,Development,W1118,Prepupae,0,0.9262,4
143425_at,BECKSTPREPU04HR,Development,W1118,Prepupae,1,1.5419,4
143426_at,BECKSTPREPU04HR,Development,W1118,Prepupae,1,1.3429,4
143427_at,BECKSTPREPU04HR,Development,W1118,Prepupae,0,1.1974,4
143428_at,BECKSTPREPU04HR,Development,W1118,Prepupae,1,1.9094,4
143429_at,BECKSTPREPU04HR,Development,W1118,Prepupae,0,1.0957,4
143430_at,BECKSTPREPU04HR,Development,W1118,Prepupae,1,2.1802,4
143431_at,BECKSTPREPU04HR,Development,W1118,Prepupae,0,0.9971,4
143432_at,BECKSTPREPU04HR,Development,W1118,Prepupae,0,0.9456,4
143433_at,BECKSTPREPU04HR,Development,W1118,Prepupae,0,1.0043,4
143434_at,BECKSTPREPU04HR,Development,W1118,Prepupae,0,1.0378,4
143435_at,BECKSTPREPU04HR,Development,W1118,Prepupae,0,1.0522,4
143436_at,BECKSTPREPU04HR,Development,W1118,Prepupae,0,1.0194,4
143437_at,BECKSTPREPU04HR,Development,W1118,Prepupae,1,1.8956,4
143438_at,BECKSTPREPU04HR,Development,W1118,Prepupae,-1,0.7401,4
143439_at,BECKSTPREPU04HR,Development,W1118,Prepupae,1,1.6484,4
143440_at,BECKSTPREPU04HR,Development,W1118,Prepupae,-1,0.5527,4
143441_at,BECKSTPREPU04HR,Development,W1118,Prepupae,1,1.2494,4
143442_at,BECKSTPREPU04HR,Development,W1118,Prepupae,0,1.0741,4
143443_at,BECKSTPREPU04HR,Development,W1118,Prepupae,0,0.9721,4
143444_at,BECKSTPREPU04HR,Development,W1118,Prepupae,0,1.0672,4
143445_at,BECKSTPREPU04HR,Development,W1118,Prepupae,0,1.0202,4
143446_at,BECKSTPREPU04HR,Development,W1118,Prepupae,-1,0.7374,4
143447_at,BECKSTPREPU04HR,Development,W1118,Prepupae,0,0.9986,4
143448_at,BECKSTPREPU04HR,Development,W1118,Prepupae,0,0.9756,4
143449_at,BECKSTPREPU04HR,Development,W1118,Prepupae,0,0.9125,4
143450_at,BECKSTPREPU04HR,Development,W1118,Prepupae,1,1.6842,4
143451_at,BECKSTPREPU04HR,Development,W1118,Prepupae,1,1.2499,4
143452_at,BECKSTPREPU04HR,Development,W1118,Prepupae,0,0.9722,4
143453_at,BECKSTPREPU04HR,Development,W1118,Prepupae,0,0.9025,4
143454_at,BECKSTPREPU04HR,Development,W1118,Prepupae,0,0.99,4
143455_at,BECKSTPREPU04HR,Development,W1118,Prepupae,1,1.3014,4
143456_at,BECKSTPREPU04HR,Development,W1118,Prepupae,-1,0.6777,4
143457_at,BECKSTPREPU04HR,Development,W1118,Prepupae,0,1.0107,4
143458_at,BECKSTPREPU04HR,Development,W1118,Prepupae,0,0.948,4
143459_at,BECKSTPREPU04HR,Development,W1118,Prepupae,0,0.9854,4
143460_at,BECKSTPREPU04HR,Development,W1118,Prepupae,0,0.8495,4
143461_at,BECKSTPREPU04HR,Development,W1118,Prepupae,0,0.8613,4
143462_at,BECKSTPREPU04HR,Development,W1118,Prepupae,0,0.925,4
143463_at,BECKSTPREPU04HR,Development,W1118,Prepupae,1,1.3133,4
143464_f_at,BECKSTPREPU04HR,Development,W1118,Prepupae,1,2.7318,4
143465_f_at,BECKSTPREPU04HR,Development,W1118,Prepupae,1,4.0304,4
143466_f_at,BECKSTPREPU04HR,Development,W1118,Prepupae,1,3.1572,4
143467_f_at,BECKSTPREPU04HR,Development,W1118,Prepupae,1,3.2549,4
143468_at,BECKSTPREPU04HR,Development,W1118,Prepupae,0,1.138,4
143469_at,BECKSTPREPU04HR,Development,W1118,Prepupae,1,2.55,4
143470_at,BECKSTPREPU04HR,Development,W1118,Prepupae,-1,0.6432,4
143471_at,BECKSTPREPU04HR,Development,W1118,Prepupae,1,1.5235,4
143472_at,BECKSTPREPU04HR,Development,W1118,Prepupae,0,0.8143,4
143473_at,BECKSTPREPU04HR,Development,W1118,Prepupae,0,0.927,4
143474_at,BECKSTPREPU04HR,Development,W1118,Prepupae,0,1.1529,4
143475_at,BECKSTPREPU04HR,Development,W1118,Prepupae,1,1.2781,4
143476_at,BECKSTPREPU04HR,Development,W1118,Prepupae,0,1.1244,4
143477_at,BECKSTPREPU04HR,Development,W1118,Prepupae,-1,0.5096,4
143478_at,BECKSTPREPU04HR,Development,W1118,Prepupae,0,1.0863,4
143479_at,BECKSTPREPU04HR,Development,W1118,Prepupae,0,0.9456,4
143480_at,BECKSTPREPU04HR,Development,W1118,Prepupae,0,1.1256,4
143481_at,BECKSTPREPU04HR,Development,W1118,Prepupae,1,1.813,4
143482_at,BECKSTPREPU04HR,Development,W1118,Prepupae,1,1.3649,4
143483_at,BECKSTPREPU04HR,Development,W1118,Prepupae,0,0.8118,4
143484_at,BECKSTPREPU04HR,Development,W1118,Prepupae,0,1.0638,4
143485_at,BECKSTPREPU04HR,Development,W1118,Prepupae,1,1.2351,4
143486_at,BECKSTPREPU04HR,Development,W1118,Prepupae,0,1.0562,4
143487_at,BECKSTPREPU04HR,Development,W1118,Prepupae,0,0.8875,4
143488_at,BECKSTPREPU04HR,Development,W1118,Prepupae,0,0.9836,4
143489_at,BECKSTPREPU04HR,Development,W1118,Prepupae,-1,0.0708,4
143490_at,BECKSTPREPU04HR,Development,W1118,Prepupae,-1,0.0811,4
143491_at,BECKSTPREPU04HR,Development,W1118,Prepupae,-1,0.0995,4
143492_at,BECKSTPREPU04HR,Development,W1118,Prepupae,-1,0.108,4
143493_at,BECKSTPREPU04HR,Development,W1118,Prepupae,1,2.8177,4
143494_at,BECKSTPREPU04HR,Development,W1118,Prepupae,-1,0.279,4
143495_at,BECKSTPREPU04HR,Development,W1118,Prepupae,-1,0.1044,4
143496_at,BECKSTPREPU04HR,Development,W1118,Prepupae,1,1.5403,4
143497_at,BECKSTPREPU04HR,Development,W1118,Prepupae,1,1.4929,4
143498_at,BECKSTPREPU04HR,Development,W1118,Prepupae,0,0.9175,4
143499_at,BECKSTPREPU04HR,Development,W1118,Prepupae,0,0.9457,4
143500_at,BECKSTPREPU04HR,Development,W1118,Prepupae,1,1.3844,4
143501_at,BECKSTPREPU04HR,Development,W1118,Prepupae,1,1.3643,4
143502_at,BECKSTPREPU04HR,Development,W1118,Prepupae,1,1.4035,4
143503_at,BECKSTPREPU04HR,Development,W1118,Prepupae,0,0.8735,4
143504_at,BECKSTPREPU04HR,Development,W1118,Prepupae,0,0.9723,4
143505_at,BECKSTPREPU04HR,Development,W1118,Prepupae,0,0.8987,4
143506_at,BECKSTPREPU04HR,Development,W1118,Prepupae,0,1.0272,4
143507_at,BECKSTPREPU04HR,Development,W1118,Prepupae,-1,0.7794,4
143508_at,BECKSTPREPU04HR,Development,W1118,Prepupae,0,0.9373,4
143509_at,BECKSTPREPU04HR,Development,W1118,Prepupae,1,1.3022,4
143510_at,BECKSTPREPU04HR,Development,W1118,Prepupae,0,0.9713,4
143511_at,BECKSTPREPU04HR,Development,W1118,Prepupae,0,1.0528,4
143512_f_at,BECKSTPREPU04HR,Development,W1118,Prepupae,0,1.1293,4
143513_at,BECKSTPREPU04HR,Development,W1118,Prepupae,-1,0.7634,4
143514_s_at,BECKSTPREPU04HR,Development,W1118,Prepupae,1,1.3024,4
143515_at,BECKSTPREPU04HR,Development,W1118,Prepupae,1,1.5731,4
143516_at,BECKSTPREPU04HR,Development,W1118,Prepupae,-1,0.4019,4
143517_at,BECKSTPREPU04HR,Development,W1118,Prepupae,0,0.9668,4
143518_at,BECKSTPREPU04HR,Development,W1118,Prepupae,0,1.0256,4
143519_at,BECKSTPREPU04HR,Development,W1118,Prepupae,0,0.8417,4
143520_at,BECKSTPREPU04HR,Development,W1118,Prepupae,0,0.9764,4
143521_at,BECKSTPREPU04HR,Development,W1118,Prepupae,-1,0.6003,4
143522_at,BECKSTPREPU04HR,Development,W1118,Prepupae,0,1.0695,4
143523_at,BECKSTPREPU04HR,Development,W1118,Prepupae,0,1.0645,4
143524_at,BECKSTPREPU04HR,Development,W1118,Prepupae,1,1.5127,4
143525_at,BECKSTPREPU04HR,Development,W1118,Prepupae,0,0.8691,4
143526_at,BECKSTPREPU04HR,Development,W1118,Prepupae,0,0.9338,4
143527_at,BECKSTPREPU04HR,Development,W1118,Prepupae,0,1.1189,4
143528_at,BECKSTPREPU04HR,Development,W1118,Prepupae,-1,0.6777,4
143529_at,BECKSTPREPU04HR,Development,W1118,Prepupae,1,1.6408,4
143530_at,BECKSTPREPU04HR,Development,W1118,Prepupae,1,1.2926,4
143531_at,BECKSTPREPU04HR,Development,W1118,Prepupae,0,1.1553,4
143532_at,BECKSTPREPU04HR,Development,W1118,Prepupae,0,1.1105,4
143533_at,BECKSTPREPU04HR,Development,W1118,Prepupae,0,1.1896,4
143534_at,BECKSTPREPU04HR,Development,W1118,Prepupae,0,0.8464,4
143535_at,BECKSTPREPU04HR,Development,W1118,Prepupae,0,0.9566,4
143536_at,BECKSTPREPU04HR,Development,W1118,Prepupae,-1,0.7911,4
143537_at,BECKSTPREPU04HR,Development,W1118,Prepupae,-1,0.6771,4
143538_at,BECKSTPREPU04HR,Development,W1118,Prepupae,0,1.1159,4
143539_at,BECKSTPREPU04HR,Development,W1118,Prepupae,0,1.0217,4
143540_at,BECKSTPREPU04HR,Development,W1118,Prepupae,-1,0.5552,4
143541_at,BECKSTPREPU04HR,Development,W1118,Prepupae,-1,0.6469,4
143542_at,BECKSTPREPU04HR,Development,W1118,Prepupae,0,0.9567,4
143543_at,BECKSTPREPU04HR,Development,W1118,Prepupae,1,1.2603,4
143544_at,BECKSTPREPU04HR,Development,W1118,Prepupae,0,1.0782,4
143545_at,BECKSTPREPU04HR,Development,W1118,Prepupae,0,1.0608,4
143546_at,BECKSTPREPU04HR,Development,W1118,Prepupae,0,1.0554,4
143547_at,BECKSTPREPU04HR,Development,W1118,Prepupae,0,0.8607,4
143548_at,BECKSTPREPU04HR,Development,W1118,Prepupae,0,1.0538,4
143549_at,BECKSTPREPU04HR,Development,W1118,Prepupae,0,0.9269,4
143550_at,BECKSTPREPU04HR,Development,W1118,Prepupae,0,1.0321,4
143551_at,BECKSTPREPU04HR,Development,W1118,Prepupae,1,1.7255,4
143552_at,BECKSTPREPU04HR,Development,W1118,Prepupae,0,1.0684,4
143553_at,BECKSTPREPU04HR,Development,W1118,Prepupae,1,1.7649,4
143554_at,BECKSTPREPU04HR,Development,W1118,Prepupae,1,1.3171,4
143555_at,BECKSTPREPU04HR,Development,W1118,Prepupae,1,1.7279,4
143556_at,BECKSTPREPU04HR,Development,W1118,Prepupae,0,0.9742,4
143557_at,BECKSTPREPU04HR,Development,W1118,Prepupae,-1,0.676,4
143558_at,BECKSTPREPU04HR,Development,W1118,Prepupae,-1,0.7777,4
143559_at,BECKSTPREPU04HR,Development,W1118,Prepupae,-1,0.5229,4
143560_at,BECKSTPREPU04HR,Development,W1118,Prepupae,0,0.9038,4
143561_at,BECKSTPREPU04HR,Development,W1118,Prepupae,0,1.054,4
143562_at,BECKSTPREPU04HR,Development,W1118,Prepupae,0,1.0989,4
143563_at,BECKSTPREPU04HR,Development,W1118,Prepupae,-1,0.6834,4
143564_at,BECKSTPREPU04HR,Development,W1118,Prepupae,-1,0.6832,4
143565_at,BECKSTPREPU04HR,Development,W1118,Prepupae,-1,0.6034,4
143566_i_at,BECKSTPREPU04HR,Development,W1118,Prepupae,-1,0.556,4
143567_r_at,BECKSTPREPU04HR,Development,W1118,Prepupae,-1,0.5489,4
143568_at,BECKSTPREPU04HR,Development,W1118,Prepupae,-1,0.6587,4
143569_at,BECKSTPREPU04HR,Development,W1118,Prepupae,0,1.127,4
143570_at,BECKSTPREPU04HR,Development,W1118,Prepupae,1,1.3923,4
143571_at,BECKSTPREPU04HR,Development,W1118,Prepupae,0,1.0891,4
143572_at,BECKSTPREPU04HR,Development,W1118,Prepupae,1,1.2076,4
143573_at,BECKSTPREPU04HR,Development,W1118,Prepupae,0,0.9921,4
143574_at,BECKSTPREPU04HR,Development,W1118,Prepupae,1,1.4083,4
143575_at,BECKSTPREPU04HR,Development,W1118,Prepupae,0,1.1423,4
143576_at,BECKSTPREPU04HR,Development,W1118,Prepupae,0,1.0535,4
143577_at,BECKSTPREPU04HR,Development,W1118,Prepupae,1,1.2661,4
143578_at,BECKSTPREPU04HR,Development,W1118,Prepupae,-1,0.7254,4
143579_at,BECKSTPREPU04HR,Development,W1118,Prepupae,1,1.2831,4
143580_at,BECKSTPREPU04HR,Development,W1118,Prepupae,-1,0.6414,4
143581_at,BECKSTPREPU04HR,Development,W1118,Prepupae,-1,0.7099,4
143582_at,BECKSTPREPU04HR,Development,W1118,Prepupae,0,1.0291,4
143583_at,BECKSTPREPU04HR,Development,W1118,Prepupae,0,1.1737,4
143584_at,BECKSTPREPU04HR,Development,W1118,Prepupae,0,1.0029,4
143585_at,BECKSTPREPU04HR,Development,W1118,Prepupae,0,1.15,4
143586_at,BECKSTPREPU04HR,Development,W1118,Prepupae,0,0.8885,4
143587_at,BECKSTPREPU04HR,Development,W1118,Prepupae,0,1.1458,4
143588_at,BECKSTPREPU04HR,Development,W1118,Prepupae,0,0.9343,4
143589_at,BECKSTPREPU04HR,Development,W1118,Prepupae,1,1.4117,4
143590_at,BECKSTPREPU04HR,Development,W1118,Prepupae,0,1.191,4
143591_at,BECKSTPREPU04HR,Development,W1118,Prepupae,0,0.9216,4
143592_at,BECKSTPREPU04HR,Development,W1118,Prepupae,1,1.4086,4
143593_at,BECKSTPREPU04HR,Development,W1118,Prepupae,0,1.188,4
143594_at,BECKSTPREPU04HR,Development,W1118,Prepupae,0,0.9553,4
143595_at,BECKSTPREPU04HR,Development,W1118,Prepupae,1,1.236,4
143596_at,BECKSTPREPU04HR,Development,W1118,Prepupae,1,1.8595,4
143597_at,BECKSTPREPU04HR,Development,W1118,Prepupae,-1,0.5361,4
143598_at,BECKSTPREPU04HR,Development,W1118,Prepupae,0,1.0887,4
143599_at,BECKSTPREPU04HR,Development,W1118,Prepupae,0,1.1996,4
143600_at,BECKSTPREPU04HR,Development,W1118,Prepupae,0,1,4
143601_at,BECKSTPREPU04HR,Development,W1118,Prepupae,-1,0.5865,4
143602_at,BECKSTPREPU04HR,Development,W1118,Prepupae,1,2.1653,4
143603_i_at,BECKSTPREPU04HR,Development,W1118,Prepupae,1,1.6682,4
143604_r_at,BECKSTPREPU04HR,Development,W1118,Prepupae,1,2.1047,4
143605_at,BECKSTPREPU04HR,Development,W1118,Prepupae,-1,0.6713,4
143606_at,BECKSTPREPU04HR,Development,W1118,Prepupae,1,1.6706,4
143607_at,BECKSTPREPU04HR,Development,W1118,Prepupae,0,1.0762,4
143608_at,BECKSTPREPU04HR,Development,W1118,Prepupae,1,1.3493,4
143609_at,BECKSTPREPU04HR,Development,W1118,Prepupae,-1,0.6801,4
143610_at,BECKSTPREPU04HR,Development,W1118,Prepupae,1,2.1958,4
143611_at,BECKSTPREPU04HR,Development,W1118,Prepupae,0,0.9282,4
143612_at,BECKSTPREPU04HR,Development,W1118,Prepupae,1,1.4212,4
143613_at,BECKSTPREPU04HR,Development,W1118,Prepupae,1,1.43,4
143614_at,BECKSTPREPU04HR,Development,W1118,Prepupae,1,1.4788,4
143615_at,BECKSTPREPU04HR,Development,W1118,Prepupae,0,0.9244,4
143616_at,BECKSTPREPU04HR,Development,W1118,Prepupae,0,0.9844,4
143617_at,BECKSTPREPU04HR,Development,W1118,Prepupae,0,0.9599,4
143618_at,BECKSTPREPU04HR,Development,W1118,Prepupae,0,0.9542,4
143619_at,BECKSTPREPU04HR,Development,W1118,Prepupae,0,0.9821,4
143620_at,BECKSTPREPU04HR,Development,W1118,Prepupae,0,0.9255,4
143621_at,BECKSTPREPU04HR,Development,W1118,Prepupae,0,0.9001,4
143622_at,BECKSTPREPU04HR,Development,W1118,Prepupae,1,1.4785,4
143623_at,BECKSTPREPU04HR,Development,W1118,Prepupae,1,1.3259,4
143624_at,BECKSTPREPU04HR,Development,W1118,Prepupae,1,1.8634,4
143625_at,BECKSTPREPU04HR,Development,W1118,Prepupae,0,1.0037,4
143626_at,BECKSTPREPU04HR,Development,W1118,Prepupae,1,1.437,4
143627_at,BECKSTPREPU04HR,Development,W1118,Prepupae,0,0.8872,4
143628_at,BECKSTPREPU04HR,Development,W1118,Prepupae,-1,0.6909,4
143629_at,BECKSTPREPU04HR,Development,W1118,Prepupae,0,0.9283,4
143630_at,BECKSTPREPU04HR,Development,W1118,Prepupae,1,1.3061,4
143631_at,BECKSTPREPU04HR,Development,W1118,Prepupae,-1,0.781,4
143632_at,BECKSTPREPU04HR,Development,W1118,Prepupae,-1,0.6054,4
143633_at,BECKSTPREPU04HR,Development,W1118,Prepupae,0,0.9201,4
143634_at,BECKSTPREPU04HR,Development,W1118,Prepupae,0,0.8703,4
143635_at,BECKSTPREPU04HR,Development,W1118,Prepupae,0,0.8691,4
143636_at,BECKSTPREPU04HR,Development,W1118,Prepupae,-1,0.5672,4
143637_at,BECKSTPREPU04HR,Development,W1118,Prepupae,0,0.9218,4
143638_at,BECKSTPREPU04HR,Development,W1118,Prepupae,-1,0.5419,4
143639_at,BECKSTPREPU04HR,Development,W1118,Prepupae,0,1.1557,4
143640_at,BECKSTPREPU04HR,Development,W1118,Prepupae,1,1.5785,4
143641_at,BECKSTPREPU04HR,Development,W1118,Prepupae,-1,0.7041,4
143642_at,BECKSTPREPU04HR,Development,W1118,Prepupae,0,0.9636,4
143643_at,BECKSTPREPU04HR,Development,W1118,Prepupae,-1,0.7904,4
143644_at,BECKSTPREPU04HR,Development,W1118,Prepupae,0,0.8646,4
143645_at,BECKSTPREPU04HR,Development,W1118,Prepupae,1,1.2997,4
143646_at,BECKSTPREPU04HR,Development,W1118,Prepupae,1,2.1189,4
143647_at,BECKSTPREPU04HR,Development,W1118,Prepupae,1,1.2776,4
143648_at,BECKSTPREPU04HR,Development,W1118,Prepupae,0,1.0299,4
143649_at,BECKSTPREPU04HR,Development,W1118,Prepupae,0,0.9679,4
143650_at,BECKSTPREPU04HR,Development,W1118,Prepupae,0,1.1211,4
143651_at,BECKSTPREPU04HR,Development,W1118,Prepupae,0,1.0434,4
143652_at,BECKSTPREPU04HR,Development,W1118,Prepupae,1,1.5942,4
143653_at,BECKSTPREPU04HR,Development,W1118,Prepupae,1,1.6987,4
143654_at,BECKSTPREPU04HR,Development,W1118,Prepupae,0,1.04,4
143655_at,BECKSTPREPU04HR,Development,W1118,Prepupae,0,0.8206,4
143656_at,BECKSTPREPU04HR,Development,W1118,Prepupae,-1,0.791,4
143657_at,BECKSTPREPU04HR,Development,W1118,Prepupae,0,1.0157,4
143658_at,BECKSTPREPU04HR,Development,W1118,Prepupae,0,0.8827,4
143659_at,BECKSTPREPU04HR,Development,W1118,Prepupae,1,1.3683,4
143660_at,BECKSTPREPU04HR,Development,W1118,Prepupae,1,3.0533,4
143661_at,BECKSTPREPU04HR,Development,W1118,Prepupae,1,1.8355,4
143662_at,BECKSTPREPU04HR,Development,W1118,Prepupae,0,0.8091,4
143663_at,BECKSTPREPU04HR,Development,W1118,Prepupae,-1,0.547,4
143664_at,BECKSTPREPU04HR,Development,W1118,Prepupae,-1,0.6432,4
143665_at,BECKSTPREPU04HR,Development,W1118,Prepupae,-1,0.5154,4
143666_at,BECKSTPREPU04HR,Development,W1118,Prepupae,0,1.1472,4
143667_at,BECKSTPREPU04HR,Development,W1118,Prepupae,-1,0.7429,4
143668_at,BECKSTPREPU04HR,Development,W1118,Prepupae,-1,0.7596,4
143669_at,BECKSTPREPU04HR,Development,W1118,Prepupae,0,1.081,4
143670_at,BECKSTPREPU04HR,Development,W1118,Prepupae,-1,0.4944,4
143671_at,BECKSTPREPU04HR,Development,W1118,Prepupae,0,1.1475,4
143672_at,BECKSTPREPU04HR,Development,W1118,Prepupae,0,1.1236,4
143673_at,BECKSTPREPU04HR,Development,W1118,Prepupae,1,3.8076,4
143674_at,BECKSTPREPU04HR,Development,W1118,Prepupae,-1,0.688,4
143675_at,BECKSTPREPU04HR,Development,W1118,Prepupae,-1,0.4781,4
143676_at,BECKSTPREPU04HR,Development,W1118,Prepupae,0,1.0453,4
143677_at,BECKSTPREPU04HR,Development,W1118,Prepupae,0,1.0767,4
143678_at,BECKSTPREPU04HR,Development,W1118,Prepupae,1,1.4286,4
143679_at,BECKSTPREPU04HR,Development,W1118,Prepupae,0,0.9597,4
143680_at,BECKSTPREPU04HR,Development,W1118,Prepupae,-1,0.3325,4
143681_at,BECKSTPREPU04HR,Development,W1118,Prepupae,-1,0.7979,4
143682_at,BECKSTPREPU04HR,Development,W1118,Prepupae,1,1.3526,4
143683_at,BECKSTPREPU04HR,Development,W1118,Prepupae,0,1.0825,4
143684_at,BECKSTPREPU04HR,Development,W1118,Prepupae,1,1.3484,4
143685_at,BECKSTPREPU04HR,Development,W1118,Prepupae,-1,0.6255,4
143686_at,BECKSTPREPU04HR,Development,W1118,Prepupae,0,0.8306,4
143687_at,BECKSTPREPU04HR,Development,W1118,Prepupae,0,0.8341,4
143688_at,BECKSTPREPU04HR,Development,W1118,Prepupae,0,1.1198,4
143689_at,BECKSTPREPU04HR,Development,W1118,Prepupae,0,1.1146,4
143690_at,BECKSTPREPU04HR,Development,W1118,Prepupae,0,0.9104,4
143691_at,BECKSTPREPU04HR,Development,W1118,Prepupae,0,0.9613,4
143692_at,BECKSTPREPU04HR,Development,W1118,Prepupae,-1,0.6592,4
143693_at,BECKSTPREPU04HR,Development,W1118,Prepupae,0,0.9116,4
143694_at,BECKSTPREPU04HR,Development,W1118,Prepupae,1,1.3988,4
143695_at,BECKSTPREPU04HR,Development,W1118,Prepupae,1,1.4274,4
143696_at,BECKSTPREPU04HR,Development,W1118,Prepupae,0,0.8205,4
143697_at,BECKSTPREPU04HR,Development,W1118,Prepupae,1,1.4829,4
143698_at,BECKSTPREPU04HR,Development,W1118,Prepupae,1,1.7403,4
143699_at,BECKSTPREPU04HR,Development,W1118,Prepupae,1,1.6767,4
143700_at,BECKSTPREPU04HR,Development,W1118,Prepupae,0,1.0375,4
143701_at,BECKSTPREPU04HR,Development,W1118,Prepupae,0,0.8797,4
143702_at,BECKSTPREPU04HR,Development,W1118,Prepupae,-1,0.5243,4
143703_at,BECKSTPREPU04HR,Development,W1118,Prepupae,0,1.006,4
143704_s_at,BECKSTPREPU04HR,Development,W1118,Prepupae,0,0.9335,4
143705_r_at,BECKSTPREPU04HR,Development,W1118,Prepupae,-1,0.3852,4
143706_at,BECKSTPREPU04HR,Development,W1118,Prepupae,-1,0.7105,4
143707_at,BECKSTPREPU04HR,Development,W1118,Prepupae,0,1.1974,4
143708_at,BECKSTPREPU04HR,Development,W1118,Prepupae,0,0.8408,4
143709_at,BECKSTPREPU04HR,Development,W1118,Prepupae,1,1.75,4
143710_at,BECKSTPREPU04HR,Development,W1118,Prepupae,1,1.3817,4
143711_at,BECKSTPREPU04HR,Development,W1118,Prepupae,0,1.0016,4
143712_at,BECKSTPREPU04HR,Development,W1118,Prepupae,0,1.0338,4
143713_at,BECKSTPREPU04HR,Development,W1118,Prepupae,0,1.14,4
143714_at,BECKSTPREPU04HR,Development,W1118,Prepupae,1,1.4389,4
143715_at,BECKSTPREPU04HR,Development,W1118,Prepupae,-1,0.7967,4
143716_at,BECKSTPREPU04HR,Development,W1118,Prepupae,-1,0.4379,4
143717_at,BECKSTPREPU04HR,Development,W1118,Prepupae,0,0.9542,4
143718_at,BECKSTPREPU04HR,Development,W1118,Prepupae,0,1.0329,4
143719_at,BECKSTPREPU04HR,Development,W1118,Prepupae,1,1.3838,4
143720_at,BECKSTPREPU04HR,Development,W1118,Prepupae,0,1.088,4
143721_at,BECKSTPREPU04HR,Development,W1118,Prepupae,-1,0.6128,4
143722_at,BECKSTPREPU04HR,Development,W1118,Prepupae,1,1.2649,4
143723_at,BECKSTPREPU04HR,Development,W1118,Prepupae,1,1.2335,4
143724_at,BECKSTPREPU04HR,Development,W1118,Prepupae,1,1.2232,4
143725_at,BECKSTPREPU04HR,Development,W1118,Prepupae,1,1.2788,4
143726_at,BECKSTPREPU04HR,Development,W1118,Prepupae,0,0.9724,4
143727_at,BECKSTPREPU04HR,Development,W1118,Prepupae,1,1.3571,4
143728_at,BECKSTPREPU04HR,Development,W1118,Prepupae,1,1.586,4
143729_at,BECKSTPREPU04HR,Development,W1118,Prepupae,0,0.8708,4
143730_at,BECKSTPREPU04HR,Development,W1118,Prepupae,0,0.9923,4
143731_at,BECKSTPREPU04HR,Development,W1118,Prepupae,0,0.8943,4
143732_at,BECKSTPREPU04HR,Development,W1118,Prepupae,0,1.1914,4
143733_at,BECKSTPREPU04HR,Development,W1118,Prepupae,0,1.0268,4
143734_at,BECKSTPREPU04HR,Development,W1118,Prepupae,0,1.1263,4
143735_at,BECKSTPREPU04HR,Development,W1118,Prepupae,-1,0.6575,4
143736_at,BECKSTPREPU04HR,Development,W1118,Prepupae,0,1.0369,4
143737_at,BECKSTPREPU04HR,Development,W1118,Prepupae,0,0.8978,4
143738_at,BECKSTPREPU04HR,Development,W1118,Prepupae,0,0.8134,4
143739_at,BECKSTPREPU04HR,Development,W1118,Prepupae,0,0.8162,4
143740_at,BECKSTPREPU04HR,Development,W1118,Prepupae,0,1.0242,4
143741_at,BECKSTPREPU04HR,Development,W1118,Prepupae,-1,0.5923,4
143742_at,BECKSTPREPU04HR,Development,W1118,Prepupae,-1,0.664,4
143743_at,BECKSTPREPU04HR,Development,W1118,Prepupae,0,1.0486,4
143744_at,BECKSTPREPU04HR,Development,W1118,Prepupae,0,1.1855,4
143745_at,BECKSTPREPU04HR,Development,W1118,Prepupae,0,1.0396,4
143746_at,BECKSTPREPU04HR,Development,W1118,Prepupae,0,1.0122,4
143747_at,BECKSTPREPU04HR,Development,W1118,Prepupae,0,0.8448,4
143748_at,BECKSTPREPU04HR,Development,W1118,Prepupae,0,1.0196,4
143749_at,BECKSTPREPU04HR,Development,W1118,Prepupae,1,1.3736,4
143750_at,BECKSTPREPU04HR,Development,W1118,Prepupae,0,1.175,4
143751_at,BECKSTPREPU04HR,Development,W1118,Prepupae,1,1.42,4
143752_at,BECKSTPREPU04HR,Development,W1118,Prepupae,1,1.2088,4
143753_at,BECKSTPREPU04HR,Development,W1118,Prepupae,0,1.1847,4
143754_at,BECKSTPREPU04HR,Development,W1118,Prepupae,1,1.2189,4
143755_at,BECKSTPREPU04HR,Development,W1118,Prepupae,0,1.0012,4
143756_at,BECKSTPREPU04HR,Development,W1118,Prepupae,0,1.1031,4
143757_at,BECKSTPREPU04HR,Development,W1118,Prepupae,0,0.9922,4
143758_at,BECKSTPREPU04HR,Development,W1118,Prepupae,1,1.3486,4
143759_at,BECKSTPREPU04HR,Development,W1118,Prepupae,1,1.6097,4
143760_at,BECKSTPREPU04HR,Development,W1118,Prepupae,0,0.8265,4
143761_at,BECKSTPREPU04HR,Development,W1118,Prepupae,0,0.9032,4
143762_at,BECKSTPREPU04HR,Development,W1118,Prepupae,1,1.501,4
143763_at,BECKSTPREPU04HR,Development,W1118,Prepupae,-1,0.3973,4
143764_at,BECKSTPREPU04HR,Development,W1118,Prepupae,1,1.3575,4
143765_at,BECKSTPREPU04HR,Development,W1118,Prepupae,0,0.9038,4
143766_i_at,BECKSTPREPU04HR,Development,W1118,Prepupae,0,0.8588,4
143767_r_at,BECKSTPREPU04HR,Development,W1118,Prepupae,0,0.9664,4
143768_at,BECKSTPREPU04HR,Development,W1118,Prepupae,1,1.2982,4
143769_at,BECKSTPREPU04HR,Development,W1118,Prepupae,0,1.1133,4
143770_at,BECKSTPREPU04HR,Development,W1118,Prepupae,1,2.0656,4
143771_at,BECKSTPREPU04HR,Development,W1118,Prepupae,0,0.9043,4
143772_at,BECKSTPREPU04HR,Development,W1118,Prepupae,0,1.0605,4
143773_at,BECKSTPREPU04HR,Development,W1118,Prepupae,1,1.2811,4
143774_at,BECKSTPREPU04HR,Development,W1118,Prepupae,-1,0.6122,4
143775_at,BECKSTPREPU04HR,Development,W1118,Prepupae,1,1.5961,4
143776_at,BECKSTPREPU04HR,Development,W1118,Prepupae,0,1.1131,4
143777_at,BECKSTPREPU04HR,Development,W1118,Prepupae,0,1.019,4
143778_at,BECKSTPREPU04HR,Development,W1118,Prepupae,-1,0.7753,4
143779_at,BECKSTPREPU04HR,Development,W1118,Prepupae,1,1.282,4
143780_at,BECKSTPREPU04HR,Development,W1118,Prepupae,0,1.1792,4
143781_at,BECKSTPREPU04HR,Development,W1118,Prepupae,1,1.2569,4
143782_at,BECKSTPREPU04HR,Development,W1118,Prepupae,0,0.8602,4
143783_at,BECKSTPREPU04HR,Development,W1118,Prepupae,-1,0.7887,4
143784_at,BECKSTPREPU04HR,Development,W1118,Prepupae,0,0.9418,4
143785_at,BECKSTPREPU04HR,Development,W1118,Prepupae,1,1.3657,4
143786_at,BECKSTPREPU04HR,Development,W1118,Prepupae,1,1.2955,4
143787_at,BECKSTPREPU04HR,Development,W1118,Prepupae,0,1.0968,4
143788_at,BECKSTPREPU04HR,Development,W1118,Prepupae,0,1.0201,4
143789_at,BECKSTPREPU04HR,Development,W1118,Prepupae,0,0.8095,4
143790_at,BECKSTPREPU04HR,Development,W1118,Prepupae,-1,0.5852,4
143791_at,BECKSTPREPU04HR,Development,W1118,Prepupae,0,0.8174,4
143792_at,BECKSTPREPU04HR,Development,W1118,Prepupae,0,0.9446,4
143793_at,BECKSTPREPU04HR,Development,W1118,Prepupae,-1,0.7922,4
143794_at,BECKSTPREPU04HR,Development,W1118,Prepupae,0,0.8324,4
143795_at,BECKSTPREPU04HR,Development,W1118,Prepupae,1,2.3288,4
143796_at,BECKSTPREPU04HR,Development,W1118,Prepupae,0,1.1609,4
143797_at,BECKSTPREPU04HR,Development,W1118,Prepupae,0,0.9641,4
143798_at,BECKSTPREPU04HR,Development,W1118,Prepupae,0,0.9918,4
143799_at,BECKSTPREPU04HR,Development,W1118,Prepupae,1,3.1646,4
143800_at,BECKSTPREPU04HR,Development,W1118,Prepupae,1,1.237,4
143801_at,BECKSTPREPU04HR,Development,W1118,Prepupae,0,0.9847,4
143802_at,BECKSTPREPU04HR,Development,W1118,Prepupae,0,1.1088,4
143803_at,BECKSTPREPU04HR,Development,W1118,Prepupae,0,1.0593,4
143804_at,BECKSTPREPU04HR,Development,W1118,Prepupae,0,1.0138,4
143805_at,BECKSTPREPU04HR,Development,W1118,Prepupae,0,1.088,4
143806_at,BECKSTPREPU04HR,Development,W1118,Prepupae,0,0.936,4
143807_at,BECKSTPREPU04HR,Development,W1118,Prepupae,1,1.3004,4
143808_at,BECKSTPREPU04HR,Development,W1118,Prepupae,-1,0.3953,4
143809_at,BECKSTPREPU04HR,Development,W1118,Prepupae,1,1.5033,4
143810_at,BECKSTPREPU04HR,Development,W1118,Prepupae,0,1.0869,4
143811_at,BECKSTPREPU04HR,Development,W1118,Prepupae,0,0.8319,4
143812_at,BECKSTPREPU04HR,Development,W1118,Prepupae,0,0.9703,4
143813_at,BECKSTPREPU04HR,Development,W1118,Prepupae,1,1.8648,4
143814_at,BECKSTPREPU04HR,Development,W1118,Prepupae,0,1.1557,4
143815_at,BECKSTPREPU04HR,Development,W1118,Prepupae,0,0.8516,4
143816_at,BECKSTPREPU04HR,Development,W1118,Prepupae,0,1.1808,4
143817_at,BECKSTPREPU04HR,Development,W1118,Prepupae,0,0.9641,4
143818_at,BECKSTPREPU04HR,Development,W1118,Prepupae,0,1.0581,4
143819_at,BECKSTPREPU04HR,Development,W1118,Prepupae,1,1.291,4
143820_at,BECKSTPREPU04HR,Development,W1118,Prepupae,-1,0.6864,4
143821_at,BECKSTPREPU04HR,Development,W1118,Prepupae,0,1.0202,4
143822_at,BECKSTPREPU04HR,Development,W1118,Prepupae,0,1.0127,4
143823_at,BECKSTPREPU04HR,Development,W1118,Prepupae,1,1.2002,4
143824_at,BECKSTPREPU04HR,Development,W1118,Prepupae,1,1.6616,4
143825_at,BECKSTPREPU04HR,Development,W1118,Prepupae,1,1.4515,4
143826_at,BECKSTPREPU04HR,Development,W1118,Prepupae,1,1.6792,4
143827_at,BECKSTPREPU04HR,Development,W1118,Prepupae,1,1.5779,4
143828_at,BECKSTPREPU04HR,Development,W1118,Prepupae,0,0.8054,4
143829_at,BECKSTPREPU04HR,Development,W1118,Prepupae,0,1.1282,4
143830_at,BECKSTPREPU04HR,Development,W1118,Prepupae,-1,0.6338,4
143831_at,BECKSTPREPU04HR,Development,W1118,Prepupae,0,1.0293,4
143832_at,BECKSTPREPU04HR,Development,W1118,Prepupae,0,1.1188,4
143833_at,BECKSTPREPU04HR,Development,W1118,Prepupae,0,1.0097,4
143834_at,BECKSTPREPU04HR,Development,W1118,Prepupae,0,0.8549,4
143835_at,BECKSTPREPU04HR,Development,W1118,Prepupae,-1,0.6403,4
143836_at,BECKSTPREPU04HR,Development,W1118,Prepupae,0,0.9745,4
143837_at,BECKSTPREPU04HR,Development,W1118,Prepupae,0,0.899,4
143838_at,BECKSTPREPU04HR,Development,W1118,Prepupae,0,0.9386,4
143839_at,BECKSTPREPU04HR,Development,W1118,Prepupae,0,0.8821,4
143840_at,BECKSTPREPU04HR,Development,W1118,Prepupae,0,0.8021,4
143841_at,BECKSTPREPU04HR,Development,W1118,Prepupae,-1,0.6602,4
143842_at,BECKSTPREPU04HR,Development,W1118,Prepupae,0,0.8355,4
143843_at,BECKSTPREPU04HR,Development,W1118,Prepupae,-1,0.4977,4
143844_at,BECKSTPREPU04HR,Development,W1118,Prepupae,-1,0.7197,4
143845_at,BECKSTPREPU04HR,Development,W1118,Prepupae,0,0.8748,4
143846_at,BECKSTPREPU04HR,Development,W1118,Prepupae,0,0.8086,4
143847_at,BECKSTPREPU04HR,Development,W1118,Prepupae,1,1.3855,4
143848_at,BECKSTPREPU04HR,Development,W1118,Prepupae,-1,0.7074,4
143849_at,BECKSTPREPU04HR,Development,W1118,Prepupae,-1,0.7805,4
143850_at,BECKSTPREPU04HR,Development,W1118,Prepupae,1,1.2594,4
143851_at,BECKSTPREPU04HR,Development,W1118,Prepupae,-1,0.5695,4
143852_at,BECKSTPREPU04HR,Development,W1118,Prepupae,0,0.8432,4
143853_at,BECKSTPREPU04HR,Development,W1118,Prepupae,-1,0.656,4
143854_at,BECKSTPREPU04HR,Development,W1118,Prepupae,0,1.0432,4
143855_at,BECKSTPREPU04HR,Development,W1118,Prepupae,1,1.2672,4
143856_at,BECKSTPREPU04HR,Development,W1118,Prepupae,0,1.1577,4
143857_at,BECKSTPREPU04HR,Development,W1118,Prepupae,1,1.2656,4
143858_at,BECKSTPREPU04HR,Development,W1118,Prepupae,-1,0.3928,4
143859_at,BECKSTPREPU04HR,Development,W1118,Prepupae,0,0.8714,4
143860_at,BECKSTPREPU04HR,Development,W1118,Prepupae,1,1.2277,4
143861_at,BECKSTPREPU04HR,Development,W1118,Prepupae,-1,0.6132,4
143862_at,BECKSTPREPU04HR,Development,W1118,Prepupae,0,0.9555,4
143863_at,BECKSTPREPU04HR,Development,W1118,Prepupae,1,1.2363,4
143864_at,BECKSTPREPU04HR,Development,W1118,Prepupae,1,3.201,4
143865_at,BECKSTPREPU04HR,Development,W1118,Prepupae,0,1.0136,4
143866_at,BECKSTPREPU04HR,Development,W1118,Prepupae,1,1.7946,4
143867_at,BECKSTPREPU04HR,Development,W1118,Prepupae,-1,0.627,4
143868_at,BECKSTPREPU04HR,Development,W1118,Prepupae,1,1.4438,4
143869_at,BECKSTPREPU04HR,Development,W1118,Prepupae,0,0.9601,4
143870_at,BECKSTPREPU04HR,Development,W1118,Prepupae,0,0.8828,4
143871_at,BECKSTPREPU04HR,Development,W1118,Prepupae,0,1.034,4
143872_at,BECKSTPREPU04HR,Development,W1118,Prepupae,-1,0.5787,4
143873_at,BECKSTPREPU04HR,Development,W1118,Prepupae,0,0.8768,4
143874_at,BECKSTPREPU04HR,Development,W1118,Prepupae,1,1.724,4
143875_at,BECKSTPREPU04HR,Development,W1118,Prepupae,0,1.1492,4
143876_at,BECKSTPREPU04HR,Development,W1118,Prepupae,0,0.8237,4
143877_at,BECKSTPREPU04HR,Development,W1118,Prepupae,0,0.9225,4
143878_at,BECKSTPREPU04HR,Development,W1118,Prepupae,0,0.8773,4
143879_at,BECKSTPREPU04HR,Development,W1118,Prepupae,-1,0.7307,4
143880_at,BECKSTPREPU04HR,Development,W1118,Prepupae,0,0.9366,4
143881_at,BECKSTPREPU04HR,Development,W1118,Prepupae,0,0.8812,4
143882_at,BECKSTPREPU04HR,Development,W1118,Prepupae,0,1.0571,4
143883_at,BECKSTPREPU04HR,Development,W1118,Prepupae,0,0.9521,4
143884_at,BECKSTPREPU04HR,Development,W1118,Prepupae,0,0.9973,4
143885_at,BECKSTPREPU04HR,Development,W1118,Prepupae,0,0.8938,4
143886_at,BECKSTPREPU04HR,Development,W1118,Prepupae,0,0.8461,4
143887_at,BECKSTPREPU04HR,Development,W1118,Prepupae,0,0.9686,4
143888_at,BECKSTPREPU04HR,Development,W1118,Prepupae,0,1.1473,4
143889_at,BECKSTPREPU04HR,Development,W1118,Prepupae,0,0.829,4
143890_at,BECKSTPREPU04HR,Development,W1118,Prepupae,1,1.2848,4
143891_at,BECKSTPREPU04HR,Development,W1118,Prepupae,1,1.2699,4
143892_at,BECKSTPREPU04HR,Development,W1118,Prepupae,0,0.9375,4
143893_at,BECKSTPREPU04HR,Development,W1118,Prepupae,0,1.0375,4
143894_at,BECKSTPREPU04HR,Development,W1118,Prepupae,0,1.1294,4
143895_at,BECKSTPREPU04HR,Development,W1118,Prepupae,0,0.9187,4
143896_at,BECKSTPREPU04HR,Development,W1118,Prepupae,0,1.0053,4
143897_at,BECKSTPREPU04HR,Development,W1118,Prepupae,-1,0.7705,4
143898_at,BECKSTPREPU04HR,Development,W1118,Prepupae,0,0.9516,4
143899_at,BECKSTPREPU04HR,Development,W1118,Prepupae,0,0.8167,4
143900_at,BECKSTPREPU04HR,Development,W1118,Prepupae,0,1.179,4
143901_at,BECKSTPREPU04HR,Development,W1118,Prepupae,0,0.8216,4
143902_at,BECKSTPREPU04HR,Development,W1118,Prepupae,-1,0.7029,4
143903_at,BECKSTPREPU04HR,Development,W1118,Prepupae,-1,0.6653,4
143904_at,BECKSTPREPU04HR,Development,W1118,Prepupae,0,0.9869,4
143905_at,BECKSTPREPU04HR,Development,W1118,Prepupae,0,1.0777,4
143906_at,BECKSTPREPU04HR,Development,W1118,Prepupae,0,0.8956,4
143907_at,BECKSTPREPU04HR,Development,W1118,Prepupae,0,0.9121,4
143908_at,BECKSTPREPU04HR,Development,W1118,Prepupae,0,1.0456,4
143909_at,BECKSTPREPU04HR,Development,W1118,Prepupae,1,1.5521,4
143910_at,BECKSTPREPU04HR,Development,W1118,Prepupae,0,0.898,4
143911_at,BECKSTPREPU04HR,Development,W1118,Prepupae,0,0.9951,4
143912_at,BECKSTPREPU04HR,Development,W1118,Prepupae,1,1.2243,4
143913_at,BECKSTPREPU04HR,Development,W1118,Prepupae,0,0.9764,4
143914_at,BECKSTPREPU04HR,Development,W1118,Prepupae,1,1.2928,4
143915_at,BECKSTPREPU04HR,Development,W1118,Prepupae,0,1.0114,4
143916_at,BECKSTPREPU04HR,Development,W1118,Prepupae,1,1.2029,4
143917_at,BECKSTPREPU04HR,Development,W1118,Prepupae,1,1.2943,4
143918_at,BECKSTPREPU04HR,Development,W1118,Prepupae,0,0.8113,4
143919_at,BECKSTPREPU04HR,Development,W1118,Prepupae,0,0.8905,4
143920_at,BECKSTPREPU04HR,Development,W1118,Prepupae,1,1.3857,4
143921_at,BECKSTPREPU04HR,Development,W1118,Prepupae,1,1.2155,4
143922_at,BECKSTPREPU04HR,Development,W1118,Prepupae,0,0.8573,4
143923_at,BECKSTPREPU04HR,Development,W1118,Prepupae,1,1.7742,4
143924_at,BECKSTPREPU04HR,Development,W1118,Prepupae,0,1.1504,4
143925_at,BECKSTPREPU04HR,Development,W1118,Prepupae,1,1.5766,4
143926_at,BECKSTPREPU04HR,Development,W1118,Prepupae,0,0.9941,4
143927_at,BECKSTPREPU04HR,Development,W1118,Prepupae,-1,0.5931,4
143928_at,BECKSTPREPU04HR,Development,W1118,Prepupae,0,0.9096,4
143929_at,BECKSTPREPU04HR,Development,W1118,Prepupae,1,3.7751,4
143930_at,BECKSTPREPU04HR,Development,W1118,Prepupae,0,0.8964,4
143931_at,BECKSTPREPU04HR,Development,W1118,Prepupae,0,1.174,4
143932_at,BECKSTPREPU04HR,Development,W1118,Prepupae,0,1.1616,4
143933_at,BECKSTPREPU04HR,Development,W1118,Prepupae,0,1.1009,4
143934_at,BECKSTPREPU04HR,Development,W1118,Prepupae,0,0.9488,4
143935_s_at,BECKSTPREPU04HR,Development,W1118,Prepupae,1,1.2209,4
143936_at,BECKSTPREPU04HR,Development,W1118,Prepupae,0,1.1313,4
143937_at,BECKSTPREPU04HR,Development,W1118,Prepupae,1,1.2504,4
143938_at,BECKSTPREPU04HR,Development,W1118,Prepupae,1,1.9058,4
143939_at,BECKSTPREPU04HR,Development,W1118,Prepupae,1,1.5849,4
143940_at,BECKSTPREPU04HR,Development,W1118,Prepupae,-1,0.7258,4
143941_at,BECKSTPREPU04HR,Development,W1118,Prepupae,0,0.9057,4
143942_at,BECKSTPREPU04HR,Development,W1118,Prepupae,0,1.0708,4
143943_at,BECKSTPREPU04HR,Development,W1118,Prepupae,0,1.1023,4
143944_at,BECKSTPREPU04HR,Development,W1118,Prepupae,1,2.7652,4
143945_at,BECKSTPREPU04HR,Development,W1118,Prepupae,1,1.2918,4
143946_at,BECKSTPREPU04HR,Development,W1118,Prepupae,0,0.8747,4
143947_at,BECKSTPREPU04HR,Development,W1118,Prepupae,1,1.4482,4
143948_at,BECKSTPREPU04HR,Development,W1118,Prepupae,0,1.1147,4
143949_at,BECKSTPREPU04HR,Development,W1118,Prepupae,0,0.9579,4
143950_at,BECKSTPREPU04HR,Development,W1118,Prepupae,1,1.4688,4
143951_at,BECKSTPREPU04HR,Development,W1118,Prepupae,-1,0.6837,4
143952_at,BECKSTPREPU04HR,Development,W1118,Prepupae,0,1.0421,4
143953_at,BECKSTPREPU04HR,Development,W1118,Prepupae,-1,0.6982,4
143954_at,BECKSTPREPU04HR,Development,W1118,Prepupae,1,1.2114,4
143955_at,BECKSTPREPU04HR,Development,W1118,Prepupae,-1,0.622,4
143956_at,BECKSTPREPU04HR,Development,W1118,Prepupae,0,0.995,4
143957_at,BECKSTPREPU04HR,Development,W1118,Prepupae,-1,0.5907,4
143958_at,BECKSTPREPU04HR,Development,W1118,Prepupae,0,1.052,4
143959_at,BECKSTPREPU04HR,Development,W1118,Prepupae,0,0.9613,4
143960_at,BECKSTPREPU04HR,Development,W1118,Prepupae,-1,0.7543,4
143961_at,BECKSTPREPU04HR,Development,W1118,Prepupae,-1,0.7647,4
143962_at,BECKSTPREPU04HR,Development,W1118,Prepupae,0,1.0401,4
143963_at,BECKSTPREPU04HR,Development,W1118,Prepupae,0,1.0519,4
143964_at,BECKSTPREPU04HR,Development,W1118,Prepupae,0,1.0086,4
143965_at,BECKSTPREPU04HR,Development,W1118,Prepupae,0,0.9887,4
143966_at,BECKSTPREPU04HR,Development,W1118,Prepupae,0,0.9552,4
143967_at,BECKSTPREPU04HR,Development,W1118,Prepupae,1,1.2462,4
143968_at,BECKSTPREPU04HR,Development,W1118,Prepupae,0,1.0958,4
143969_at,BECKSTPREPU04HR,Development,W1118,Prepupae,1,1.8881,4
143970_at,BECKSTPREPU04HR,Development,W1118,Prepupae,1,1.3871,4
143971_at,BECKSTPREPU04HR,Development,W1118,Prepupae,0,1.0205,4
143972_at,BECKSTPREPU04HR,Development,W1118,Prepupae,0,0.9575,4
143973_at,BECKSTPREPU04HR,Development,W1118,Prepupae,0,0.8454,4
143974_at,BECKSTPREPU04HR,Development,W1118,Prepupae,0,0.9789,4
143975_at,BECKSTPREPU04HR,Development,W1118,Prepupae,0,0.848,4
143976_at,BECKSTPREPU04HR,Development,W1118,Prepupae,0,0.8508,4
143977_at,BECKSTPREPU04HR,Development,W1118,Prepupae,0,1.0223,4
143978_at,BECKSTPREPU04HR,Development,W1118,Prepupae,-1,0.6248,4
143979_at,BECKSTPREPU04HR,Development,W1118,Prepupae,-1,0.7984,4
143980_at,BECKSTPREPU04HR,Development,W1118,Prepupae,-1,0.7738,4
143981_at,BECKSTPREPU04HR,Development,W1118,Prepupae,1,1.3416,4
143982_at,BECKSTPREPU04HR,Development,W1118,Prepupae,0,0.9561,4
143983_r_at,BECKSTPREPU04HR,Development,W1118,Prepupae,0,0.8726,4
143984_at,BECKSTPREPU04HR,Development,W1118,Prepupae,0,1.0932,4
143985_at,BECKSTPREPU04HR,Development,W1118,Prepupae,-1,0.7157,4
143986_at,BECKSTPREPU04HR,Development,W1118,Prepupae,0,0.996,4
143987_at,BECKSTPREPU04HR,Development,W1118,Prepupae,1,1.3077,4
143988_at,BECKSTPREPU04HR,Development,W1118,Prepupae,0,1.1928,4
143989_at,BECKSTPREPU04HR,Development,W1118,Prepupae,0,1.0173,4
143990_at,BECKSTPREPU04HR,Development,W1118,Prepupae,0,1.1072,4
143991_at,BECKSTPREPU04HR,Development,W1118,Prepupae,0,0.9922,4
143992_at,BECKSTPREPU04HR,Development,W1118,Prepupae,0,1.1504,4
143993_at,BECKSTPREPU04HR,Development,W1118,Prepupae,0,0.9641,4
143994_at,BECKSTPREPU04HR,Development,W1118,Prepupae,0,0.9996,4
143995_at,BECKSTPREPU04HR,Development,W1118,Prepupae,1,1.2314,4
143996_at,BECKSTPREPU04HR,Development,W1118,Prepupae,0,0.8295,4
143997_at,BECKSTPREPU04HR,Development,W1118,Prepupae,1,1.5361,4
143998_at,BECKSTPREPU04HR,Development,W1118,Prepupae,0,0.9622,4
143999_at,BECKSTPREPU04HR,Development,W1118,Prepupae,0,0.9102,4
144000_at,BECKSTPREPU04HR,Development,W1118,Prepupae,1,1.292,4
144001_at,BECKSTPREPU04HR,Development,W1118,Prepupae,1,1.4706,4
144002_at,BECKSTPREPU04HR,Development,W1118,Prepupae,0,0.9058,4
144003_at,BECKSTPREPU04HR,Development,W1118,Prepupae,0,0.8682,4
144004_at,BECKSTPREPU04HR,Development,W1118,Prepupae,0,0.9621,4
144005_at,BECKSTPREPU04HR,Development,W1118,Prepupae,1,1.3139,4
144006_at,BECKSTPREPU04HR,Development,W1118,Prepupae,0,1.0972,4
144007_at,BECKSTPREPU04HR,Development,W1118,Prepupae,0,0.8755,4
144008_at,BECKSTPREPU04HR,Development,W1118,Prepupae,1,1.6763,4
144009_at,BECKSTPREPU04HR,Development,W1118,Prepupae,0,1.0003,4
144010_at,BECKSTPREPU04HR,Development,W1118,Prepupae,0,0.9734,4
144011_at,BECKSTPREPU04HR,Development,W1118,Prepupae,0,1.1038,4
144012_at,BECKSTPREPU04HR,Development,W1118,Prepupae,-1,0.7738,4
144013_at,BECKSTPREPU04HR,Development,W1118,Prepupae,0,0.9928,4
144014_at,BECKSTPREPU04HR,Development,W1118,Prepupae,0,0.8172,4
144015_at,BECKSTPREPU04HR,Development,W1118,Prepupae,0,1.0013,4
144016_at,BECKSTPREPU04HR,Development,W1118,Prepupae,-1,0.6389,4
144017_at,BECKSTPREPU04HR,Development,W1118,Prepupae,0,0.8562,4
144018_at,BECKSTPREPU04HR,Development,W1118,Prepupae,-1,0.7895,4
144019_at,BECKSTPREPU04HR,Development,W1118,Prepupae,0,1.0128,4
144020_at,BECKSTPREPU04HR,Development,W1118,Prepupae,1,1.3794,4
144021_at,BECKSTPREPU04HR,Development,W1118,Prepupae,0,0.85,4
144022_at,BECKSTPREPU04HR,Development,W1118,Prepupae,0,0.8266,4
144023_at,BECKSTPREPU04HR,Development,W1118,Prepupae,0,1.1837,4
144024_at,BECKSTPREPU04HR,Development,W1118,Prepupae,-1,0.6066,4
144025_at,BECKSTPREPU04HR,Development,W1118,Prepupae,0,1.0847,4
144026_at,BECKSTPREPU04HR,Development,W1118,Prepupae,0,0.97,4
144027_at,BECKSTPREPU04HR,Development,W1118,Prepupae,0,0.8008,4
144028_at,BECKSTPREPU04HR,Development,W1118,Prepupae,-1,0.5571,4
144029_at,BECKSTPREPU04HR,Development,W1118,Prepupae,0,1.0343,4
144030_at,BECKSTPREPU04HR,Development,W1118,Prepupae,0,0.8446,4
144031_at,BECKSTPREPU04HR,Development,W1118,Prepupae,1,1.453,4
144032_at,BECKSTPREPU04HR,Development,W1118,Prepupae,0,0.9771,4
144033_at,BECKSTPREPU04HR,Development,W1118,Prepupae,0,0.8324,4
144034_at,BECKSTPREPU04HR,Development,W1118,Prepupae,1,5.1277,4
144035_at,BECKSTPREPU04HR,Development,W1118,Prepupae,0,0.8965,4
144036_at,BECKSTPREPU04HR,Development,W1118,Prepupae,0,1.0637,4
144037_at,BECKSTPREPU04HR,Development,W1118,Prepupae,0,0.8239,4
144038_at,BECKSTPREPU04HR,Development,W1118,Prepupae,1,1.9357,4
144039_at,BECKSTPREPU04HR,Development,W1118,Prepupae,0,0.9446,4
144040_at,BECKSTPREPU04HR,Development,W1118,Prepupae,0,1.0841,4
144041_at,BECKSTPREPU04HR,Development,W1118,Prepupae,-1,0.7638,4
144042_at,BECKSTPREPU04HR,Development,W1118,Prepupae,-1,0.6666,4
144043_at,BECKSTPREPU04HR,Development,W1118,Prepupae,1,1.2933,4
144044_at,BECKSTPREPU04HR,Development,W1118,Prepupae,0,1.0176,4
144045_at,BECKSTPREPU04HR,Development,W1118,Prepupae,0,1.0111,4
144046_at,BECKSTPREPU04HR,Development,W1118,Prepupae,1,1.4587,4
144047_at,BECKSTPREPU04HR,Development,W1118,Prepupae,0,0.889,4
144048_at,BECKSTPREPU04HR,Development,W1118,Prepupae,1,1.2063,4
144049_at,BECKSTPREPU04HR,Development,W1118,Prepupae,0,1.0838,4
144050_at,BECKSTPREPU04HR,Development,W1118,Prepupae,0,1.1765,4
144051_at,BECKSTPREPU04HR,Development,W1118,Prepupae,0,0.9061,4
144052_at,BECKSTPREPU04HR,Development,W1118,Prepupae,1,1.4327,4
144053_at,BECKSTPREPU04HR,Development,W1118,Prepupae,1,1.218,4
144054_at,BECKSTPREPU04HR,Development,W1118,Prepupae,1,1.3122,4
144055_at,BECKSTPREPU04HR,Development,W1118,Prepupae,0,0.8831,4
144056_at,BECKSTPREPU04HR,Development,W1118,Prepupae,1,1.2203,4
144057_at,BECKSTPREPU04HR,Development,W1118,Prepupae,0,0.8967,4
144058_at,BECKSTPREPU04HR,Development,W1118,Prepupae,0,0.9731,4
144059_at,BECKSTPREPU04HR,Development,W1118,Prepupae,0,1.0918,4
144060_at,BECKSTPREPU04HR,Development,W1118,Prepupae,0,1.048,4
144061_at,BECKSTPREPU04HR,Development,W1118,Prepupae,1,1.2215,4
144062_at,BECKSTPREPU04HR,Development,W1118,Prepupae,1,1.2166,4
144063_at,BECKSTPREPU04HR,Development,W1118,Prepupae,0,0.831,4
144064_at,BECKSTPREPU04HR,Development,W1118,Prepupae,0,0.8338,4
144065_at,BECKSTPREPU04HR,Development,W1118,Prepupae,0,1.0997,4
144066_at,BECKSTPREPU04HR,Development,W1118,Prepupae,0,0.9072,4
144067_at,BECKSTPREPU04HR,Development,W1118,Prepupae,-1,0.6596,4
144068_at,BECKSTPREPU04HR,Development,W1118,Prepupae,0,1.1893,4
144069_at,BECKSTPREPU04HR,Development,W1118,Prepupae,1,1.5899,4
144070_at,BECKSTPREPU04HR,Development,W1118,Prepupae,1,1.2006,4
144071_at,BECKSTPREPU04HR,Development,W1118,Prepupae,1,1.644,4
144072_at,BECKSTPREPU04HR,Development,W1118,Prepupae,0,1.0864,4
144073_at,BECKSTPREPU04HR,Development,W1118,Prepupae,0,0.9731,4
144074_at,BECKSTPREPU04HR,Development,W1118,Prepupae,0,1.0543,4
144075_at,BECKSTPREPU04HR,Development,W1118,Prepupae,1,1.4496,4
144076_at,BECKSTPREPU04HR,Development,W1118,Prepupae,0,1.0179,4
144077_at,BECKSTPREPU04HR,Development,W1118,Prepupae,0,1.1476,4
144078_at,BECKSTPREPU04HR,Development,W1118,Prepupae,0,1.1236,4
144079_at,BECKSTPREPU04HR,Development,W1118,Prepupae,-1,0.7949,4
144080_at,BECKSTPREPU04HR,Development,W1118,Prepupae,0,1.196,4
144081_at,BECKSTPREPU04HR,Development,W1118,Prepupae,1,1.3236,4
144082_at,BECKSTPREPU04HR,Development,W1118,Prepupae,1,1.375,4
144083_at,BECKSTPREPU04HR,Development,W1118,Prepupae,0,0.8235,4
144084_at,BECKSTPREPU04HR,Development,W1118,Prepupae,1,1.4752,4
144085_at,BECKSTPREPU04HR,Development,W1118,Prepupae,1,2.0397,4
144086_at,BECKSTPREPU04HR,Development,W1118,Prepupae,1,1.5523,4
144087_at,BECKSTPREPU04HR,Development,W1118,Prepupae,1,1.6016,4
144088_at,BECKSTPREPU04HR,Development,W1118,Prepupae,0,0.969,4
144089_at,BECKSTPREPU04HR,Development,W1118,Prepupae,0,1.1028,4
144090_at,BECKSTPREPU04HR,Development,W1118,Prepupae,1,1.3288,4
144091_at,BECKSTPREPU04HR,Development,W1118,Prepupae,0,1.0544,4
144092_at,BECKSTPREPU04HR,Development,W1118,Prepupae,1,1.7167,4
144093_at,BECKSTPREPU04HR,Development,W1118,Prepupae,0,0.8874,4
144094_at,BECKSTPREPU04HR,Development,W1118,Prepupae,-1,0.5784,4
144095_at,BECKSTPREPU04HR,Development,W1118,Prepupae,0,1.1402,4
144096_at,BECKSTPREPU04HR,Development,W1118,Prepupae,1,1.2108,4
144097_at,BECKSTPREPU04HR,Development,W1118,Prepupae,0,0.9716,4
144098_at,BECKSTPREPU04HR,Development,W1118,Prepupae,0,1.1131,4
144099_at,BECKSTPREPU04HR,Development,W1118,Prepupae,-1,0.7987,4
144100_at,BECKSTPREPU04HR,Development,W1118,Prepupae,0,1.0665,4
144101_at,BECKSTPREPU04HR,Development,W1118,Prepupae,0,1.1784,4
144102_at,BECKSTPREPU04HR,Development,W1118,Prepupae,0,1.1175,4
144103_at,BECKSTPREPU04HR,Development,W1118,Prepupae,1,1.2269,4
144104_at,BECKSTPREPU04HR,Development,W1118,Prepupae,1,1.2039,4
144105_at,BECKSTPREPU04HR,Development,W1118,Prepupae,0,1.0524,4
144106_at,BECKSTPREPU04HR,Development,W1118,Prepupae,-1,0.733,4
144107_at,BECKSTPREPU04HR,Development,W1118,Prepupae,0,0.9127,4
144108_at,BECKSTPREPU04HR,Development,W1118,Prepupae,0,0.8901,4
144109_at,BECKSTPREPU04HR,Development,W1118,Prepupae,-1,0.7892,4
144110_at,BECKSTPREPU04HR,Development,W1118,Prepupae,1,2.314,4
144111_at,BECKSTPREPU04HR,Development,W1118,Prepupae,0,1.0633,4
144112_at,BECKSTPREPU04HR,Development,W1118,Prepupae,0,0.9859,4
144113_at,BECKSTPREPU04HR,Development,W1118,Prepupae,0,0.9761,4
144114_at,BECKSTPREPU04HR,Development,W1118,Prepupae,-1,0.793,4
144115_at,BECKSTPREPU04HR,Development,W1118,Prepupae,0,0.8122,4
144116_at,BECKSTPREPU04HR,Development,W1118,Prepupae,1,1.4607,4
144117_at,BECKSTPREPU04HR,Development,W1118,Prepupae,1,1.3013,4
144118_at,BECKSTPREPU04HR,Development,W1118,Prepupae,0,1.1224,4
144119_at,BECKSTPREPU04HR,Development,W1118,Prepupae,0,1.1061,4
144120_at,BECKSTPREPU04HR,Development,W1118,Prepupae,0,1.0451,4
144121_at,BECKSTPREPU04HR,Development,W1118,Prepupae,1,1.2278,4
144122_at,BECKSTPREPU04HR,Development,W1118,Prepupae,0,0.808,4
144123_at,BECKSTPREPU04HR,Development,W1118,Prepupae,0,1.0239,4
144124_at,BECKSTPREPU04HR,Development,W1118,Prepupae,-1,0.5546,4
144125_at,BECKSTPREPU04HR,Development,W1118,Prepupae,0,0.8334,4
144126_at,BECKSTPREPU04HR,Development,W1118,Prepupae,0,0.9632,4
144127_at,BECKSTPREPU04HR,Development,W1118,Prepupae,0,0.9975,4
144128_at,BECKSTPREPU04HR,Development,W1118,Prepupae,1,1.2209,4
144129_at,BECKSTPREPU04HR,Development,W1118,Prepupae,0,0.9838,4
144130_at,BECKSTPREPU04HR,Development,W1118,Prepupae,1,1.5541,4
144131_at,BECKSTPREPU04HR,Development,W1118,Prepupae,1,2.366,4
144132_at,BECKSTPREPU04HR,Development,W1118,Prepupae,1,1.2932,4
144133_at,BECKSTPREPU04HR,Development,W1118,Prepupae,1,1.9293,4
144134_at,BECKSTPREPU04HR,Development,W1118,Prepupae,1,1.2899,4
144135_at,BECKSTPREPU04HR,Development,W1118,Prepupae,1,2.1315,4
144136_at,BECKSTPREPU04HR,Development,W1118,Prepupae,0,1.1163,4
144137_at,BECKSTPREPU04HR,Development,W1118,Prepupae,0,1.0769,4
144138_at,BECKSTPREPU04HR,Development,W1118,Prepupae,1,1.4487,4
144139_at,BECKSTPREPU04HR,Development,W1118,Prepupae,1,1.2524,4
144140_at,BECKSTPREPU04HR,Development,W1118,Prepupae,0,1.0608,4
144141_at,BECKSTPREPU04HR,Development,W1118,Prepupae,1,1.3582,4
144142_at,BECKSTPREPU04HR,Development,W1118,Prepupae,0,1.0288,4
144143_at,BECKSTPREPU04HR,Development,W1118,Prepupae,-1,0.6766,4
144144_at,BECKSTPREPU04HR,Development,W1118,Prepupae,0,0.9138,4
144145_at,BECKSTPREPU04HR,Development,W1118,Prepupae,0,1.0378,4
144146_at,BECKSTPREPU04HR,Development,W1118,Prepupae,0,1.0372,4
144147_at,BECKSTPREPU04HR,Development,W1118,Prepupae,0,0.9295,4
144148_at,BECKSTPREPU04HR,Development,W1118,Prepupae,0,1.1268,4
144149_at,BECKSTPREPU04HR,Development,W1118,Prepupae,1,1.3198,4
144150_at,BECKSTPREPU04HR,Development,W1118,Prepupae,-1,0.4734,4
144151_at,BECKSTPREPU04HR,Development,W1118,Prepupae,-1,0.5188,4
144152_at,BECKSTPREPU04HR,Development,W1118,Prepupae,0,0.9427,4
144153_at,BECKSTPREPU04HR,Development,W1118,Prepupae,-1,0.6881,4
144154_at,BECKSTPREPU04HR,Development,W1118,Prepupae,0,1.1287,4
144155_at,BECKSTPREPU04HR,Development,W1118,Prepupae,0,0.905,4
144156_at,BECKSTPREPU04HR,Development,W1118,Prepupae,0,1.0952,4
144157_s_at,BECKSTPREPU04HR,Development,W1118,Prepupae,0,0.9447,4
144158_at,BECKSTPREPU04HR,Development,W1118,Prepupae,0,1.0482,4
144159_at,BECKSTPREPU04HR,Development,W1118,Prepupae,1,1.2345,4
144160_i_at,BECKSTPREPU04HR,Development,W1118,Prepupae,-1,0.7019,4
144161_r_at,BECKSTPREPU04HR,Development,W1118,Prepupae,0,0.8076,4
144162_at,BECKSTPREPU04HR,Development,W1118,Prepupae,0,0.958,4
144163_at,BECKSTPREPU04HR,Development,W1118,Prepupae,0,0.9764,4
144164_at,BECKSTPREPU04HR,Development,W1118,Prepupae,0,1.0519,4
144165_at,BECKSTPREPU04HR,Development,W1118,Prepupae,1,1.2939,4
144166_at,BECKSTPREPU04HR,Development,W1118,Prepupae,0,0.9925,4
144167_at,BECKSTPREPU04HR,Development,W1118,Prepupae,1,1.3111,4
144168_at,BECKSTPREPU04HR,Development,W1118,Prepupae,0,0.9911,4
144169_at,BECKSTPREPU04HR,Development,W1118,Prepupae,-1,0.7366,4
144170_at,BECKSTPREPU04HR,Development,W1118,Prepupae,-1,0.7351,4
144171_at,BECKSTPREPU04HR,Development,W1118,Prepupae,0,1.1745,4
144172_at,BECKSTPREPU04HR,Development,W1118,Prepupae,0,0.8995,4
144173_at,BECKSTPREPU04HR,Development,W1118,Prepupae,-1,0.6784,4
144174_at,BECKSTPREPU04HR,Development,W1118,Prepupae,-1,0.5466,4
144175_at,BECKSTPREPU04HR,Development,W1118,Prepupae,0,1.0379,4
144176_at,BECKSTPREPU04HR,Development,W1118,Prepupae,-1,0.6078,4
144177_at,BECKSTPREPU04HR,Development,W1118,Prepupae,0,1.1067,4
144178_at,BECKSTPREPU04HR,Development,W1118,Prepupae,0,0.9494,4
144179_at,BECKSTPREPU04HR,Development,W1118,Prepupae,0,0.9678,4
144180_at,BECKSTPREPU04HR,Development,W1118,Prepupae,1,1.9579,4
144181_at,BECKSTPREPU04HR,Development,W1118,Prepupae,0,0.8556,4
144182_at,BECKSTPREPU04HR,Development,W1118,Prepupae,1,1.299,4
144183_at,BECKSTPREPU04HR,Development,W1118,Prepupae,1,1.3307,4
144184_at,BECKSTPREPU04HR,Development,W1118,Prepupae,1,1.2079,4
144185_at,BECKSTPREPU04HR,Development,W1118,Prepupae,1,1.2959,4
144186_at,BECKSTPREPU04HR,Development,W1118,Prepupae,0,0.808,4
144187_at,BECKSTPREPU04HR,Development,W1118,Prepupae,0,0.9072,4
144188_at,BECKSTPREPU04HR,Development,W1118,Prepupae,0,1.1507,4
144189_at,BECKSTPREPU04HR,Development,W1118,Prepupae,1,1.3378,4
144190_at,BECKSTPREPU04HR,Development,W1118,Prepupae,0,1.0453,4
144191_at,BECKSTPREPU04HR,Development,W1118,Prepupae,0,0.9722,4
144192_at,BECKSTPREPU04HR,Development,W1118,Prepupae,0,1.1496,4
144193_at,BECKSTPREPU04HR,Development,W1118,Prepupae,1,1.5272,4
144194_at,BECKSTPREPU04HR,Development,W1118,Prepupae,0,0.9541,4
144195_at,BECKSTPREPU04HR,Development,W1118,Prepupae,1,1.2353,4
144196_at,BECKSTPREPU04HR,Development,W1118,Prepupae,0,0.8734,4
144197_at,BECKSTPREPU04HR,Development,W1118,Prepupae,-1,0.7116,4
144198_at,BECKSTPREPU04HR,Development,W1118,Prepupae,0,1.1169,4
144199_at,BECKSTPREPU04HR,Development,W1118,Prepupae,0,1.045,4
144200_at,BECKSTPREPU04HR,Development,W1118,Prepupae,0,0.9859,4
144201_at,BECKSTPREPU04HR,Development,W1118,Prepupae,0,0.9569,4
144202_at,BECKSTPREPU04HR,Development,W1118,Prepupae,0,1.1004,4
144203_at,BECKSTPREPU04HR,Development,W1118,Prepupae,0,0.8623,4
144204_at,BECKSTPREPU04HR,Development,W1118,Prepupae,1,1.4699,4
144205_at,BECKSTPREPU04HR,Development,W1118,Prepupae,1,1.3044,4
144206_at,BECKSTPREPU04HR,Development,W1118,Prepupae,0,0.8632,4
144207_at,BECKSTPREPU04HR,Development,W1118,Prepupae,1,1.352,4
144208_at,BECKSTPREPU04HR,Development,W1118,Prepupae,1,1.6121,4
144209_at,BECKSTPREPU04HR,Development,W1118,Prepupae,0,0.972,4
144210_at,BECKSTPREPU04HR,Development,W1118,Prepupae,0,1.0549,4
144211_at,BECKSTPREPU04HR,Development,W1118,Prepupae,1,1.7512,4
144212_at,BECKSTPREPU04HR,Development,W1118,Prepupae,0,0.8496,4
144213_at,BECKSTPREPU04HR,Development,W1118,Prepupae,0,0.924,4
144214_at,BECKSTPREPU04HR,Development,W1118,Prepupae,0,1.1539,4
144215_at,BECKSTPREPU04HR,Development,W1118,Prepupae,0,0.8972,4
144216_at,BECKSTPREPU04HR,Development,W1118,Prepupae,0,0.9724,4
144217_at,BECKSTPREPU04HR,Development,W1118,Prepupae,0,1.046,4
144218_at,BECKSTPREPU04HR,Development,W1118,Prepupae,1,1.3953,4
144219_at,BECKSTPREPU04HR,Development,W1118,Prepupae,-1,0.7761,4
144220_at,BECKSTPREPU04HR,Development,W1118,Prepupae,-1,0.6199,4
144221_at,BECKSTPREPU04HR,Development,W1118,Prepupae,0,1.1259,4
144222_at,BECKSTPREPU04HR,Development,W1118,Prepupae,1,1.2476,4
144223_at,BECKSTPREPU04HR,Development,W1118,Prepupae,-1,0.7439,4
144224_at,BECKSTPREPU04HR,Development,W1118,Prepupae,0,1.0719,4
144225_at,BECKSTPREPU04HR,Development,W1118,Prepupae,1,1.6462,4
144226_at,BECKSTPREPU04HR,Development,W1118,Prepupae,-1,0.641,4
144227_at,BECKSTPREPU04HR,Development,W1118,Prepupae,1,2.592,4
144228_at,BECKSTPREPU04HR,Development,W1118,Prepupae,-1,0.7411,4
144229_at,BECKSTPREPU04HR,Development,W1118,Prepupae,-1,0.7871,4
144230_at,BECKSTPREPU04HR,Development,W1118,Prepupae,0,0.9622,4
144231_at,BECKSTPREPU04HR,Development,W1118,Prepupae,1,1.4141,4
144232_at,BECKSTPREPU04HR,Development,W1118,Prepupae,0,0.8558,4
144233_at,BECKSTPREPU04HR,Development,W1118,Prepupae,0,0.9288,4
144234_at,BECKSTPREPU04HR,Development,W1118,Prepupae,0,1.0149,4
144235_at,BECKSTPREPU04HR,Development,W1118,Prepupae,-1,0.7907,4
144236_at,BECKSTPREPU04HR,Development,W1118,Prepupae,1,1.3665,4
144237_at,BECKSTPREPU04HR,Development,W1118,Prepupae,1,1.23,4
144238_at,BECKSTPREPU04HR,Development,W1118,Prepupae,1,1.2268,4
144239_at,BECKSTPREPU04HR,Development,W1118,Prepupae,1,1.3978,4
144240_at,BECKSTPREPU04HR,Development,W1118,Prepupae,1,1.6399,4
144241_at,BECKSTPREPU04HR,Development,W1118,Prepupae,1,1.3084,4
144242_at,BECKSTPREPU04HR,Development,W1118,Prepupae,1,2.303,4
144243_at,BECKSTPREPU04HR,Development,W1118,Prepupae,0,1.0783,4
144244_at,BECKSTPREPU04HR,Development,W1118,Prepupae,-1,0.742,4
144245_at,BECKSTPREPU04HR,Development,W1118,Prepupae,-1,0.738,4
144246_at,BECKSTPREPU04HR,Development,W1118,Prepupae,-1,0.7807,4
144247_at,BECKSTPREPU04HR,Development,W1118,Prepupae,0,0.8333,4
144248_at,BECKSTPREPU04HR,Development,W1118,Prepupae,0,1.0185,4
144249_at,BECKSTPREPU04HR,Development,W1118,Prepupae,-1,0.6571,4
144250_at,BECKSTPREPU04HR,Development,W1118,Prepupae,0,0.9958,4
144251_at,BECKSTPREPU04HR,Development,W1118,Prepupae,0,0.8033,4
144252_at,BECKSTPREPU04HR,Development,W1118,Prepupae,1,2.3465,4
144253_at,BECKSTPREPU04HR,Development,W1118,Prepupae,0,1.1879,4
144254_at,BECKSTPREPU04HR,Development,W1118,Prepupae,1,1.3863,4
144255_at,BECKSTPREPU04HR,Development,W1118,Prepupae,0,0.8129,4
144256_at,BECKSTPREPU04HR,Development,W1118,Prepupae,0,1.1052,4
144257_at,BECKSTPREPU04HR,Development,W1118,Prepupae,0,0.8387,4
144258_at,BECKSTPREPU04HR,Development,W1118,Prepupae,1,1.2222,4
144259_at,BECKSTPREPU04HR,Development,W1118,Prepupae,0,1.1861,4
144260_at,BECKSTPREPU04HR,Development,W1118,Prepupae,0,1.1167,4
144261_at,BECKSTPREPU04HR,Development,W1118,Prepupae,0,1.0622,4
144262_at,BECKSTPREPU04HR,Development,W1118,Prepupae,1,1.4275,4
144263_at,BECKSTPREPU04HR,Development,W1118,Prepupae,0,1.0183,4
144264_at,BECKSTPREPU04HR,Development,W1118,Prepupae,1,1.5279,4
144265_at,BECKSTPREPU04HR,Development,W1118,Prepupae,0,1.1691,4
144266_at,BECKSTPREPU04HR,Development,W1118,Prepupae,1,1.2206,4
144267_at,BECKSTPREPU04HR,Development,W1118,Prepupae,0,1.0009,4
144268_at,BECKSTPREPU04HR,Development,W1118,Prepupae,-1,0.688,4
144269_at,BECKSTPREPU04HR,Development,W1118,Prepupae,0,0.9713,4
144270_at,BECKSTPREPU04HR,Development,W1118,Prepupae,1,2.2226,4
144271_at,BECKSTPREPU04HR,Development,W1118,Prepupae,0,0.9282,4
144272_at,BECKSTPREPU04HR,Development,W1118,Prepupae,0,1.1533,4
144273_at,BECKSTPREPU04HR,Development,W1118,Prepupae,1,1.595,4
144274_at,BECKSTPREPU04HR,Development,W1118,Prepupae,-1,0.3396,4
144275_at,BECKSTPREPU04HR,Development,W1118,Prepupae,0,1.0228,4
144276_at,BECKSTPREPU04HR,Development,W1118,Prepupae,1,1.5766,4
144277_at,BECKSTPREPU04HR,Development,W1118,Prepupae,0,1.1014,4
144278_at,BECKSTPREPU04HR,Development,W1118,Prepupae,1,1.6696,4
144279_at,BECKSTPREPU04HR,Development,W1118,Prepupae,1,1.7183,4
144280_at,BECKSTPREPU04HR,Development,W1118,Prepupae,0,0.8714,4
144281_at,BECKSTPREPU04HR,Development,W1118,Prepupae,0,1.1799,4
144282_at,BECKSTPREPU04HR,Development,W1118,Prepupae,0,1.1205,4
144283_at,BECKSTPREPU04HR,Development,W1118,Prepupae,1,1.5029,4
144284_at,BECKSTPREPU04HR,Development,W1118,Prepupae,0,0.9973,4
144285_at,BECKSTPREPU04HR,Development,W1118,Prepupae,0,1.024,4
144286_at,BECKSTPREPU04HR,Development,W1118,Prepupae,0,0.8978,4
144287_at,BECKSTPREPU04HR,Development,W1118,Prepupae,0,1.1777,4
144288_at,BECKSTPREPU04HR,Development,W1118,Prepupae,0,0.935,4
144289_at,BECKSTPREPU04HR,Development,W1118,Prepupae,1,1.949,4
144290_at,BECKSTPREPU04HR,Development,W1118,Prepupae,1,1.3348,4
144291_at,BECKSTPREPU04HR,Development,W1118,Prepupae,0,1.1688,4
144292_at,BECKSTPREPU04HR,Development,W1118,Prepupae,1,1.2962,4
144293_at,BECKSTPREPU04HR,Development,W1118,Prepupae,0,1.0513,4
144294_at,BECKSTPREPU04HR,Development,W1118,Prepupae,0,1.1584,4
144295_at,BECKSTPREPU04HR,Development,W1118,Prepupae,1,1.4083,4
144296_at,BECKSTPREPU04HR,Development,W1118,Prepupae,0,0.9522,4
144297_at,BECKSTPREPU04HR,Development,W1118,Prepupae,1,1.531,4
144298_at,BECKSTPREPU04HR,Development,W1118,Prepupae,0,1.109,4
144299_at,BECKSTPREPU04HR,Development,W1118,Prepupae,0,1.0106,4
144300_at,BECKSTPREPU04HR,Development,W1118,Prepupae,0,0.9658,4
144301_at,BECKSTPREPU04HR,Development,W1118,Prepupae,0,1.05,4
144302_at,BECKSTPREPU04HR,Development,W1118,Prepupae,0,1.1756,4
144303_at,BECKSTPREPU04HR,Development,W1118,Prepupae,1,1.9269,4
144304_at,BECKSTPREPU04HR,Development,W1118,Prepupae,0,1.0672,4
144305_at,BECKSTPREPU04HR,Development,W1118,Prepupae,1,1.7577,4
144306_at,BECKSTPREPU04HR,Development,W1118,Prepupae,0,0.9961,4
144307_at,BECKSTPREPU04HR,Development,W1118,Prepupae,0,1.0504,4
144308_at,BECKSTPREPU04HR,Development,W1118,Prepupae,0,1.1129,4
144309_at,BECKSTPREPU04HR,Development,W1118,Prepupae,0,1.1184,4
144310_at,BECKSTPREPU04HR,Development,W1118,Prepupae,0,0.9032,4
144311_at,BECKSTPREPU04HR,Development,W1118,Prepupae,-1,0.5385,4
144312_at,BECKSTPREPU04HR,Development,W1118,Prepupae,0,1.176,4
144313_at,BECKSTPREPU04HR,Development,W1118,Prepupae,1,2.0317,4
144314_at,BECKSTPREPU04HR,Development,W1118,Prepupae,0,0.805,4
144315_at,BECKSTPREPU04HR,Development,W1118,Prepupae,1,2.0399,4
144316_at,BECKSTPREPU04HR,Development,W1118,Prepupae,1,1.2777,4
144317_at,BECKSTPREPU04HR,Development,W1118,Prepupae,1,1.3898,4
144318_at,BECKSTPREPU04HR,Development,W1118,Prepupae,0,1.1012,4
144319_at,BECKSTPREPU04HR,Development,W1118,Prepupae,1,2.2475,4
144320_at,BECKSTPREPU04HR,Development,W1118,Prepupae,1,1.2792,4
144321_at,BECKSTPREPU04HR,Development,W1118,Prepupae,1,1.2399,4
144322_at,BECKSTPREPU04HR,Development,W1118,Prepupae,1,1.224,4
144323_at,BECKSTPREPU04HR,Development,W1118,Prepupae,0,1.0376,4
144324_at,BECKSTPREPU04HR,Development,W1118,Prepupae,0,1.0976,4
144325_at,BECKSTPREPU04HR,Development,W1118,Prepupae,1,1.3922,4
144326_at,BECKSTPREPU04HR,Development,W1118,Prepupae,1,2.5499,4
144327_at,BECKSTPREPU04HR,Development,W1118,Prepupae,0,1.0547,4
144328_at,BECKSTPREPU04HR,Development,W1118,Prepupae,1,1.5863,4
144329_at,BECKSTPREPU04HR,Development,W1118,Prepupae,-1,0.3952,4
144330_at,BECKSTPREPU04HR,Development,W1118,Prepupae,1,1.4271,4
144331_at,BECKSTPREPU04HR,Development,W1118,Prepupae,0,1.1556,4
144332_at,BECKSTPREPU04HR,Development,W1118,Prepupae,0,0.8253,4
144333_at,BECKSTPREPU04HR,Development,W1118,Prepupae,0,1.1577,4
144334_at,BECKSTPREPU04HR,Development,W1118,Prepupae,0,1.0988,4
144335_at,BECKSTPREPU04HR,Development,W1118,Prepupae,0,0.9,4
144336_at,BECKSTPREPU04HR,Development,W1118,Prepupae,0,0.823,4
144337_at,BECKSTPREPU04HR,Development,W1118,Prepupae,0,0.872,4
144338_at,BECKSTPREPU04HR,Development,W1118,Prepupae,0,0.9841,4
144339_r_at,BECKSTPREPU04HR,Development,W1118,Prepupae,0,1.0778,4
144340_at,BECKSTPREPU04HR,Development,W1118,Prepupae,1,1.4564,4
144341_at,BECKSTPREPU04HR,Development,W1118,Prepupae,0,0.9694,4
144342_at,BECKSTPREPU04HR,Development,W1118,Prepupae,0,0.9373,4
144343_at,BECKSTPREPU04HR,Development,W1118,Prepupae,0,1.1996,4
144344_f_at,BECKSTPREPU04HR,Development,W1118,Prepupae,0,0.8567,4
144345_s_at,BECKSTPREPU04HR,Development,W1118,Prepupae,0,1.1606,4
144346_at,BECKSTPREPU04HR,Development,W1118,Prepupae,1,1.6338,4
144347_at,BECKSTPREPU04HR,Development,W1118,Prepupae,0,1,4
144348_at,BECKSTPREPU04HR,Development,W1118,Prepupae,0,0.9704,4
144349_at,BECKSTPREPU04HR,Development,W1118,Prepupae,1,1.5089,4
144350_at,BECKSTPREPU04HR,Development,W1118,Prepupae,0,0.9833,4
144351_at,BECKSTPREPU04HR,Development,W1118,Prepupae,0,0.9331,4
144352_at,BECKSTPREPU04HR,Development,W1118,Prepupae,1,1.4151,4
144353_at,BECKSTPREPU04HR,Development,W1118,Prepupae,1,1.2959,4
144354_at,BECKSTPREPU04HR,Development,W1118,Prepupae,0,1.0678,4
144355_at,BECKSTPREPU04HR,Development,W1118,Prepupae,1,1.2825,4
144356_at,BECKSTPREPU04HR,Development,W1118,Prepupae,0,1.1726,4
144357_at,BECKSTPREPU04HR,Development,W1118,Prepupae,0,1.1466,4
144358_at,BECKSTPREPU04HR,Development,W1118,Prepupae,-1,0.7702,4
144359_at,BECKSTPREPU04HR,Development,W1118,Prepupae,0,1.1336,4
144360_at,BECKSTPREPU04HR,Development,W1118,Prepupae,0,1.1833,4
144361_at,BECKSTPREPU04HR,Development,W1118,Prepupae,0,1.1069,4
144362_at,BECKSTPREPU04HR,Development,W1118,Prepupae,0,0.9798,4
144363_at,BECKSTPREPU04HR,Development,W1118,Prepupae,1,1.2984,4
144364_at,BECKSTPREPU04HR,Development,W1118,Prepupae,0,0.8213,4
144365_at,BECKSTPREPU04HR,Development,W1118,Prepupae,0,0.8687,4
144366_at,BECKSTPREPU04HR,Development,W1118,Prepupae,0,1.0702,4
144367_at,BECKSTPREPU04HR,Development,W1118,Prepupae,0,0.913,4
144368_at,BECKSTPREPU04HR,Development,W1118,Prepupae,0,0.8958,4
144369_at,BECKSTPREPU04HR,Development,W1118,Prepupae,0,0.9768,4
144370_at,BECKSTPREPU04HR,Development,W1118,Prepupae,1,1.2012,4
144371_at,BECKSTPREPU04HR,Development,W1118,Prepupae,0,1.1814,4
144372_at,BECKSTPREPU04HR,Development,W1118,Prepupae,0,1.0286,4
144373_at,BECKSTPREPU04HR,Development,W1118,Prepupae,0,1.1138,4
144374_at,BECKSTPREPU04HR,Development,W1118,Prepupae,1,1.6197,4
144375_at,BECKSTPREPU04HR,Development,W1118,Prepupae,1,1.6344,4
144376_at,BECKSTPREPU04HR,Development,W1118,Prepupae,0,1.0825,4
144377_at,BECKSTPREPU04HR,Development,W1118,Prepupae,1,1.433,4
144378_at,BECKSTPREPU04HR,Development,W1118,Prepupae,1,1.3008,4
144379_at,BECKSTPREPU04HR,Development,W1118,Prepupae,1,1.4971,4
144380_at,BECKSTPREPU04HR,Development,W1118,Prepupae,0,0.8486,4
144381_at,BECKSTPREPU04HR,Development,W1118,Prepupae,1,1.3016,4
144382_at,BECKSTPREPU04HR,Development,W1118,Prepupae,1,1.2554,4
144383_at,BECKSTPREPU04HR,Development,W1118,Prepupae,0,1.0828,4
144384_at,BECKSTPREPU04HR,Development,W1118,Prepupae,0,0.8965,4
144385_at,BECKSTPREPU04HR,Development,W1118,Prepupae,1,1.506,4
144386_at,BECKSTPREPU04HR,Development,W1118,Prepupae,0,0.9277,4
144387_at,BECKSTPREPU04HR,Development,W1118,Prepupae,1,1.3784,4
144388_at,BECKSTPREPU04HR,Development,W1118,Prepupae,0,1.0318,4
144389_at,BECKSTPREPU04HR,Development,W1118,Prepupae,0,1.1661,4
144390_at,BECKSTPREPU04HR,Development,W1118,Prepupae,0,1.1768,4
144391_at,BECKSTPREPU04HR,Development,W1118,Prepupae,0,1.0277,4
144392_at,BECKSTPREPU04HR,Development,W1118,Prepupae,0,0.9993,4
144393_at,BECKSTPREPU04HR,Development,W1118,Prepupae,0,0.835,4
144394_at,BECKSTPREPU04HR,Development,W1118,Prepupae,0,0.9244,4
144395_at,BECKSTPREPU04HR,Development,W1118,Prepupae,0,1.0475,4
144396_at,BECKSTPREPU04HR,Development,W1118,Prepupae,0,1.0848,4
144397_at,BECKSTPREPU04HR,Development,W1118,Prepupae,0,0.9866,4
144398_at,BECKSTPREPU04HR,Development,W1118,Prepupae,0,0.9754,4
144399_at,BECKSTPREPU04HR,Development,W1118,Prepupae,0,0.828,4
144400_at,BECKSTPREPU04HR,Development,W1118,Prepupae,1,1.3856,4
144401_at,BECKSTPREPU04HR,Development,W1118,Prepupae,0,1.0892,4
144402_at,BECKSTPREPU04HR,Development,W1118,Prepupae,1,1.5276,4
144403_at,BECKSTPREPU04HR,Development,W1118,Prepupae,0,1.0285,4
144404_at,BECKSTPREPU04HR,Development,W1118,Prepupae,1,1.389,4
144405_at,BECKSTPREPU04HR,Development,W1118,Prepupae,1,1.8284,4
144406_at,BECKSTPREPU04HR,Development,W1118,Prepupae,0,1.1938,4
144407_at,BECKSTPREPU04HR,Development,W1118,Prepupae,0,1.0339,4
144408_at,BECKSTPREPU04HR,Development,W1118,Prepupae,0,1.0025,4
144409_at,BECKSTPREPU04HR,Development,W1118,Prepupae,0,1.0792,4
144410_at,BECKSTPREPU04HR,Development,W1118,Prepupae,0,0.9867,4
144411_at,BECKSTPREPU04HR,Development,W1118,Prepupae,0,0.8126,4
144412_at,BECKSTPREPU04HR,Development,W1118,Prepupae,0,0.9223,4
144413_at,BECKSTPREPU04HR,Development,W1118,Prepupae,0,0.859,4
144414_at,BECKSTPREPU04HR,Development,W1118,Prepupae,0,1.1741,4
144415_at,BECKSTPREPU04HR,Development,W1118,Prepupae,1,1.2842,4
144416_at,BECKSTPREPU04HR,Development,W1118,Prepupae,1,1.392,4
144417_at,BECKSTPREPU04HR,Development,W1118,Prepupae,1,1.7234,4
144418_at,BECKSTPREPU04HR,Development,W1118,Prepupae,1,1.369,4
144419_at,BECKSTPREPU04HR,Development,W1118,Prepupae,0,1.0875,4
144420_at,BECKSTPREPU04HR,Development,W1118,Prepupae,0,1.0555,4
144421_at,BECKSTPREPU04HR,Development,W1118,Prepupae,0,1.1367,4
144422_at,BECKSTPREPU04HR,Development,W1118,Prepupae,0,1.1823,4
144423_at,BECKSTPREPU04HR,Development,W1118,Prepupae,1,1.341,4
144424_at,BECKSTPREPU04HR,Development,W1118,Prepupae,0,1.1883,4
144425_at,BECKSTPREPU04HR,Development,W1118,Prepupae,1,1.4273,4
144426_at,BECKSTPREPU04HR,Development,W1118,Prepupae,1,1.2797,4
144427_at,BECKSTPREPU04HR,Development,W1118,Prepupae,0,1.1174,4
144428_at,BECKSTPREPU04HR,Development,W1118,Prepupae,0,0.953,4
144429_at,BECKSTPREPU04HR,Development,W1118,Prepupae,1,1.2585,4
144430_at,BECKSTPREPU04HR,Development,W1118,Prepupae,-1,0.7516,4
144431_at,BECKSTPREPU04HR,Development,W1118,Prepupae,0,0.8268,4
144432_at,BECKSTPREPU04HR,Development,W1118,Prepupae,1,1.2569,4
144433_at,BECKSTPREPU04HR,Development,W1118,Prepupae,1,1.2292,4
144434_at,BECKSTPREPU04HR,Development,W1118,Prepupae,0,1.1194,4
144435_at,BECKSTPREPU04HR,Development,W1118,Prepupae,1,1.254,4
144436_at,BECKSTPREPU04HR,Development,W1118,Prepupae,1,1.2513,4
144437_at,BECKSTPREPU04HR,Development,W1118,Prepupae,0,1.0519,4
144438_at,BECKSTPREPU04HR,Development,W1118,Prepupae,1,1.2964,4
144439_at,BECKSTPREPU04HR,Development,W1118,Prepupae,0,1.071,4
144440_at,BECKSTPREPU04HR,Development,W1118,Prepupae,1,1.6471,4
144441_at,BECKSTPREPU04HR,Development,W1118,Prepupae,0,1.1723,4
144442_at,BECKSTPREPU04HR,Development,W1118,Prepupae,0,0.8641,4
144443_at,BECKSTPREPU04HR,Development,W1118,Prepupae,1,1.3064,4
144444_at,BECKSTPREPU04HR,Development,W1118,Prepupae,0,0.9497,4
144445_at,BECKSTPREPU04HR,Development,W1118,Prepupae,1,1.5167,4
144446_at,BECKSTPREPU04HR,Development,W1118,Prepupae,0,1.0358,4
144447_at,BECKSTPREPU04HR,Development,W1118,Prepupae,0,1.1819,4
144448_at,BECKSTPREPU04HR,Development,W1118,Prepupae,1,2.2224,4
144449_at,BECKSTPREPU04HR,Development,W1118,Prepupae,1,1.7045,4
144450_at,BECKSTPREPU04HR,Development,W1118,Prepupae,0,0.8582,4
144451_at,BECKSTPREPU04HR,Development,W1118,Prepupae,0,0.9401,4
144452_at,BECKSTPREPU04HR,Development,W1118,Prepupae,0,0.9442,4
144453_at,BECKSTPREPU04HR,Development,W1118,Prepupae,1,1.2609,4
144454_at,BECKSTPREPU04HR,Development,W1118,Prepupae,1,1.2507,4
144455_at,BECKSTPREPU04HR,Development,W1118,Prepupae,1,1.3526,4
144456_at,BECKSTPREPU04HR,Development,W1118,Prepupae,0,1.0143,4
144457_at,BECKSTPREPU04HR,Development,W1118,Prepupae,1,1.2539,4
144458_at,BECKSTPREPU04HR,Development,W1118,Prepupae,1,1.2263,4
144459_at,BECKSTPREPU04HR,Development,W1118,Prepupae,0,0.8786,4
144460_at,BECKSTPREPU04HR,Development,W1118,Prepupae,1,1.7167,4
144461_at,BECKSTPREPU04HR,Development,W1118,Prepupae,1,1.645,4
144462_at,BECKSTPREPU04HR,Development,W1118,Prepupae,1,1.2971,4
144463_at,BECKSTPREPU04HR,Development,W1118,Prepupae,0,1.0516,4
144464_at,BECKSTPREPU04HR,Development,W1118,Prepupae,0,0.871,4
144465_at,BECKSTPREPU04HR,Development,W1118,Prepupae,1,1.7103,4
144466_at,BECKSTPREPU04HR,Development,W1118,Prepupae,1,1.8562,4
144467_at,BECKSTPREPU04HR,Development,W1118,Prepupae,0,1.0767,4
144468_at,BECKSTPREPU04HR,Development,W1118,Prepupae,0,1.0784,4
144469_i_at,BECKSTPREPU04HR,Development,W1118,Prepupae,1,1.5773,4
144470_r_at,BECKSTPREPU04HR,Development,W1118,Prepupae,0,1.1183,4
144471_at,BECKSTPREPU04HR,Development,W1118,Prepupae,0,0.8939,4
144472_at,BECKSTPREPU04HR,Development,W1118,Prepupae,0,1.1864,4
144473_at,BECKSTPREPU04HR,Development,W1118,Prepupae,1,1.3045,4
144474_at,BECKSTPREPU04HR,Development,W1118,Prepupae,1,1.5281,4
144475_at,BECKSTPREPU04HR,Development,W1118,Prepupae,-1,0.7485,4
144476_at,BECKSTPREPU04HR,Development,W1118,Prepupae,1,1.93,4
144477_at,BECKSTPREPU04HR,Development,W1118,Prepupae,0,1.048,4
144478_at,BECKSTPREPU04HR,Development,W1118,Prepupae,0,0.965,4
144479_at,BECKSTPREPU04HR,Development,W1118,Prepupae,0,1.0053,4
144480_at,BECKSTPREPU04HR,Development,W1118,Prepupae,1,1.2508,4
144481_at,BECKSTPREPU04HR,Development,W1118,Prepupae,-1,0.6631,4
144482_at,BECKSTPREPU04HR,Development,W1118,Prepupae,0,0.9872,4
144483_at,BECKSTPREPU04HR,Development,W1118,Prepupae,0,1.1194,4
144484_at,BECKSTPREPU04HR,Development,W1118,Prepupae,1,1.2334,4
144485_at,BECKSTPREPU04HR,Development,W1118,Prepupae,0,0.8218,4
144486_at,BECKSTPREPU04HR,Development,W1118,Prepupae,0,0.9896,4
144487_at,BECKSTPREPU04HR,Development,W1118,Prepupae,1,1.2078,4
144488_at,BECKSTPREPU04HR,Development,W1118,Prepupae,0,1.165,4
144489_at,BECKSTPREPU04HR,Development,W1118,Prepupae,1,1.385,4
144490_at,BECKSTPREPU04HR,Development,W1118,Prepupae,1,1.2096,4
144491_at,BECKSTPREPU04HR,Development,W1118,Prepupae,0,0.8337,4
144492_at,BECKSTPREPU04HR,Development,W1118,Prepupae,0,1.0679,4
144493_at,BECKSTPREPU04HR,Development,W1118,Prepupae,0,1.0883,4
144494_at,BECKSTPREPU04HR,Development,W1118,Prepupae,1,1.4088,4
144495_at,BECKSTPREPU04HR,Development,W1118,Prepupae,0,1.1085,4
144496_at,BECKSTPREPU04HR,Development,W1118,Prepupae,0,0.9413,4
144497_at,BECKSTPREPU04HR,Development,W1118,Prepupae,1,1.3059,4
144498_at,BECKSTPREPU04HR,Development,W1118,Prepupae,1,1.2794,4
144499_at,BECKSTPREPU04HR,Development,W1118,Prepupae,0,1.1478,4
144500_at,BECKSTPREPU04HR,Development,W1118,Prepupae,0,1.1949,4
144501_at,BECKSTPREPU04HR,Development,W1118,Prepupae,-1,0.7837,4
144502_at,BECKSTPREPU04HR,Development,W1118,Prepupae,1,1.2007,4
144503_at,BECKSTPREPU04HR,Development,W1118,Prepupae,1,1.4463,4
144504_at,BECKSTPREPU04HR,Development,W1118,Prepupae,0,1.1753,4
144505_at,BECKSTPREPU04HR,Development,W1118,Prepupae,0,0.8749,4
144506_at,BECKSTPREPU04HR,Development,W1118,Prepupae,1,1.3209,4
144507_at,BECKSTPREPU04HR,Development,W1118,Prepupae,0,1.1485,4
144508_at,BECKSTPREPU04HR,Development,W1118,Prepupae,0,0.9213,4
144509_at,BECKSTPREPU04HR,Development,W1118,Prepupae,1,1.2026,4
144510_at,BECKSTPREPU04HR,Development,W1118,Prepupae,1,1.5376,4
144511_at,BECKSTPREPU04HR,Development,W1118,Prepupae,-1,0.739,4
144512_at,BECKSTPREPU04HR,Development,W1118,Prepupae,0,1.0864,4
144513_at,BECKSTPREPU04HR,Development,W1118,Prepupae,0,1.0169,4
144514_at,BECKSTPREPU04HR,Development,W1118,Prepupae,0,0.9923,4
144515_at,BECKSTPREPU04HR,Development,W1118,Prepupae,0,1.1216,4
144516_at,BECKSTPREPU04HR,Development,W1118,Prepupae,0,1.1778,4
144517_at,BECKSTPREPU04HR,Development,W1118,Prepupae,0,1.113,4
144518_at,BECKSTPREPU04HR,Development,W1118,Prepupae,1,1.4316,4
144519_at,BECKSTPREPU04HR,Development,W1118,Prepupae,0,1.0617,4
144520_at,BECKSTPREPU04HR,Development,W1118,Prepupae,1,1.2167,4
144521_at,BECKSTPREPU04HR,Development,W1118,Prepupae,1,1.2183,4
144522_at,BECKSTPREPU04HR,Development,W1118,Prepupae,1,1.2836,4
144523_at,BECKSTPREPU04HR,Development,W1118,Prepupae,1,1.2431,4
144524_at,BECKSTPREPU04HR,Development,W1118,Prepupae,-1,0.1679,4
144525_at,BECKSTPREPU04HR,Development,W1118,Prepupae,0,1.0579,4
144526_at,BECKSTPREPU04HR,Development,W1118,Prepupae,0,1.06,4
144527_at,BECKSTPREPU04HR,Development,W1118,Prepupae,1,1.3189,4
144528_at,BECKSTPREPU04HR,Development,W1118,Prepupae,1,1.555,4
144529_at,BECKSTPREPU04HR,Development,W1118,Prepupae,0,0.8719,4
144530_at,BECKSTPREPU04HR,Development,W1118,Prepupae,0,1.1303,4
144531_at,BECKSTPREPU04HR,Development,W1118,Prepupae,0,0.9434,4
144532_at,BECKSTPREPU04HR,Development,W1118,Prepupae,0,1.076,4
144533_at,BECKSTPREPU04HR,Development,W1118,Prepupae,0,0.9434,4
144534_at,BECKSTPREPU04HR,Development,W1118,Prepupae,0,0.919,4
144535_at,BECKSTPREPU04HR,Development,W1118,Prepupae,0,0.9568,4
144536_at,BECKSTPREPU04HR,Development,W1118,Prepupae,-1,0.6735,4
144537_at,BECKSTPREPU04HR,Development,W1118,Prepupae,0,1.1727,4
144538_at,BECKSTPREPU04HR,Development,W1118,Prepupae,0,0.8899,4
144539_at,BECKSTPREPU04HR,Development,W1118,Prepupae,0,1.0899,4
144540_at,BECKSTPREPU04HR,Development,W1118,Prepupae,0,1.0164,4
144541_at,BECKSTPREPU04HR,Development,W1118,Prepupae,-1,0.7949,4
144542_at,BECKSTPREPU04HR,Development,W1118,Prepupae,0,0.8339,4
144543_at,BECKSTPREPU04HR,Development,W1118,Prepupae,1,1.8334,4
144544_at,BECKSTPREPU04HR,Development,W1118,Prepupae,0,0.9447,4
144545_at,BECKSTPREPU04HR,Development,W1118,Prepupae,1,1.3007,4
144546_at,BECKSTPREPU04HR,Development,W1118,Prepupae,1,1.2496,4
144547_at,BECKSTPREPU04HR,Development,W1118,Prepupae,0,1.0933,4
144548_at,BECKSTPREPU04HR,Development,W1118,Prepupae,0,0.8719,4
144549_at,BECKSTPREPU04HR,Development,W1118,Prepupae,-1,0.4573,4
144550_at,BECKSTPREPU04HR,Development,W1118,Prepupae,0,1.059,4
144551_at,BECKSTPREPU04HR,Development,W1118,Prepupae,0,1.1419,4
144552_at,BECKSTPREPU04HR,Development,W1118,Prepupae,0,1.0355,4
144553_at,BECKSTPREPU04HR,Development,W1118,Prepupae,0,0.9627,4
144554_at,BECKSTPREPU04HR,Development,W1118,Prepupae,0,0.9331,4
144555_at,BECKSTPREPU04HR,Development,W1118,Prepupae,1,1.3072,4
144556_at,BECKSTPREPU04HR,Development,W1118,Prepupae,0,0.9621,4
144557_at,BECKSTPREPU04HR,Development,W1118,Prepupae,1,1.6566,4
144558_at,BECKSTPREPU04HR,Development,W1118,Prepupae,1,1.2394,4
144559_at,BECKSTPREPU04HR,Development,W1118,Prepupae,0,0.9506,4
144560_at,BECKSTPREPU04HR,Development,W1118,Prepupae,0,1.0601,4
144561_at,BECKSTPREPU04HR,Development,W1118,Prepupae,-1,0.7575,4
144562_at,BECKSTPREPU04HR,Development,W1118,Prepupae,0,0.9546,4
144563_at,BECKSTPREPU04HR,Development,W1118,Prepupae,1,1.326,4
144564_at,BECKSTPREPU04HR,Development,W1118,Prepupae,0,1.0907,4
144565_at,BECKSTPREPU04HR,Development,W1118,Prepupae,-1,0.7397,4
144566_at,BECKSTPREPU04HR,Development,W1118,Prepupae,0,0.8705,4
144567_at,BECKSTPREPU04HR,Development,W1118,Prepupae,0,1.1862,4
144568_at,BECKSTPREPU04HR,Development,W1118,Prepupae,0,1.0982,4
144569_at,BECKSTPREPU04HR,Development,W1118,Prepupae,1,1.529,4
144570_at,BECKSTPREPU04HR,Development,W1118,Prepupae,0,0.8296,4
144571_at,BECKSTPREPU04HR,Development,W1118,Prepupae,0,0.9678,4
144572_at,BECKSTPREPU04HR,Development,W1118,Prepupae,0,1.1543,4
144573_at,BECKSTPREPU04HR,Development,W1118,Prepupae,0,1.0868,4
144574_at,BECKSTPREPU04HR,Development,W1118,Prepupae,1,1.357,4
144575_i_at,BECKSTPREPU04HR,Development,W1118,Prepupae,1,1.3546,4
144576_s_at,BECKSTPREPU04HR,Development,W1118,Prepupae,1,1.2876,4
144577_at,BECKSTPREPU04HR,Development,W1118,Prepupae,0,1.0478,4
144578_at,BECKSTPREPU04HR,Development,W1118,Prepupae,0,1.0428,4
144579_at,BECKSTPREPU04HR,Development,W1118,Prepupae,0,0.9169,4
144580_at,BECKSTPREPU04HR,Development,W1118,Prepupae,-1,0.7811,4
144581_at,BECKSTPREPU04HR,Development,W1118,Prepupae,0,1.0161,4
144582_at,BECKSTPREPU04HR,Development,W1118,Prepupae,0,1.0901,4
144583_at,BECKSTPREPU04HR,Development,W1118,Prepupae,1,1.4123,4
144584_at,BECKSTPREPU04HR,Development,W1118,Prepupae,-1,0.6806,4
144585_at,BECKSTPREPU04HR,Development,W1118,Prepupae,0,0.9416,4
144586_at,BECKSTPREPU04HR,Development,W1118,Prepupae,-1,0.6813,4
144587_f_at,BECKSTPREPU04HR,Development,W1118,Prepupae,0,0.8735,4
144588_at,BECKSTPREPU04HR,Development,W1118,Prepupae,1,1.3235,4
144589_at,BECKSTPREPU04HR,Development,W1118,Prepupae,1,1.2878,4
144590_at,BECKSTPREPU04HR,Development,W1118,Prepupae,0,1.1017,4
144591_at,BECKSTPREPU04HR,Development,W1118,Prepupae,0,1.1638,4
144592_at,BECKSTPREPU04HR,Development,W1118,Prepupae,-1,0.5176,4
144593_at,BECKSTPREPU04HR,Development,W1118,Prepupae,1,1.2122,4
144594_at,BECKSTPREPU04HR,Development,W1118,Prepupae,0,1.1145,4
144595_at,BECKSTPREPU04HR,Development,W1118,Prepupae,0,1.1791,4
144596_at,BECKSTPREPU04HR,Development,W1118,Prepupae,1,1.3086,4
144597_at,BECKSTPREPU04HR,Development,W1118,Prepupae,0,1.0825,4
144598_at,BECKSTPREPU04HR,Development,W1118,Prepupae,0,0.9322,4
144599_at,BECKSTPREPU04HR,Development,W1118,Prepupae,0,0.8495,4
144600_at,BECKSTPREPU04HR,Development,W1118,Prepupae,1,1.2035,4
144601_at,BECKSTPREPU04HR,Development,W1118,Prepupae,1,1.2507,4
144602_at,BECKSTPREPU04HR,Development,W1118,Prepupae,0,1.1801,4
144603_at,BECKSTPREPU04HR,Development,W1118,Prepupae,1,1.2537,4
144604_at,BECKSTPREPU04HR,Development,W1118,Prepupae,-1,0.7536,4
144605_at,BECKSTPREPU04HR,Development,W1118,Prepupae,0,0.9185,4
144606_at,BECKSTPREPU04HR,Development,W1118,Prepupae,0,0.9719,4
144607_at,BECKSTPREPU04HR,Development,W1118,Prepupae,1,1.2041,4
144608_at,BECKSTPREPU04HR,Development,W1118,Prepupae,0,0.9032,4
144609_at,BECKSTPREPU04HR,Development,W1118,Prepupae,0,1.0078,4
144610_at,BECKSTPREPU04HR,Development,W1118,Prepupae,0,0.9463,4
144611_at,BECKSTPREPU04HR,Development,W1118,Prepupae,0,0.9591,4
144612_at,BECKSTPREPU04HR,Development,W1118,Prepupae,1,1.2654,4
144613_at,BECKSTPREPU04HR,Development,W1118,Prepupae,-1,0.6829,4
144614_at,BECKSTPREPU04HR,Development,W1118,Prepupae,-1,0.4894,4
144615_at,BECKSTPREPU04HR,Development,W1118,Prepupae,0,1.1277,4
144616_at,BECKSTPREPU04HR,Development,W1118,Prepupae,1,1.5233,4
144617_at,BECKSTPREPU04HR,Development,W1118,Prepupae,0,0.9913,4
144618_at,BECKSTPREPU04HR,Development,W1118,Prepupae,0,1.0191,4
144619_at,BECKSTPREPU04HR,Development,W1118,Prepupae,0,1.0341,4
144620_at,BECKSTPREPU04HR,Development,W1118,Prepupae,1,1.5923,4
144621_at,BECKSTPREPU04HR,Development,W1118,Prepupae,1,1.4975,4
144622_at,BECKSTPREPU04HR,Development,W1118,Prepupae,0,0.9333,4
144623_at,BECKSTPREPU04HR,Development,W1118,Prepupae,0,1.1343,4
144624_at,BECKSTPREPU04HR,Development,W1118,Prepupae,-1,0.6719,4
144625_at,BECKSTPREPU04HR,Development,W1118,Prepupae,0,0.9796,4
144626_at,BECKSTPREPU04HR,Development,W1118,Prepupae,0,1.0029,4
144627_at,BECKSTPREPU04HR,Development,W1118,Prepupae,1,1.5656,4
144628_i_at,BECKSTPREPU04HR,Development,W1118,Prepupae,1,1.3128,4
144629_f_at,BECKSTPREPU04HR,Development,W1118,Prepupae,-1,0.7168,4
144630_s_at,BECKSTPREPU04HR,Development,W1118,Prepupae,1,2.1917,4
144631_r_at,BECKSTPREPU04HR,Development,W1118,Prepupae,0,1.0413,4
144632_at,BECKSTPREPU04HR,Development,W1118,Prepupae,0,0.9959,4
144633_at,BECKSTPREPU04HR,Development,W1118,Prepupae,0,0.9379,4
144634_at,BECKSTPREPU04HR,Development,W1118,Prepupae,0,1.0765,4
144635_at,BECKSTPREPU04HR,Development,W1118,Prepupae,-1,0.5857,4
144636_at,BECKSTPREPU04HR,Development,W1118,Prepupae,1,1.3378,4
144637_at,BECKSTPREPU04HR,Development,W1118,Prepupae,0,0.8936,4
144638_at,BECKSTPREPU04HR,Development,W1118,Prepupae,1,1.3591,4
144639_at,BECKSTPREPU04HR,Development,W1118,Prepupae,1,1.4464,4
144640_at,BECKSTPREPU04HR,Development,W1118,Prepupae,1,1.2522,4
144641_at,BECKSTPREPU04HR,Development,W1118,Prepupae,-1,0.5946,4
144642_at,BECKSTPREPU04HR,Development,W1118,Prepupae,0,0.8366,4
144643_at,BECKSTPREPU04HR,Development,W1118,Prepupae,0,1.0072,4
144644_at,BECKSTPREPU04HR,Development,W1118,Prepupae,1,1.3328,4
144645_at,BECKSTPREPU04HR,Development,W1118,Prepupae,0,0.8338,4
144646_at,BECKSTPREPU04HR,Development,W1118,Prepupae,0,1.0084,4
144647_at,BECKSTPREPU04HR,Development,W1118,Prepupae,1,1.2255,4
144648_at,BECKSTPREPU04HR,Development,W1118,Prepupae,0,1.047,4
144649_at,BECKSTPREPU04HR,Development,W1118,Prepupae,0,1.1397,4
144650_at,BECKSTPREPU04HR,Development,W1118,Prepupae,0,1.0579,4
144651_at,BECKSTPREPU04HR,Development,W1118,Prepupae,1,1.5501,4
144652_at,BECKSTPREPU04HR,Development,W1118,Prepupae,1,1.3857,4
144653_at,BECKSTPREPU04HR,Development,W1118,Prepupae,0,0.9221,4
144654_at,BECKSTPREPU04HR,Development,W1118,Prepupae,0,0.9335,4
144655_at,BECKSTPREPU04HR,Development,W1118,Prepupae,0,0.8685,4
144656_at,BECKSTPREPU04HR,Development,W1118,Prepupae,0,1.1771,4
144657_at,BECKSTPREPU04HR,Development,W1118,Prepupae,0,1.1807,4
144658_at,BECKSTPREPU04HR,Development,W1118,Prepupae,1,1.5194,4
144659_at,BECKSTPREPU04HR,Development,W1118,Prepupae,0,1.0964,4
144660_at,BECKSTPREPU04HR,Development,W1118,Prepupae,1,1.7707,4
144661_at,BECKSTPREPU04HR,Development,W1118,Prepupae,1,2.4487,4
144662_at,BECKSTPREPU04HR,Development,W1118,Prepupae,0,1.0297,4
144663_at,BECKSTPREPU04HR,Development,W1118,Prepupae,0,0.9581,4
144664_at,BECKSTPREPU04HR,Development,W1118,Prepupae,0,0.929,4
144665_at,BECKSTPREPU04HR,Development,W1118,Prepupae,1,1.4,4
144666_at,BECKSTPREPU04HR,Development,W1118,Prepupae,1,1.7818,4
144667_at,BECKSTPREPU04HR,Development,W1118,Prepupae,1,1.6061,4
144668_at,BECKSTPREPU04HR,Development,W1118,Prepupae,0,1.1111,4
144669_at,BECKSTPREPU04HR,Development,W1118,Prepupae,0,0.979,4
144670_at,BECKSTPREPU04HR,Development,W1118,Prepupae,0,0.9719,4
144671_at,BECKSTPREPU04HR,Development,W1118,Prepupae,0,1.0919,4
144672_at,BECKSTPREPU04HR,Development,W1118,Prepupae,1,1.5444,4
144673_at,BECKSTPREPU04HR,Development,W1118,Prepupae,0,0.8605,4
144674_at,BECKSTPREPU04HR,Development,W1118,Prepupae,1,1.2346,4
144675_at,BECKSTPREPU04HR,Development,W1118,Prepupae,0,0.9404,4
144676_at,BECKSTPREPU04HR,Development,W1118,Prepupae,0,1.1062,4
144677_at,BECKSTPREPU04HR,Development,W1118,Prepupae,0,0.9119,4
144678_at,BECKSTPREPU04HR,Development,W1118,Prepupae,1,1.2216,4
144679_at,BECKSTPREPU04HR,Development,W1118,Prepupae,0,1.0172,4
144680_at,BECKSTPREPU04HR,Development,W1118,Prepupae,0,0.94,4
144681_at,BECKSTPREPU04HR,Development,W1118,Prepupae,0,1.1108,4
144682_at,BECKSTPREPU04HR,Development,W1118,Prepupae,0,0.9443,4
144683_at,BECKSTPREPU04HR,Development,W1118,Prepupae,0,0.9957,4
144684_at,BECKSTPREPU04HR,Development,W1118,Prepupae,0,1.0932,4
144685_at,BECKSTPREPU04HR,Development,W1118,Prepupae,0,1.0896,4
144686_at,BECKSTPREPU04HR,Development,W1118,Prepupae,0,0.9427,4
144687_at,BECKSTPREPU04HR,Development,W1118,Prepupae,0,1.1999,4
144688_at,BECKSTPREPU04HR,Development,W1118,Prepupae,1,1.338,4
144689_at,BECKSTPREPU04HR,Development,W1118,Prepupae,0,1.1516,4
144690_at,BECKSTPREPU04HR,Development,W1118,Prepupae,0,1.0981,4
144691_at,BECKSTPREPU04HR,Development,W1118,Prepupae,0,1.039,4
144692_at,BECKSTPREPU04HR,Development,W1118,Prepupae,0,0.8452,4
144693_at,BECKSTPREPU04HR,Development,W1118,Prepupae,0,0.8898,4
144694_at,BECKSTPREPU04HR,Development,W1118,Prepupae,0,0.9583,4
144695_at,BECKSTPREPU04HR,Development,W1118,Prepupae,1,1.2455,4
144696_at,BECKSTPREPU04HR,Development,W1118,Prepupae,0,0.9837,4
144697_at,BECKSTPREPU04HR,Development,W1118,Prepupae,0,0.9235,4
144698_at,BECKSTPREPU04HR,Development,W1118,Prepupae,1,1.3318,4
144699_at,BECKSTPREPU04HR,Development,W1118,Prepupae,-1,0.5604,4
144700_at,BECKSTPREPU04HR,Development,W1118,Prepupae,1,1.26,4
144701_at,BECKSTPREPU04HR,Development,W1118,Prepupae,0,1.1326,4
144702_at,BECKSTPREPU04HR,Development,W1118,Prepupae,0,0.9936,4
144703_at,BECKSTPREPU04HR,Development,W1118,Prepupae,0,1.0969,4
144704_at,BECKSTPREPU04HR,Development,W1118,Prepupae,1,2.0119,4
144705_at,BECKSTPREPU04HR,Development,W1118,Prepupae,0,1.0793,4
144706_at,BECKSTPREPU04HR,Development,W1118,Prepupae,1,1.337,4
144707_at,BECKSTPREPU04HR,Development,W1118,Prepupae,0,0.9978,4
144708_at,BECKSTPREPU04HR,Development,W1118,Prepupae,0,0.9285,4
144709_at,BECKSTPREPU04HR,Development,W1118,Prepupae,0,0.9811,4
144710_at,BECKSTPREPU04HR,Development,W1118,Prepupae,0,1.071,4
144711_at,BECKSTPREPU04HR,Development,W1118,Prepupae,1,2.566,4
144712_at,BECKSTPREPU04HR,Development,W1118,Prepupae,1,1.6036,4
144713_at,BECKSTPREPU04HR,Development,W1118,Prepupae,0,0.9155,4
144714_at,BECKSTPREPU04HR,Development,W1118,Prepupae,0,0.9356,4
144715_at,BECKSTPREPU04HR,Development,W1118,Prepupae,0,0.985,4
144716_at,BECKSTPREPU04HR,Development,W1118,Prepupae,1,1.5351,4
144717_at,BECKSTPREPU04HR,Development,W1118,Prepupae,0,0.9912,4
144718_at,BECKSTPREPU04HR,Development,W1118,Prepupae,1,2.19,4
144719_at,BECKSTPREPU04HR,Development,W1118,Prepupae,1,2.0816,4
144720_at,BECKSTPREPU04HR,Development,W1118,Prepupae,1,1.6194,4
144721_at,BECKSTPREPU04HR,Development,W1118,Prepupae,0,1.1324,4
144722_at,BECKSTPREPU04HR,Development,W1118,Prepupae,-1,0.7328,4
144723_at,BECKSTPREPU04HR,Development,W1118,Prepupae,0,1.1781,4
144724_at,BECKSTPREPU04HR,Development,W1118,Prepupae,0,0.9169,4
144725_at,BECKSTPREPU04HR,Development,W1118,Prepupae,0,1.1013,4
144726_at,BECKSTPREPU04HR,Development,W1118,Prepupae,0,0.9509,4
144727_at,BECKSTPREPU04HR,Development,W1118,Prepupae,0,0.8848,4
144728_at,BECKSTPREPU04HR,Development,W1118,Prepupae,0,1.0099,4
144729_at,BECKSTPREPU04HR,Development,W1118,Prepupae,0,1.0982,4
144730_at,BECKSTPREPU04HR,Development,W1118,Prepupae,0,1.0203,4
144731_at,BECKSTPREPU04HR,Development,W1118,Prepupae,0,1.0933,4
144732_at,BECKSTPREPU04HR,Development,W1118,Prepupae,0,0.9434,4
144733_at,BECKSTPREPU04HR,Development,W1118,Prepupae,0,1.1036,4
144734_at,BECKSTPREPU04HR,Development,W1118,Prepupae,1,1.6197,4
144735_at,BECKSTPREPU04HR,Development,W1118,Prepupae,-1,0.7316,4
144736_at,BECKSTPREPU04HR,Development,W1118,Prepupae,0,1.0782,4
144737_at,BECKSTPREPU04HR,Development,W1118,Prepupae,1,1.5235,4
144738_at,BECKSTPREPU04HR,Development,W1118,Prepupae,0,1.1529,4
144739_at,BECKSTPREPU04HR,Development,W1118,Prepupae,0,0.9968,4
144740_at,BECKSTPREPU04HR,Development,W1118,Prepupae,1,1.2066,4
144741_at,BECKSTPREPU04HR,Development,W1118,Prepupae,0,0.9226,4
144742_at,BECKSTPREPU04HR,Development,W1118,Prepupae,-1,0.7981,4
144743_at,BECKSTPREPU04HR,Development,W1118,Prepupae,0,0.9294,4
144744_at,BECKSTPREPU04HR,Development,W1118,Prepupae,0,1.005,4
144745_at,BECKSTPREPU04HR,Development,W1118,Prepupae,-1,0.7294,4
144746_at,BECKSTPREPU04HR,Development,W1118,Prepupae,0,0.948,4
144747_at,BECKSTPREPU04HR,Development,W1118,Prepupae,0,1.038,4
144748_at,BECKSTPREPU04HR,Development,W1118,Prepupae,1,1.6673,4
144749_at,BECKSTPREPU04HR,Development,W1118,Prepupae,0,0.9875,4
144750_at,BECKSTPREPU04HR,Development,W1118,Prepupae,1,1.4175,4
144751_at,BECKSTPREPU04HR,Development,W1118,Prepupae,0,0.9746,4
144752_at,BECKSTPREPU04HR,Development,W1118,Prepupae,0,1.1562,4
144753_at,BECKSTPREPU04HR,Development,W1118,Prepupae,0,0.8606,4
144754_at,BECKSTPREPU04HR,Development,W1118,Prepupae,0,1.0992,4
144755_at,BECKSTPREPU04HR,Development,W1118,Prepupae,1,1.3708,4
144756_at,BECKSTPREPU04HR,Development,W1118,Prepupae,0,0.9389,4
144757_at,BECKSTPREPU04HR,Development,W1118,Prepupae,0,0.8538,4
144758_at,BECKSTPREPU04HR,Development,W1118,Prepupae,0,1.021,4
144759_at,BECKSTPREPU04HR,Development,W1118,Prepupae,-1,0.756,4
144760_at,BECKSTPREPU04HR,Development,W1118,Prepupae,1,1.3068,4
144761_at,BECKSTPREPU04HR,Development,W1118,Prepupae,-1,0.583,4
144762_at,BECKSTPREPU04HR,Development,W1118,Prepupae,0,1.0813,4
144763_at,BECKSTPREPU04HR,Development,W1118,Prepupae,0,1.0215,4
144764_at,BECKSTPREPU04HR,Development,W1118,Prepupae,-1,0.7387,4
144765_at,BECKSTPREPU04HR,Development,W1118,Prepupae,0,1.0729,4
144766_at,BECKSTPREPU04HR,Development,W1118,Prepupae,0,1.097,4
144767_at,BECKSTPREPU04HR,Development,W1118,Prepupae,-1,0.7419,4
144768_at,BECKSTPREPU04HR,Development,W1118,Prepupae,0,0.97,4
144769_at,BECKSTPREPU04HR,Development,W1118,Prepupae,0,1.0807,4
144770_at,BECKSTPREPU04HR,Development,W1118,Prepupae,-1,0.2908,4
144771_at,BECKSTPREPU04HR,Development,W1118,Prepupae,-1,0.6589,4
144772_at,BECKSTPREPU04HR,Development,W1118,Prepupae,1,1.4398,4
144773_at,BECKSTPREPU04HR,Development,W1118,Prepupae,0,1.1004,4
144774_at,BECKSTPREPU04HR,Development,W1118,Prepupae,0,1.0625,4
144775_at,BECKSTPREPU04HR,Development,W1118,Prepupae,0,0.9907,4
144776_at,BECKSTPREPU04HR,Development,W1118,Prepupae,0,1.1144,4
144777_at,BECKSTPREPU04HR,Development,W1118,Prepupae,0,1.0833,4
144778_at,BECKSTPREPU04HR,Development,W1118,Prepupae,0,1.0771,4
144779_at,BECKSTPREPU04HR,Development,W1118,Prepupae,0,0.8238,4
144780_at,BECKSTPREPU04HR,Development,W1118,Prepupae,1,1.2576,4
144781_at,BECKSTPREPU04HR,Development,W1118,Prepupae,0,0.8355,4
144782_at,BECKSTPREPU04HR,Development,W1118,Prepupae,1,1.2577,4
144783_at,BECKSTPREPU04HR,Development,W1118,Prepupae,0,0.9812,4
144784_at,BECKSTPREPU04HR,Development,W1118,Prepupae,-1,0.7386,4
144785_at,BECKSTPREPU04HR,Development,W1118,Prepupae,1,1.5196,4
144786_at,BECKSTPREPU04HR,Development,W1118,Prepupae,1,2.0808,4
144787_at,BECKSTPREPU04HR,Development,W1118,Prepupae,1,1.3688,4
144788_at,BECKSTPREPU04HR,Development,W1118,Prepupae,-1,0.7918,4
144789_at,BECKSTPREPU04HR,Development,W1118,Prepupae,0,1.0893,4
144790_at,BECKSTPREPU04HR,Development,W1118,Prepupae,1,1.2249,4
144791_at,BECKSTPREPU04HR,Development,W1118,Prepupae,0,0.9955,4
144792_at,BECKSTPREPU04HR,Development,W1118,Prepupae,0,0.8668,4
144793_at,BECKSTPREPU04HR,Development,W1118,Prepupae,1,1.2982,4
144794_at,BECKSTPREPU04HR,Development,W1118,Prepupae,0,0.9465,4
144795_at,BECKSTPREPU04HR,Development,W1118,Prepupae,0,1.1036,4
144796_at,BECKSTPREPU04HR,Development,W1118,Prepupae,0,1.0297,4
144797_at,BECKSTPREPU04HR,Development,W1118,Prepupae,1,1.2441,4
144798_at,BECKSTPREPU04HR,Development,W1118,Prepupae,0,1.066,4
144799_at,BECKSTPREPU04HR,Development,W1118,Prepupae,1,1.2129,4
144800_at,BECKSTPREPU04HR,Development,W1118,Prepupae,1,1.6128,4
144801_at,BECKSTPREPU04HR,Development,W1118,Prepupae,0,1.1014,4
144802_at,BECKSTPREPU04HR,Development,W1118,Prepupae,0,0.8493,4
144803_at,BECKSTPREPU04HR,Development,W1118,Prepupae,0,0.9546,4
144804_at,BECKSTPREPU04HR,Development,W1118,Prepupae,0,0.9851,4
144805_at,BECKSTPREPU04HR,Development,W1118,Prepupae,1,1.26,4
144806_at,BECKSTPREPU04HR,Development,W1118,Prepupae,0,1.0483,4
144807_at,BECKSTPREPU04HR,Development,W1118,Prepupae,0,1.0825,4
144808_at,BECKSTPREPU04HR,Development,W1118,Prepupae,1,1.2905,4
144809_at,BECKSTPREPU04HR,Development,W1118,Prepupae,0,0.9433,4
144810_at,BECKSTPREPU04HR,Development,W1118,Prepupae,1,1.4271,4
144811_at,BECKSTPREPU04HR,Development,W1118,Prepupae,0,0.9149,4
144812_at,BECKSTPREPU04HR,Development,W1118,Prepupae,0,1.0462,4
144813_at,BECKSTPREPU04HR,Development,W1118,Prepupae,1,1.5667,4
144814_at,BECKSTPREPU04HR,Development,W1118,Prepupae,0,1.0633,4
144815_at,BECKSTPREPU04HR,Development,W1118,Prepupae,0,1.193,4
144816_at,BECKSTPREPU04HR,Development,W1118,Prepupae,1,1.3373,4
144817_s_at,BECKSTPREPU04HR,Development,W1118,Prepupae,1,1.5613,4
144818_at,BECKSTPREPU04HR,Development,W1118,Prepupae,0,0.9334,4
144819_at,BECKSTPREPU04HR,Development,W1118,Prepupae,1,1.2916,4
144820_at,BECKSTPREPU04HR,Development,W1118,Prepupae,1,1.8769,4
144821_at,BECKSTPREPU04HR,Development,W1118,Prepupae,0,1.0943,4
144822_at,BECKSTPREPU04HR,Development,W1118,Prepupae,-1,0.7953,4
144823_at,BECKSTPREPU04HR,Development,W1118,Prepupae,0,1.1547,4
144824_at,BECKSTPREPU04HR,Development,W1118,Prepupae,0,0.9951,4
144825_at,BECKSTPREPU04HR,Development,W1118,Prepupae,1,1.2382,4
144826_at,BECKSTPREPU04HR,Development,W1118,Prepupae,0,0.8977,4
144827_at,BECKSTPREPU04HR,Development,W1118,Prepupae,0,1.1815,4
144828_at,BECKSTPREPU04HR,Development,W1118,Prepupae,0,1.0134,4
144829_at,BECKSTPREPU04HR,Development,W1118,Prepupae,0,0.9031,4
144830_at,BECKSTPREPU04HR,Development,W1118,Prepupae,0,0.9125,4
144831_at,BECKSTPREPU04HR,Development,W1118,Prepupae,0,1.1865,4
144832_at,BECKSTPREPU04HR,Development,W1118,Prepupae,0,0.9645,4
144833_at,BECKSTPREPU04HR,Development,W1118,Prepupae,1,1.4189,4
144834_at,BECKSTPREPU04HR,Development,W1118,Prepupae,1,1.3566,4
144835_at,BECKSTPREPU04HR,Development,W1118,Prepupae,0,1.0112,4
144836_at,BECKSTPREPU04HR,Development,W1118,Prepupae,0,0.9023,4
144837_at,BECKSTPREPU04HR,Development,W1118,Prepupae,0,0.8469,4
144838_at,BECKSTPREPU04HR,Development,W1118,Prepupae,0,1.0231,4
144839_at,BECKSTPREPU04HR,Development,W1118,Prepupae,0,1.0399,4
144840_at,BECKSTPREPU04HR,Development,W1118,Prepupae,0,1.1747,4
144841_at,BECKSTPREPU04HR,Development,W1118,Prepupae,0,1.1709,4
144842_at,BECKSTPREPU04HR,Development,W1118,Prepupae,0,1.1598,4
144843_at,BECKSTPREPU04HR,Development,W1118,Prepupae,0,0.9559,4
144844_at,BECKSTPREPU04HR,Development,W1118,Prepupae,1,1.4182,4
144845_at,BECKSTPREPU04HR,Development,W1118,Prepupae,0,1.1177,4
144846_at,BECKSTPREPU04HR,Development,W1118,Prepupae,0,0.9301,4
144847_at,BECKSTPREPU04HR,Development,W1118,Prepupae,1,1.3016,4
144848_at,BECKSTPREPU04HR,Development,W1118,Prepupae,1,1.2553,4
144849_at,BECKSTPREPU04HR,Development,W1118,Prepupae,1,1.2798,4
144850_at,BECKSTPREPU04HR,Development,W1118,Prepupae,-1,0.752,4
144851_at,BECKSTPREPU04HR,Development,W1118,Prepupae,1,1.9428,4
144852_at,BECKSTPREPU04HR,Development,W1118,Prepupae,0,1.194,4
144853_at,BECKSTPREPU04HR,Development,W1118,Prepupae,0,0.9863,4
144854_at,BECKSTPREPU04HR,Development,W1118,Prepupae,1,1.2868,4
144855_at,BECKSTPREPU04HR,Development,W1118,Prepupae,0,0.8505,4
144856_at,BECKSTPREPU04HR,Development,W1118,Prepupae,1,1.2571,4
144857_at,BECKSTPREPU04HR,Development,W1118,Prepupae,0,1.1421,4
144858_at,BECKSTPREPU04HR,Development,W1118,Prepupae,0,1.03,4
144859_at,BECKSTPREPU04HR,Development,W1118,Prepupae,1,1.5311,4
144860_at,BECKSTPREPU04HR,Development,W1118,Prepupae,0,0.8409,4
144861_at,BECKSTPREPU04HR,Development,W1118,Prepupae,1,1.548,4
144862_at,BECKSTPREPU04HR,Development,W1118,Prepupae,0,0.8898,4
144863_at,BECKSTPREPU04HR,Development,W1118,Prepupae,0,1.0197,4
144864_at,BECKSTPREPU04HR,Development,W1118,Prepupae,0,0.9413,4
144865_at,BECKSTPREPU04HR,Development,W1118,Prepupae,0,1.0085,4
144866_at,BECKSTPREPU04HR,Development,W1118,Prepupae,0,1.1575,4
144867_at,BECKSTPREPU04HR,Development,W1118,Prepupae,0,0.8405,4
144868_at,BECKSTPREPU04HR,Development,W1118,Prepupae,1,1.2486,4
144869_at,BECKSTPREPU04HR,Development,W1118,Prepupae,1,1.2065,4
144870_at,BECKSTPREPU04HR,Development,W1118,Prepupae,0,0.8847,4
144871_at,BECKSTPREPU04HR,Development,W1118,Prepupae,0,1.0009,4
144872_at,BECKSTPREPU04HR,Development,W1118,Prepupae,0,1.0672,4
144873_at,BECKSTPREPU04HR,Development,W1118,Prepupae,0,0.9811,4
144874_at,BECKSTPREPU04HR,Development,W1118,Prepupae,0,1.199,4
144875_at,BECKSTPREPU04HR,Development,W1118,Prepupae,0,0.9219,4
144876_at,BECKSTPREPU04HR,Development,W1118,Prepupae,0,1.1979,4
144877_at,BECKSTPREPU04HR,Development,W1118,Prepupae,1,1.2799,4
144878_at,BECKSTPREPU04HR,Development,W1118,Prepupae,0,1.1528,4
144879_at,BECKSTPREPU04HR,Development,W1118,Prepupae,0,0.9551,4
144880_at,BECKSTPREPU04HR,Development,W1118,Prepupae,1,2.112,4
144881_at,BECKSTPREPU04HR,Development,W1118,Prepupae,0,1.1321,4
144882_at,BECKSTPREPU04HR,Development,W1118,Prepupae,0,0.9037,4
144883_at,BECKSTPREPU04HR,Development,W1118,Prepupae,0,1.0212,4
144884_at,BECKSTPREPU04HR,Development,W1118,Prepupae,-1,0.7215,4
144885_at,BECKSTPREPU04HR,Development,W1118,Prepupae,1,1.218,4
144886_at,BECKSTPREPU04HR,Development,W1118,Prepupae,-1,0.7935,4
144887_at,BECKSTPREPU04HR,Development,W1118,Prepupae,0,1.0181,4
144888_at,BECKSTPREPU04HR,Development,W1118,Prepupae,0,1.0738,4
144889_at,BECKSTPREPU04HR,Development,W1118,Prepupae,0,1.131,4
144890_at,BECKSTPREPU04HR,Development,W1118,Prepupae,0,0.8431,4
144891_at,BECKSTPREPU04HR,Development,W1118,Prepupae,0,0.9506,4
144892_at,BECKSTPREPU04HR,Development,W1118,Prepupae,1,1.2484,4
144893_at,BECKSTPREPU04HR,Development,W1118,Prepupae,1,1.6752,4
144894_at,BECKSTPREPU04HR,Development,W1118,Prepupae,0,1.0937,4
144895_f_at,BECKSTPREPU04HR,Development,W1118,Prepupae,0,0.9298,4
144896_at,BECKSTPREPU04HR,Development,W1118,Prepupae,0,1.0229,4
144897_at,BECKSTPREPU04HR,Development,W1118,Prepupae,0,0.9769,4
144898_at,BECKSTPREPU04HR,Development,W1118,Prepupae,1,1.4255,4
144899_at,BECKSTPREPU04HR,Development,W1118,Prepupae,0,1.0808,4
144900_at,BECKSTPREPU04HR,Development,W1118,Prepupae,1,2.4459,4
144901_at,BECKSTPREPU04HR,Development,W1118,Prepupae,0,0.9106,4
144902_at,BECKSTPREPU04HR,Development,W1118,Prepupae,0,1.004,4
144903_at,BECKSTPREPU04HR,Development,W1118,Prepupae,0,0.9985,4
144904_at,BECKSTPREPU04HR,Development,W1118,Prepupae,0,0.826,4
144905_at,BECKSTPREPU04HR,Development,W1118,Prepupae,0,1.1095,4
144906_at,BECKSTPREPU04HR,Development,W1118,Prepupae,0,1.0681,4
144907_at,BECKSTPREPU04HR,Development,W1118,Prepupae,1,1.2419,4
144908_at,BECKSTPREPU04HR,Development,W1118,Prepupae,0,1.0779,4
144909_at,BECKSTPREPU04HR,Development,W1118,Prepupae,0,1.1801,4
144910_at,BECKSTPREPU04HR,Development,W1118,Prepupae,0,0.9519,4
144911_at,BECKSTPREPU04HR,Development,W1118,Prepupae,0,0.9404,4
144912_at,BECKSTPREPU04HR,Development,W1118,Prepupae,1,1.2003,4
144913_at,BECKSTPREPU04HR,Development,W1118,Prepupae,0,0.8497,4
144914_at,BECKSTPREPU04HR,Development,W1118,Prepupae,0,1.1164,4
144915_at,BECKSTPREPU04HR,Development,W1118,Prepupae,0,1.1684,4
144916_at,BECKSTPREPU04HR,Development,W1118,Prepupae,-1,0.7666,4
144917_at,BECKSTPREPU04HR,Development,W1118,Prepupae,0,1.0367,4
144918_at,BECKSTPREPU04HR,Development,W1118,Prepupae,1,1.3818,4
144919_at,BECKSTPREPU04HR,Development,W1118,Prepupae,1,1.8967,4
144920_at,BECKSTPREPU04HR,Development,W1118,Prepupae,1,1.3531,4
144921_at,BECKSTPREPU04HR,Development,W1118,Prepupae,0,1.1038,4
144922_at,BECKSTPREPU04HR,Development,W1118,Prepupae,1,1.4384,4
144923_at,BECKSTPREPU04HR,Development,W1118,Prepupae,1,1.4453,4
144924_at,BECKSTPREPU04HR,Development,W1118,Prepupae,0,1.0438,4
144925_at,BECKSTPREPU04HR,Development,W1118,Prepupae,0,0.9697,4
144926_at,BECKSTPREPU04HR,Development,W1118,Prepupae,1,1.3586,4
144927_s_at,BECKSTPREPU04HR,Development,W1118,Prepupae,0,1.0844,4
144928_at,BECKSTPREPU04HR,Development,W1118,Prepupae,1,1.2894,4
144929_at,BECKSTPREPU04HR,Development,W1118,Prepupae,0,0.9514,4
144930_at,BECKSTPREPU04HR,Development,W1118,Prepupae,0,1.1216,4
144931_at,BECKSTPREPU04HR,Development,W1118,Prepupae,1,1.736,4
144932_at,BECKSTPREPU04HR,Development,W1118,Prepupae,0,0.9084,4
144933_at,BECKSTPREPU04HR,Development,W1118,Prepupae,0,1.0518,4
144934_at,BECKSTPREPU04HR,Development,W1118,Prepupae,0,0.8734,4
144935_at,BECKSTPREPU04HR,Development,W1118,Prepupae,0,0.9413,4
144936_at,BECKSTPREPU04HR,Development,W1118,Prepupae,0,0.865,4
144937_at,BECKSTPREPU04HR,Development,W1118,Prepupae,1,1.2428,4
144938_at,BECKSTPREPU04HR,Development,W1118,Prepupae,0,0.9705,4
144939_at,BECKSTPREPU04HR,Development,W1118,Prepupae,-1,0.7765,4
144940_at,BECKSTPREPU04HR,Development,W1118,Prepupae,1,1.9863,4
144941_at,BECKSTPREPU04HR,Development,W1118,Prepupae,1,1.3669,4
144942_at,BECKSTPREPU04HR,Development,W1118,Prepupae,1,1.7009,4
144943_at,BECKSTPREPU04HR,Development,W1118,Prepupae,0,1.0144,4
144944_at,BECKSTPREPU04HR,Development,W1118,Prepupae,1,1.4119,4
144945_at,BECKSTPREPU04HR,Development,W1118,Prepupae,1,1.23,4
144946_at,BECKSTPREPU04HR,Development,W1118,Prepupae,0,0.9622,4
144947_at,BECKSTPREPU04HR,Development,W1118,Prepupae,1,1.2992,4
144948_at,BECKSTPREPU04HR,Development,W1118,Prepupae,0,0.9104,4
144949_at,BECKSTPREPU04HR,Development,W1118,Prepupae,1,1.4952,4
144950_at,BECKSTPREPU04HR,Development,W1118,Prepupae,0,1.0933,4
144951_at,BECKSTPREPU04HR,Development,W1118,Prepupae,0,1.1006,4
144952_at,BECKSTPREPU04HR,Development,W1118,Prepupae,0,0.9589,4
144953_at,BECKSTPREPU04HR,Development,W1118,Prepupae,0,1.1331,4
144954_at,BECKSTPREPU04HR,Development,W1118,Prepupae,1,1.3398,4
144955_at,BECKSTPREPU04HR,Development,W1118,Prepupae,0,0.843,4
144956_i_at,BECKSTPREPU04HR,Development,W1118,Prepupae,0,1.0281,4
144957_r_at,BECKSTPREPU04HR,Development,W1118,Prepupae,1,1.4769,4
144958_at,BECKSTPREPU04HR,Development,W1118,Prepupae,0,1.0479,4
144959_at,BECKSTPREPU04HR,Development,W1118,Prepupae,0,1.1324,4
144960_at,BECKSTPREPU04HR,Development,W1118,Prepupae,1,1.2098,4
144961_at,BECKSTPREPU04HR,Development,W1118,Prepupae,1,1.4054,4
144962_at,BECKSTPREPU04HR,Development,W1118,Prepupae,0,1.0466,4
144963_at,BECKSTPREPU04HR,Development,W1118,Prepupae,1,1.3533,4
144964_at,BECKSTPREPU04HR,Development,W1118,Prepupae,1,1.762,4
144965_at,BECKSTPREPU04HR,Development,W1118,Prepupae,1,1.3173,4
144966_at,BECKSTPREPU04HR,Development,W1118,Prepupae,1,1.5278,4
144967_at,BECKSTPREPU04HR,Development,W1118,Prepupae,0,0.8971,4
144968_at,BECKSTPREPU04HR,Development,W1118,Prepupae,0,0.9299,4
144969_at,BECKSTPREPU04HR,Development,W1118,Prepupae,0,1.0678,4
144970_at,BECKSTPREPU04HR,Development,W1118,Prepupae,1,1.2875,4
144971_at,BECKSTPREPU04HR,Development,W1118,Prepupae,0,1.0052,4
144972_at,BECKSTPREPU04HR,Development,W1118,Prepupae,0,1.1658,4
144973_at,BECKSTPREPU04HR,Development,W1118,Prepupae,1,1.3226,4
144974_at,BECKSTPREPU04HR,Development,W1118,Prepupae,1,2.4117,4
144975_at,BECKSTPREPU04HR,Development,W1118,Prepupae,0,1.1972,4
144976_at,BECKSTPREPU04HR,Development,W1118,Prepupae,0,0.952,4
144977_at,BECKSTPREPU04HR,Development,W1118,Prepupae,0,1.0278,4
144978_at,BECKSTPREPU04HR,Development,W1118,Prepupae,1,1.2774,4
144979_at,BECKSTPREPU04HR,Development,W1118,Prepupae,1,1.4539,4
144980_at,BECKSTPREPU04HR,Development,W1118,Prepupae,1,1.517,4
144981_at,BECKSTPREPU04HR,Development,W1118,Prepupae,0,1.1954,4
144982_s_at,BECKSTPREPU04HR,Development,W1118,Prepupae,1,1.2402,4
144983_at,BECKSTPREPU04HR,Development,W1118,Prepupae,0,0.878,4
144984_at,BECKSTPREPU04HR,Development,W1118,Prepupae,0,1.056,4
144985_at,BECKSTPREPU04HR,Development,W1118,Prepupae,0,1.0158,4
144986_at,BECKSTPREPU04HR,Development,W1118,Prepupae,1,1.6571,4
144987_at,BECKSTPREPU04HR,Development,W1118,Prepupae,0,0.8151,4
144988_at,BECKSTPREPU04HR,Development,W1118,Prepupae,0,1.1282,4
144989_at,BECKSTPREPU04HR,Development,W1118,Prepupae,0,1.0827,4
144990_at,BECKSTPREPU04HR,Development,W1118,Prepupae,1,1.3253,4
144991_at,BECKSTPREPU04HR,Development,W1118,Prepupae,1,1.497,4
144992_at,BECKSTPREPU04HR,Development,W1118,Prepupae,1,1.223,4
144993_at,BECKSTPREPU04HR,Development,W1118,Prepupae,0,0.9549,4
144994_at,BECKSTPREPU04HR,Development,W1118,Prepupae,1,1.8602,4
144995_at,BECKSTPREPU04HR,Development,W1118,Prepupae,1,1.2688,4
144996_at,BECKSTPREPU04HR,Development,W1118,Prepupae,0,0.9115,4
144997_at,BECKSTPREPU04HR,Development,W1118,Prepupae,1,1.2806,4
144998_at,BECKSTPREPU04HR,Development,W1118,Prepupae,0,0.9501,4
144999_at,BECKSTPREPU04HR,Development,W1118,Prepupae,0,1.1213,4
145000_at,BECKSTPREPU04HR,Development,W1118,Prepupae,-1,0.7245,4
145001_at,BECKSTPREPU04HR,Development,W1118,Prepupae,0,1.1292,4
145002_at,BECKSTPREPU04HR,Development,W1118,Prepupae,0,0.9355,4
145003_at,BECKSTPREPU04HR,Development,W1118,Prepupae,0,0.9123,4
145004_at,BECKSTPREPU04HR,Development,W1118,Prepupae,0,0.9614,4
145005_at,BECKSTPREPU04HR,Development,W1118,Prepupae,-1,0.6065,4
145006_at,BECKSTPREPU04HR,Development,W1118,Prepupae,0,1.056,4
145007_at,BECKSTPREPU04HR,Development,W1118,Prepupae,1,1.4013,4
145008_at,BECKSTPREPU04HR,Development,W1118,Prepupae,0,0.9639,4
145009_at,BECKSTPREPU04HR,Development,W1118,Prepupae,0,1.1205,4
145010_at,BECKSTPREPU04HR,Development,W1118,Prepupae,1,1.4308,4
145011_at,BECKSTPREPU04HR,Development,W1118,Prepupae,0,1.1221,4
145012_at,BECKSTPREPU04HR,Development,W1118,Prepupae,0,1.058,4
145013_at,BECKSTPREPU04HR,Development,W1118,Prepupae,1,1.5169,4
145014_at,BECKSTPREPU04HR,Development,W1118,Prepupae,-1,0.4018,4
145015_at,BECKSTPREPU04HR,Development,W1118,Prepupae,-1,0.5355,4
145016_at,BECKSTPREPU04HR,Development,W1118,Prepupae,0,0.9465,4
145017_at,BECKSTPREPU04HR,Development,W1118,Prepupae,-1,0.7261,4
145018_at,BECKSTPREPU04HR,Development,W1118,Prepupae,-1,0.4898,4
145019_at,BECKSTPREPU04HR,Development,W1118,Prepupae,1,1.3627,4
145020_at,BECKSTPREPU04HR,Development,W1118,Prepupae,0,0.9669,4
145021_at,BECKSTPREPU04HR,Development,W1118,Prepupae,0,0.8654,4
145022_at,BECKSTPREPU04HR,Development,W1118,Prepupae,0,1.1508,4
145023_at,BECKSTPREPU04HR,Development,W1118,Prepupae,0,1.095,4
145024_at,BECKSTPREPU04HR,Development,W1118,Prepupae,0,1.073,4
145025_at,BECKSTPREPU04HR,Development,W1118,Prepupae,0,1.1988,4
145026_at,BECKSTPREPU04HR,Development,W1118,Prepupae,0,1.1746,4
145027_at,BECKSTPREPU04HR,Development,W1118,Prepupae,1,1.3583,4
145028_at,BECKSTPREPU04HR,Development,W1118,Prepupae,0,0.9659,4
145029_at,BECKSTPREPU04HR,Development,W1118,Prepupae,0,1.0214,4
145030_at,BECKSTPREPU04HR,Development,W1118,Prepupae,1,1.4028,4
145031_at,BECKSTPREPU04HR,Development,W1118,Prepupae,0,0.9615,4
145032_at,BECKSTPREPU04HR,Development,W1118,Prepupae,0,1.0676,4
145033_at,BECKSTPREPU04HR,Development,W1118,Prepupae,0,1.1666,4
145034_at,BECKSTPREPU04HR,Development,W1118,Prepupae,0,0.8167,4
145035_at,BECKSTPREPU04HR,Development,W1118,Prepupae,1,1.5652,4
145036_at,BECKSTPREPU04HR,Development,W1118,Prepupae,0,0.9149,4
145037_at,BECKSTPREPU04HR,Development,W1118,Prepupae,1,1.7588,4
145038_at,BECKSTPREPU04HR,Development,W1118,Prepupae,1,1.287,4
145039_at,BECKSTPREPU04HR,Development,W1118,Prepupae,0,1.1084,4
145040_at,BECKSTPREPU04HR,Development,W1118,Prepupae,1,1.2033,4
145041_at,BECKSTPREPU04HR,Development,W1118,Prepupae,0,1.1083,4
145042_at,BECKSTPREPU04HR,Development,W1118,Prepupae,0,1.0284,4
145043_at,BECKSTPREPU04HR,Development,W1118,Prepupae,0,1.0257,4
145044_i_at,BECKSTPREPU04HR,Development,W1118,Prepupae,1,1.2248,4
145045_f_at,BECKSTPREPU04HR,Development,W1118,Prepupae,1,1.6103,4
145046_at,BECKSTPREPU04HR,Development,W1118,Prepupae,0,1.1843,4
145047_at,BECKSTPREPU04HR,Development,W1118,Prepupae,1,1.2468,4
145048_at,BECKSTPREPU04HR,Development,W1118,Prepupae,0,0.894,4
145049_at,BECKSTPREPU04HR,Development,W1118,Prepupae,1,1.3848,4
145050_at,BECKSTPREPU04HR,Development,W1118,Prepupae,1,2.3919,4
145051_at,BECKSTPREPU04HR,Development,W1118,Prepupae,0,1.1292,4
145052_at,BECKSTPREPU04HR,Development,W1118,Prepupae,0,1.0398,4
145053_at,BECKSTPREPU04HR,Development,W1118,Prepupae,-1,0.648,4
145054_at,BECKSTPREPU04HR,Development,W1118,Prepupae,1,1.422,4
145055_at,BECKSTPREPU04HR,Development,W1118,Prepupae,-1,0.79,4
145056_at,BECKSTPREPU04HR,Development,W1118,Prepupae,0,1.1803,4
145057_at,BECKSTPREPU04HR,Development,W1118,Prepupae,0,0.9459,4
145058_at,BECKSTPREPU04HR,Development,W1118,Prepupae,1,1.4616,4
145059_at,BECKSTPREPU04HR,Development,W1118,Prepupae,0,0.9347,4
145060_at,BECKSTPREPU04HR,Development,W1118,Prepupae,0,0.8375,4
145061_at,BECKSTPREPU04HR,Development,W1118,Prepupae,1,1.2387,4
145062_at,BECKSTPREPU04HR,Development,W1118,Prepupae,0,1.1037,4
145063_at,BECKSTPREPU04HR,Development,W1118,Prepupae,0,0.9777,4
145064_at,BECKSTPREPU04HR,Development,W1118,Prepupae,1,1.2218,4
145065_i_at,BECKSTPREPU04HR,Development,W1118,Prepupae,-1,0.5874,4
145066_r_at,BECKSTPREPU04HR,Development,W1118,Prepupae,0,1.1971,4
145067_at,BECKSTPREPU04HR,Development,W1118,Prepupae,1,1.2651,4
145068_at,BECKSTPREPU04HR,Development,W1118,Prepupae,0,1.1638,4
145069_at,BECKSTPREPU04HR,Development,W1118,Prepupae,0,0.9443,4
145070_at,BECKSTPREPU04HR,Development,W1118,Prepupae,0,0.9908,4
145071_at,BECKSTPREPU04HR,Development,W1118,Prepupae,0,0.8601,4
145072_at,BECKSTPREPU04HR,Development,W1118,Prepupae,0,1.1937,4
145073_at,BECKSTPREPU04HR,Development,W1118,Prepupae,0,1.0506,4
145074_at,BECKSTPREPU04HR,Development,W1118,Prepupae,1,1.2037,4
145075_at,BECKSTPREPU04HR,Development,W1118,Prepupae,0,0.9223,4
145076_at,BECKSTPREPU04HR,Development,W1118,Prepupae,1,1.3417,4
145077_at,BECKSTPREPU04HR,Development,W1118,Prepupae,1,1.4094,4
145078_at,BECKSTPREPU04HR,Development,W1118,Prepupae,0,0.9306,4
145079_at,BECKSTPREPU04HR,Development,W1118,Prepupae,1,1.6176,4
145080_at,BECKSTPREPU04HR,Development,W1118,Prepupae,1,1.2913,4
145081_i_at,BECKSTPREPU04HR,Development,W1118,Prepupae,1,4.0338,4
145082_at,BECKSTPREPU04HR,Development,W1118,Prepupae,1,1.4767,4
145083_at,BECKSTPREPU04HR,Development,W1118,Prepupae,0,1.1989,4
145084_at,BECKSTPREPU04HR,Development,W1118,Prepupae,1,1.6301,4
145085_at,BECKSTPREPU04HR,Development,W1118,Prepupae,1,1.2243,4
145086_at,BECKSTPREPU04HR,Development,W1118,Prepupae,0,1.0293,4
145087_at,BECKSTPREPU04HR,Development,W1118,Prepupae,0,0.9841,4
145088_at,BECKSTPREPU04HR,Development,W1118,Prepupae,1,1.5338,4
145089_at,BECKSTPREPU04HR,Development,W1118,Prepupae,1,1.6313,4
145090_at,BECKSTPREPU04HR,Development,W1118,Prepupae,0,1.1065,4
145091_at,BECKSTPREPU04HR,Development,W1118,Prepupae,0,1.0001,4
145092_at,BECKSTPREPU04HR,Development,W1118,Prepupae,0,1.1814,4
145093_at,BECKSTPREPU04HR,Development,W1118,Prepupae,1,1.2056,4
145094_at,BECKSTPREPU04HR,Development,W1118,Prepupae,0,1.1021,4
145095_at,BECKSTPREPU04HR,Development,W1118,Prepupae,1,1.2333,4
145096_at,BECKSTPREPU04HR,Development,W1118,Prepupae,0,0.9839,4
145097_at,BECKSTPREPU04HR,Development,W1118,Prepupae,1,1.3141,4
145098_at,BECKSTPREPU04HR,Development,W1118,Prepupae,0,1.0354,4
145099_at,BECKSTPREPU04HR,Development,W1118,Prepupae,0,1.1748,4
145100_at,BECKSTPREPU04HR,Development,W1118,Prepupae,0,1.0265,4
145101_at,BECKSTPREPU04HR,Development,W1118,Prepupae,1,1.2667,4
145102_at,BECKSTPREPU04HR,Development,W1118,Prepupae,0,1.0875,4
145103_at,BECKSTPREPU04HR,Development,W1118,Prepupae,0,0.8511,4
145104_at,BECKSTPREPU04HR,Development,W1118,Prepupae,0,1.0129,4
145105_at,BECKSTPREPU04HR,Development,W1118,Prepupae,0,0.9635,4
145106_at,BECKSTPREPU04HR,Development,W1118,Prepupae,1,1.3292,4
145107_at,BECKSTPREPU04HR,Development,W1118,Prepupae,0,0.9513,4
145108_at,BECKSTPREPU04HR,Development,W1118,Prepupae,1,1.2548,4
145109_at,BECKSTPREPU04HR,Development,W1118,Prepupae,1,1.4999,4
145110_at,BECKSTPREPU04HR,Development,W1118,Prepupae,1,2.0409,4
145111_at,BECKSTPREPU04HR,Development,W1118,Prepupae,1,1.2876,4
145112_at,BECKSTPREPU04HR,Development,W1118,Prepupae,1,1.4588,4
145113_at,BECKSTPREPU04HR,Development,W1118,Prepupae,1,1.2966,4
145114_at,BECKSTPREPU04HR,Development,W1118,Prepupae,0,1.0154,4
145115_at,BECKSTPREPU04HR,Development,W1118,Prepupae,0,1.1277,4
145116_at,BECKSTPREPU04HR,Development,W1118,Prepupae,1,1.3078,4
145117_at,BECKSTPREPU04HR,Development,W1118,Prepupae,1,1.4162,4
145118_at,BECKSTPREPU04HR,Development,W1118,Prepupae,0,0.8063,4
145119_at,BECKSTPREPU04HR,Development,W1118,Prepupae,0,1.0753,4
145120_at,BECKSTPREPU04HR,Development,W1118,Prepupae,1,1.3197,4
145121_at,BECKSTPREPU04HR,Development,W1118,Prepupae,0,0.9872,4
145122_at,BECKSTPREPU04HR,Development,W1118,Prepupae,1,1.2254,4
145123_at,BECKSTPREPU04HR,Development,W1118,Prepupae,1,1.3919,4
145124_at,BECKSTPREPU04HR,Development,W1118,Prepupae,0,0.9184,4
145125_at,BECKSTPREPU04HR,Development,W1118,Prepupae,0,1.0345,4
145126_at,BECKSTPREPU04HR,Development,W1118,Prepupae,0,0.911,4
145127_s_at,BECKSTPREPU04HR,Development,W1118,Prepupae,0,1.1058,4
145128_i_at,BECKSTPREPU04HR,Development,W1118,Prepupae,0,1.1146,4
145129_r_at,BECKSTPREPU04HR,Development,W1118,Prepupae,1,1.46,4
145130_at,BECKSTPREPU04HR,Development,W1118,Prepupae,-1,0.7227,4
145131_at,BECKSTPREPU04HR,Development,W1118,Prepupae,0,0.9485,4
145132_at,BECKSTPREPU04HR,Development,W1118,Prepupae,0,1.063,4
145133_at,BECKSTPREPU04HR,Development,W1118,Prepupae,1,1.2396,4
145134_at,BECKSTPREPU04HR,Development,W1118,Prepupae,1,1.4865,4
145135_at,BECKSTPREPU04HR,Development,W1118,Prepupae,0,0.9,4
145136_at,BECKSTPREPU04HR,Development,W1118,Prepupae,0,1.1202,4
145137_at,BECKSTPREPU04HR,Development,W1118,Prepupae,0,1.1933,4
145138_at,BECKSTPREPU04HR,Development,W1118,Prepupae,0,1.1278,4
145139_at,BECKSTPREPU04HR,Development,W1118,Prepupae,1,2.4006,4
145140_at,BECKSTPREPU04HR,Development,W1118,Prepupae,0,1.1341,4
145141_at,BECKSTPREPU04HR,Development,W1118,Prepupae,0,0.8999,4
145142_at,BECKSTPREPU04HR,Development,W1118,Prepupae,0,0.9118,4
145143_at,BECKSTPREPU04HR,Development,W1118,Prepupae,0,0.8181,4
145144_at,BECKSTPREPU04HR,Development,W1118,Prepupae,1,1.3802,4
145145_at,BECKSTPREPU04HR,Development,W1118,Prepupae,0,1.0219,4
145146_at,BECKSTPREPU04HR,Development,W1118,Prepupae,0,0.8377,4
145147_at,BECKSTPREPU04HR,Development,W1118,Prepupae,0,1.1293,4
145148_at,BECKSTPREPU04HR,Development,W1118,Prepupae,1,1.3069,4
145149_at,BECKSTPREPU04HR,Development,W1118,Prepupae,1,1.2041,4
145150_at,BECKSTPREPU04HR,Development,W1118,Prepupae,0,0.8109,4
145151_at,BECKSTPREPU04HR,Development,W1118,Prepupae,0,0.8198,4
145152_at,BECKSTPREPU04HR,Development,W1118,Prepupae,0,1.0445,4
145153_at,BECKSTPREPU04HR,Development,W1118,Prepupae,0,0.8964,4
145154_at,BECKSTPREPU04HR,Development,W1118,Prepupae,0,1.1655,4
145155_at,BECKSTPREPU04HR,Development,W1118,Prepupae,0,0.9022,4
145156_at,BECKSTPREPU04HR,Development,W1118,Prepupae,0,0.9612,4
145157_at,BECKSTPREPU04HR,Development,W1118,Prepupae,-1,0.7647,4
145158_at,BECKSTPREPU04HR,Development,W1118,Prepupae,1,1.2109,4
145159_at,BECKSTPREPU04HR,Development,W1118,Prepupae,-1,0.7853,4
145160_at,BECKSTPREPU04HR,Development,W1118,Prepupae,0,1.0245,4
145161_at,BECKSTPREPU04HR,Development,W1118,Prepupae,0,0.8692,4
145162_at,BECKSTPREPU04HR,Development,W1118,Prepupae,-1,0.6794,4
145163_at,BECKSTPREPU04HR,Development,W1118,Prepupae,-1,0.4581,4
145164_at,BECKSTPREPU04HR,Development,W1118,Prepupae,1,1.5556,4
145165_at,BECKSTPREPU04HR,Development,W1118,Prepupae,1,1.5227,4
145166_at,BECKSTPREPU04HR,Development,W1118,Prepupae,0,1.0593,4
145167_at,BECKSTPREPU04HR,Development,W1118,Prepupae,1,1.5263,4
145168_at,BECKSTPREPU04HR,Development,W1118,Prepupae,0,1.0058,4
145169_at,BECKSTPREPU04HR,Development,W1118,Prepupae,0,0.9483,4
145170_at,BECKSTPREPU04HR,Development,W1118,Prepupae,1,1.4795,4
145171_at,BECKSTPREPU04HR,Development,W1118,Prepupae,1,1.2587,4
145172_at,BECKSTPREPU04HR,Development,W1118,Prepupae,0,1.0939,4
145173_at,BECKSTPREPU04HR,Development,W1118,Prepupae,0,1.1788,4
145174_at,BECKSTPREPU04HR,Development,W1118,Prepupae,0,0.9933,4
145175_at,BECKSTPREPU04HR,Development,W1118,Prepupae,0,0.8986,4
145176_at,BECKSTPREPU04HR,Development,W1118,Prepupae,0,1.0288,4
145177_at,BECKSTPREPU04HR,Development,W1118,Prepupae,0,0.9534,4
145178_at,BECKSTPREPU04HR,Development,W1118,Prepupae,1,1.3604,4
145179_at,BECKSTPREPU04HR,Development,W1118,Prepupae,0,1.0655,4
145180_at,BECKSTPREPU04HR,Development,W1118,Prepupae,0,0.9396,4
145181_at,BECKSTPREPU04HR,Development,W1118,Prepupae,0,0.9397,4
145182_at,BECKSTPREPU04HR,Development,W1118,Prepupae,1,1.392,4
145183_at,BECKSTPREPU04HR,Development,W1118,Prepupae,-1,0.6829,4
145184_at,BECKSTPREPU04HR,Development,W1118,Prepupae,1,1.3472,4
145185_at,BECKSTPREPU04HR,Development,W1118,Prepupae,0,1.0447,4
145186_at,BECKSTPREPU04HR,Development,W1118,Prepupae,1,1.2561,4
145187_at,BECKSTPREPU04HR,Development,W1118,Prepupae,0,0.932,4
145188_at,BECKSTPREPU04HR,Development,W1118,Prepupae,0,0.8714,4
145189_at,BECKSTPREPU04HR,Development,W1118,Prepupae,0,0.9141,4
145190_at,BECKSTPREPU04HR,Development,W1118,Prepupae,1,1.4987,4
145191_s_at,BECKSTPREPU04HR,Development,W1118,Prepupae,0,0.8951,4
145192_at,BECKSTPREPU04HR,Development,W1118,Prepupae,-1,0.7618,4
145193_at,BECKSTPREPU04HR,Development,W1118,Prepupae,0,0.9117,4
145194_at,BECKSTPREPU04HR,Development,W1118,Prepupae,0,0.8133,4
145195_at,BECKSTPREPU04HR,Development,W1118,Prepupae,0,1.15,4
145196_at,BECKSTPREPU04HR,Development,W1118,Prepupae,0,1.0043,4
145197_at,BECKSTPREPU04HR,Development,W1118,Prepupae,0,0.8358,4
145198_at,BECKSTPREPU04HR,Development,W1118,Prepupae,0,0.9211,4
145199_at,BECKSTPREPU04HR,Development,W1118,Prepupae,-1,0.7829,4
145200_at,BECKSTPREPU04HR,Development,W1118,Prepupae,1,1.2042,4
145201_at,BECKSTPREPU04HR,Development,W1118,Prepupae,0,1.0403,4
145202_at,BECKSTPREPU04HR,Development,W1118,Prepupae,1,1.674,4
145203_at,BECKSTPREPU04HR,Development,W1118,Prepupae,0,0.9651,4
145204_at,BECKSTPREPU04HR,Development,W1118,Prepupae,1,1.5396,4
145205_at,BECKSTPREPU04HR,Development,W1118,Prepupae,0,0.9934,4
145206_at,BECKSTPREPU04HR,Development,W1118,Prepupae,0,0.9471,4
145207_at,BECKSTPREPU04HR,Development,W1118,Prepupae,1,1.363,4
145208_at,BECKSTPREPU04HR,Development,W1118,Prepupae,0,1.0882,4
145209_at,BECKSTPREPU04HR,Development,W1118,Prepupae,1,1.247,4
145210_at,BECKSTPREPU04HR,Development,W1118,Prepupae,0,1.0453,4
145211_at,BECKSTPREPU04HR,Development,W1118,Prepupae,-1,0.605,4
145212_at,BECKSTPREPU04HR,Development,W1118,Prepupae,0,1.1801,4
145213_at,BECKSTPREPU04HR,Development,W1118,Prepupae,0,0.8616,4
145214_at,BECKSTPREPU04HR,Development,W1118,Prepupae,0,0.9968,4
145215_at,BECKSTPREPU04HR,Development,W1118,Prepupae,-1,0.7863,4
145216_at,BECKSTPREPU04HR,Development,W1118,Prepupae,0,1.0443,4
145217_at,BECKSTPREPU04HR,Development,W1118,Prepupae,1,1.4016,4
145218_at,BECKSTPREPU04HR,Development,W1118,Prepupae,0,0.9741,4
145219_at,BECKSTPREPU04HR,Development,W1118,Prepupae,1,1.2053,4
145220_at,BECKSTPREPU04HR,Development,W1118,Prepupae,1,1.4707,4
145221_at,BECKSTPREPU04HR,Development,W1118,Prepupae,1,1.243,4
145222_at,BECKSTPREPU04HR,Development,W1118,Prepupae,0,1.0629,4
145223_at,BECKSTPREPU04HR,Development,W1118,Prepupae,0,0.8678,4
145224_at,BECKSTPREPU04HR,Development,W1118,Prepupae,1,1.2473,4
145225_at,BECKSTPREPU04HR,Development,W1118,Prepupae,0,1.0488,4
145226_at,BECKSTPREPU04HR,Development,W1118,Prepupae,0,1.1492,4
145227_at,BECKSTPREPU04HR,Development,W1118,Prepupae,-1,0.6239,4
145228_at,BECKSTPREPU04HR,Development,W1118,Prepupae,-1,0.6252,4
145229_at,BECKSTPREPU04HR,Development,W1118,Prepupae,0,0.9715,4
145230_at,BECKSTPREPU04HR,Development,W1118,Prepupae,-1,0.5965,4
145231_at,BECKSTPREPU04HR,Development,W1118,Prepupae,1,1.248,4
145232_at,BECKSTPREPU04HR,Development,W1118,Prepupae,0,0.9943,4
145233_at,BECKSTPREPU04HR,Development,W1118,Prepupae,1,1.3716,4
145234_at,BECKSTPREPU04HR,Development,W1118,Prepupae,0,1.1232,4
145235_at,BECKSTPREPU04HR,Development,W1118,Prepupae,1,1.8798,4
145236_at,BECKSTPREPU04HR,Development,W1118,Prepupae,0,0.8158,4
145237_at,BECKSTPREPU04HR,Development,W1118,Prepupae,1,1.5913,4
145238_at,BECKSTPREPU04HR,Development,W1118,Prepupae,0,1.1488,4
145239_at,BECKSTPREPU04HR,Development,W1118,Prepupae,0,1.118,4
145240_at,BECKSTPREPU04HR,Development,W1118,Prepupae,0,1.1314,4
145241_at,BECKSTPREPU04HR,Development,W1118,Prepupae,1,1.7167,4
145242_at,BECKSTPREPU04HR,Development,W1118,Prepupae,1,1.8161,4
145243_at,BECKSTPREPU04HR,Development,W1118,Prepupae,1,1.6062,4
145244_at,BECKSTPREPU04HR,Development,W1118,Prepupae,0,1.1225,4
145245_at,BECKSTPREPU04HR,Development,W1118,Prepupae,-1,0.7174,4
145246_at,BECKSTPREPU04HR,Development,W1118,Prepupae,1,1.5341,4
145247_at,BECKSTPREPU04HR,Development,W1118,Prepupae,-1,0.726,4
145248_at,BECKSTPREPU04HR,Development,W1118,Prepupae,0,0.9535,4
145249_at,BECKSTPREPU04HR,Development,W1118,Prepupae,-1,0.5176,4
145250_at,BECKSTPREPU04HR,Development,W1118,Prepupae,0,1.0849,4
145251_at,BECKSTPREPU04HR,Development,W1118,Prepupae,0,0.9271,4
145252_at,BECKSTPREPU04HR,Development,W1118,Prepupae,1,1.2357,4
145253_at,BECKSTPREPU04HR,Development,W1118,Prepupae,0,0.8444,4
145254_at,BECKSTPREPU04HR,Development,W1118,Prepupae,0,1.1175,4
145255_at,BECKSTPREPU04HR,Development,W1118,Prepupae,1,1.4021,4
145256_at,BECKSTPREPU04HR,Development,W1118,Prepupae,1,1.5499,4
145257_at,BECKSTPREPU04HR,Development,W1118,Prepupae,0,1.1446,4
145258_at,BECKSTPREPU04HR,Development,W1118,Prepupae,0,0.9473,4
145259_at,BECKSTPREPU04HR,Development,W1118,Prepupae,1,1.2089,4
145260_at,BECKSTPREPU04HR,Development,W1118,Prepupae,1,1.2831,4
145261_at,BECKSTPREPU04HR,Development,W1118,Prepupae,0,0.8558,4
145262_at,BECKSTPREPU04HR,Development,W1118,Prepupae,0,1.0063,4
145263_at,BECKSTPREPU04HR,Development,W1118,Prepupae,0,1.0149,4
145264_at,BECKSTPREPU04HR,Development,W1118,Prepupae,0,0.9454,4
145265_at,BECKSTPREPU04HR,Development,W1118,Prepupae,0,1.0232,4
145266_at,BECKSTPREPU04HR,Development,W1118,Prepupae,0,0.8877,4
145267_at,BECKSTPREPU04HR,Development,W1118,Prepupae,1,1.2232,4
145268_at,BECKSTPREPU04HR,Development,W1118,Prepupae,0,0.8541,4
145269_at,BECKSTPREPU04HR,Development,W1118,Prepupae,0,0.9997,4
145270_at,BECKSTPREPU04HR,Development,W1118,Prepupae,0,0.9282,4
145271_at,BECKSTPREPU04HR,Development,W1118,Prepupae,0,1.0594,4
145272_at,BECKSTPREPU04HR,Development,W1118,Prepupae,1,2.3813,4
145273_at,BECKSTPREPU04HR,Development,W1118,Prepupae,0,1.1498,4
145274_at,BECKSTPREPU04HR,Development,W1118,Prepupae,0,1.1948,4
145275_at,BECKSTPREPU04HR,Development,W1118,Prepupae,0,0.8422,4
145276_at,BECKSTPREPU04HR,Development,W1118,Prepupae,-1,0.7133,4
145277_at,BECKSTPREPU04HR,Development,W1118,Prepupae,0,0.8845,4
145278_at,BECKSTPREPU04HR,Development,W1118,Prepupae,1,1.4221,4
145279_at,BECKSTPREPU04HR,Development,W1118,Prepupae,1,1.2269,4
145280_at,BECKSTPREPU04HR,Development,W1118,Prepupae,0,1.0061,4
145281_at,BECKSTPREPU04HR,Development,W1118,Prepupae,1,1.328,4
145282_at,BECKSTPREPU04HR,Development,W1118,Prepupae,1,1.2443,4
145283_at,BECKSTPREPU04HR,Development,W1118,Prepupae,0,0.9136,4
145284_at,BECKSTPREPU04HR,Development,W1118,Prepupae,0,0.9481,4
145285_at,BECKSTPREPU04HR,Development,W1118,Prepupae,0,0.9893,4
145286_at,BECKSTPREPU04HR,Development,W1118,Prepupae,0,1.034,4
145287_at,BECKSTPREPU04HR,Development,W1118,Prepupae,1,1.3342,4
145288_at,BECKSTPREPU04HR,Development,W1118,Prepupae,1,1.3892,4
145289_at,BECKSTPREPU04HR,Development,W1118,Prepupae,1,1.6728,4
145290_at,BECKSTPREPU04HR,Development,W1118,Prepupae,0,0.8432,4
145291_at,BECKSTPREPU04HR,Development,W1118,Prepupae,0,1.1691,4
145292_at,BECKSTPREPU04HR,Development,W1118,Prepupae,1,1.5413,4
145293_at,BECKSTPREPU04HR,Development,W1118,Prepupae,0,1.1715,4
145294_at,BECKSTPREPU04HR,Development,W1118,Prepupae,1,1.2022,4
145295_at,BECKSTPREPU04HR,Development,W1118,Prepupae,0,0.9814,4
145296_at,BECKSTPREPU04HR,Development,W1118,Prepupae,1,1.2096,4
145297_at,BECKSTPREPU04HR,Development,W1118,Prepupae,0,0.9641,4
145298_at,BECKSTPREPU04HR,Development,W1118,Prepupae,1,1.2408,4
145299_at,BECKSTPREPU04HR,Development,W1118,Prepupae,1,1.6539,4
145300_at,BECKSTPREPU04HR,Development,W1118,Prepupae,0,0.9781,4
145301_at,BECKSTPREPU04HR,Development,W1118,Prepupae,1,1.2239,4
145302_at,BECKSTPREPU04HR,Development,W1118,Prepupae,1,1.2312,4
145303_at,BECKSTPREPU04HR,Development,W1118,Prepupae,0,1.115,4
145304_at,BECKSTPREPU04HR,Development,W1118,Prepupae,0,1.0043,4
145305_at,BECKSTPREPU04HR,Development,W1118,Prepupae,0,1.0075,4
145306_at,BECKSTPREPU04HR,Development,W1118,Prepupae,-1,0.7195,4
145307_at,BECKSTPREPU04HR,Development,W1118,Prepupae,0,1.1787,4
145308_at,BECKSTPREPU04HR,Development,W1118,Prepupae,-1,0.7089,4
145309_at,BECKSTPREPU04HR,Development,W1118,Prepupae,0,0.855,4
145310_at,BECKSTPREPU04HR,Development,W1118,Prepupae,0,1.1716,4
145311_at,BECKSTPREPU04HR,Development,W1118,Prepupae,1,1.3408,4
145312_at,BECKSTPREPU04HR,Development,W1118,Prepupae,1,1.6861,4
145313_at,BECKSTPREPU04HR,Development,W1118,Prepupae,1,1.289,4
145314_r_at,BECKSTPREPU04HR,Development,W1118,Prepupae,1,1.3761,4
145315_at,BECKSTPREPU04HR,Development,W1118,Prepupae,0,1.0471,4
145316_at,BECKSTPREPU04HR,Development,W1118,Prepupae,0,0.8657,4
145317_at,BECKSTPREPU04HR,Development,W1118,Prepupae,0,0.9138,4
145318_at,BECKSTPREPU04HR,Development,W1118,Prepupae,0,0.9721,4
145319_at,BECKSTPREPU04HR,Development,W1118,Prepupae,0,1.0894,4
145320_at,BECKSTPREPU04HR,Development,W1118,Prepupae,1,1.2378,4
145321_at,BECKSTPREPU04HR,Development,W1118,Prepupae,1,1.4059,4
145322_at,BECKSTPREPU04HR,Development,W1118,Prepupae,1,1.2671,4
145323_at,BECKSTPREPU04HR,Development,W1118,Prepupae,0,1.0781,4
145324_at,BECKSTPREPU04HR,Development,W1118,Prepupae,0,1.0561,4
145325_at,BECKSTPREPU04HR,Development,W1118,Prepupae,0,0.9308,4
145326_s_at,BECKSTPREPU04HR,Development,W1118,Prepupae,0,1.0247,4
145327_s_at,BECKSTPREPU04HR,Development,W1118,Prepupae,-1,0.6452,4
145328_at,BECKSTPREPU04HR,Development,W1118,Prepupae,0,1.0793,4
145329_at,BECKSTPREPU04HR,Development,W1118,Prepupae,0,1.0104,4
145330_at,BECKSTPREPU04HR,Development,W1118,Prepupae,0,0.9041,4
145331_at,BECKSTPREPU04HR,Development,W1118,Prepupae,1,2.0575,4
145332_at,BECKSTPREPU04HR,Development,W1118,Prepupae,0,1.0081,4
145333_at,BECKSTPREPU04HR,Development,W1118,Prepupae,1,1.522,4
145334_at,BECKSTPREPU04HR,Development,W1118,Prepupae,1,1.7661,4
145335_at,BECKSTPREPU04HR,Development,W1118,Prepupae,0,1.0626,4
145336_at,BECKSTPREPU04HR,Development,W1118,Prepupae,0,1.1483,4
145337_at,BECKSTPREPU04HR,Development,W1118,Prepupae,0,1.0552,4
145338_at,BECKSTPREPU04HR,Development,W1118,Prepupae,1,1.2032,4
145339_at,BECKSTPREPU04HR,Development,W1118,Prepupae,0,0.9457,4
145340_at,BECKSTPREPU04HR,Development,W1118,Prepupae,1,1.2768,4
145341_i_at,BECKSTPREPU04HR,Development,W1118,Prepupae,1,1.3466,4
145342_r_at,BECKSTPREPU04HR,Development,W1118,Prepupae,1,1.5228,4
145343_at,BECKSTPREPU04HR,Development,W1118,Prepupae,0,1.0532,4
145344_at,BECKSTPREPU04HR,Development,W1118,Prepupae,1,2.5217,4
145345_at,BECKSTPREPU04HR,Development,W1118,Prepupae,0,0.9482,4
145346_at,BECKSTPREPU04HR,Development,W1118,Prepupae,0,1.0865,4
145347_at,BECKSTPREPU04HR,Development,W1118,Prepupae,0,0.9127,4
145348_at,BECKSTPREPU04HR,Development,W1118,Prepupae,1,1.3365,4
145349_at,BECKSTPREPU04HR,Development,W1118,Prepupae,0,0.9239,4
145350_at,BECKSTPREPU04HR,Development,W1118,Prepupae,1,1.5085,4
145351_at,BECKSTPREPU04HR,Development,W1118,Prepupae,0,0.8965,4
145352_at,BECKSTPREPU04HR,Development,W1118,Prepupae,1,1.4017,4
145353_at,BECKSTPREPU04HR,Development,W1118,Prepupae,1,1.6148,4
145354_at,BECKSTPREPU04HR,Development,W1118,Prepupae,0,0.9464,4
145355_at,BECKSTPREPU04HR,Development,W1118,Prepupae,1,1.5241,4
145356_at,BECKSTPREPU04HR,Development,W1118,Prepupae,0,1.1044,4
145357_at,BECKSTPREPU04HR,Development,W1118,Prepupae,1,2.1489,4
145358_at,BECKSTPREPU04HR,Development,W1118,Prepupae,0,1.0536,4
145359_at,BECKSTPREPU04HR,Development,W1118,Prepupae,1,1.9122,4
145360_at,BECKSTPREPU04HR,Development,W1118,Prepupae,0,1.0363,4
145361_at,BECKSTPREPU04HR,Development,W1118,Prepupae,1,1.4353,4
145362_at,BECKSTPREPU04HR,Development,W1118,Prepupae,0,1.1889,4
145363_at,BECKSTPREPU04HR,Development,W1118,Prepupae,0,1.1055,4
145364_at,BECKSTPREPU04HR,Development,W1118,Prepupae,1,1.5426,4
145365_at,BECKSTPREPU04HR,Development,W1118,Prepupae,1,1.3209,4
145366_at,BECKSTPREPU04HR,Development,W1118,Prepupae,0,0.944,4
145367_at,BECKSTPREPU04HR,Development,W1118,Prepupae,0,0.9914,4
145368_at,BECKSTPREPU04HR,Development,W1118,Prepupae,0,0.8884,4
145369_at,BECKSTPREPU04HR,Development,W1118,Prepupae,0,1.1482,4
145370_at,BECKSTPREPU04HR,Development,W1118,Prepupae,0,0.9184,4
145371_at,BECKSTPREPU04HR,Development,W1118,Prepupae,1,1.4476,4
145372_at,BECKSTPREPU04HR,Development,W1118,Prepupae,1,1.2241,4
145373_at,BECKSTPREPU04HR,Development,W1118,Prepupae,1,1.3358,4
145374_at,BECKSTPREPU04HR,Development,W1118,Prepupae,1,1.2081,4
145375_at,BECKSTPREPU04HR,Development,W1118,Prepupae,0,0.9985,4
145376_at,BECKSTPREPU04HR,Development,W1118,Prepupae,1,1.4781,4
145377_at,BECKSTPREPU04HR,Development,W1118,Prepupae,1,1.5249,4
145378_at,BECKSTPREPU04HR,Development,W1118,Prepupae,1,1.5815,4
145379_at,BECKSTPREPU04HR,Development,W1118,Prepupae,0,0.853,4
145380_at,BECKSTPREPU04HR,Development,W1118,Prepupae,0,1.1403,4
145381_at,BECKSTPREPU04HR,Development,W1118,Prepupae,1,1.4664,4
145382_at,BECKSTPREPU04HR,Development,W1118,Prepupae,0,1.1889,4
145383_at,BECKSTPREPU04HR,Development,W1118,Prepupae,0,0.8075,4
145384_at,BECKSTPREPU04HR,Development,W1118,Prepupae,0,1.1205,4
145385_at,BECKSTPREPU04HR,Development,W1118,Prepupae,0,0.8838,4
145386_at,BECKSTPREPU04HR,Development,W1118,Prepupae,0,1.0957,4
145387_at,BECKSTPREPU04HR,Development,W1118,Prepupae,0,0.9277,4
145388_at,BECKSTPREPU04HR,Development,W1118,Prepupae,0,1.1021,4
145389_at,BECKSTPREPU04HR,Development,W1118,Prepupae,0,1.0147,4
145390_at,BECKSTPREPU04HR,Development,W1118,Prepupae,1,1.4843,4
145391_at,BECKSTPREPU04HR,Development,W1118,Prepupae,0,1.0247,4
145392_at,BECKSTPREPU04HR,Development,W1118,Prepupae,0,0.9803,4
145393_at,BECKSTPREPU04HR,Development,W1118,Prepupae,0,0.8011,4
145394_at,BECKSTPREPU04HR,Development,W1118,Prepupae,1,1.2793,4
145395_at,BECKSTPREPU04HR,Development,W1118,Prepupae,0,1.1483,4
145396_at,BECKSTPREPU04HR,Development,W1118,Prepupae,0,0.8225,4
145397_at,BECKSTPREPU04HR,Development,W1118,Prepupae,0,1.0868,4
145398_i_at,BECKSTPREPU04HR,Development,W1118,Prepupae,1,1.4165,4
145399_f_at,BECKSTPREPU04HR,Development,W1118,Prepupae,0,0.9955,4
145400_f_at,BECKSTPREPU04HR,Development,W1118,Prepupae,1,1.3504,4
145401_at,BECKSTPREPU04HR,Development,W1118,Prepupae,0,1.0395,4
145402_at,BECKSTPREPU04HR,Development,W1118,Prepupae,0,1.0612,4
145403_at,BECKSTPREPU04HR,Development,W1118,Prepupae,0,0.8443,4
145404_at,BECKSTPREPU04HR,Development,W1118,Prepupae,0,1.0241,4
145405_at,BECKSTPREPU04HR,Development,W1118,Prepupae,-1,0.3618,4
145406_at,BECKSTPREPU04HR,Development,W1118,Prepupae,0,1.026,4
145407_at,BECKSTPREPU04HR,Development,W1118,Prepupae,1,1.3055,4
145408_at,BECKSTPREPU04HR,Development,W1118,Prepupae,1,1.6256,4
145409_at,BECKSTPREPU04HR,Development,W1118,Prepupae,1,1.2654,4
145410_at,BECKSTPREPU04HR,Development,W1118,Prepupae,0,0.9402,4
145411_at,BECKSTPREPU04HR,Development,W1118,Prepupae,1,1.411,4
145412_at,BECKSTPREPU04HR,Development,W1118,Prepupae,0,1.0556,4
145413_at,BECKSTPREPU04HR,Development,W1118,Prepupae,1,1.3091,4
145414_at,BECKSTPREPU04HR,Development,W1118,Prepupae,0,1.0226,4
145415_at,BECKSTPREPU04HR,Development,W1118,Prepupae,-1,0.6921,4
145416_at,BECKSTPREPU04HR,Development,W1118,Prepupae,0,1.0197,4
145417_at,BECKSTPREPU04HR,Development,W1118,Prepupae,0,1.1361,4
145418_at,BECKSTPREPU04HR,Development,W1118,Prepupae,0,1.1221,4
145419_at,BECKSTPREPU04HR,Development,W1118,Prepupae,0,1.016,4
145420_at,BECKSTPREPU04HR,Development,W1118,Prepupae,0,1.0427,4
145421_at,BECKSTPREPU04HR,Development,W1118,Prepupae,1,1.7239,4
145422_at,BECKSTPREPU04HR,Development,W1118,Prepupae,0,1.0095,4
145423_at,BECKSTPREPU04HR,Development,W1118,Prepupae,0,1.0801,4
145424_at,BECKSTPREPU04HR,Development,W1118,Prepupae,1,1.2053,4
145425_at,BECKSTPREPU04HR,Development,W1118,Prepupae,0,0.8928,4
145426_at,BECKSTPREPU04HR,Development,W1118,Prepupae,1,1.4347,4
145427_at,BECKSTPREPU04HR,Development,W1118,Prepupae,0,1.1536,4
145428_at,BECKSTPREPU04HR,Development,W1118,Prepupae,1,1.3114,4
145429_i_at,BECKSTPREPU04HR,Development,W1118,Prepupae,0,0.9518,4
145430_s_at,BECKSTPREPU04HR,Development,W1118,Prepupae,0,0.8567,4
145431_at,BECKSTPREPU04HR,Development,W1118,Prepupae,0,1.0217,4
145432_at,BECKSTPREPU04HR,Development,W1118,Prepupae,1,1.2988,4
145433_at,BECKSTPREPU04HR,Development,W1118,Prepupae,1,1.5253,4
145434_at,BECKSTPREPU04HR,Development,W1118,Prepupae,0,1.1356,4
145435_at,BECKSTPREPU04HR,Development,W1118,Prepupae,1,1.4157,4
145436_at,BECKSTPREPU04HR,Development,W1118,Prepupae,0,1.1695,4
145437_at,BECKSTPREPU04HR,Development,W1118,Prepupae,0,1.1084,4
145438_at,BECKSTPREPU04HR,Development,W1118,Prepupae,1,1.3068,4
145439_at,BECKSTPREPU04HR,Development,W1118,Prepupae,0,1.064,4
145440_at,BECKSTPREPU04HR,Development,W1118,Prepupae,1,1.8412,4
145441_r_at,BECKSTPREPU04HR,Development,W1118,Prepupae,1,1.3024,4
145442_at,BECKSTPREPU04HR,Development,W1118,Prepupae,0,1.0904,4
145443_at,BECKSTPREPU04HR,Development,W1118,Prepupae,1,1.3591,4
145444_at,BECKSTPREPU04HR,Development,W1118,Prepupae,0,0.9776,4
145445_at,BECKSTPREPU04HR,Development,W1118,Prepupae,1,1.6984,4
145446_at,BECKSTPREPU04HR,Development,W1118,Prepupae,1,1.8663,4
145447_at,BECKSTPREPU04HR,Development,W1118,Prepupae,1,1.2197,4
145448_at,BECKSTPREPU04HR,Development,W1118,Prepupae,1,1.5998,4
145449_at,BECKSTPREPU04HR,Development,W1118,Prepupae,0,1.0387,4
145450_at,BECKSTPREPU04HR,Development,W1118,Prepupae,1,1.6084,4
145451_at,BECKSTPREPU04HR,Development,W1118,Prepupae,0,1.1809,4
145452_at,BECKSTPREPU04HR,Development,W1118,Prepupae,0,1.0999,4
145453_at,BECKSTPREPU04HR,Development,W1118,Prepupae,0,0.9061,4
145454_at,BECKSTPREPU04HR,Development,W1118,Prepupae,0,1.1825,4
145455_at,BECKSTPREPU04HR,Development,W1118,Prepupae,0,1.0848,4
145456_at,BECKSTPREPU04HR,Development,W1118,Prepupae,0,1.1786,4
145457_at,BECKSTPREPU04HR,Development,W1118,Prepupae,-1,0.7594,4
145458_at,BECKSTPREPU04HR,Development,W1118,Prepupae,0,0.9902,4
145459_at,BECKSTPREPU04HR,Development,W1118,Prepupae,1,1.675,4
145460_at,BECKSTPREPU04HR,Development,W1118,Prepupae,1,1.3722,4
145461_at,BECKSTPREPU04HR,Development,W1118,Prepupae,0,0.8941,4
145462_at,BECKSTPREPU04HR,Development,W1118,Prepupae,0,1.0506,4
145463_at,BECKSTPREPU04HR,Development,W1118,Prepupae,1,1.3659,4
145464_at,BECKSTPREPU04HR,Development,W1118,Prepupae,0,0.9818,4
145465_at,BECKSTPREPU04HR,Development,W1118,Prepupae,0,1.1166,4
145466_at,BECKSTPREPU04HR,Development,W1118,Prepupae,0,0.8942,4
145467_at,BECKSTPREPU04HR,Development,W1118,Prepupae,1,1.3241,4
145468_at,BECKSTPREPU04HR,Development,W1118,Prepupae,0,1.1464,4
145469_at,BECKSTPREPU04HR,Development,W1118,Prepupae,1,1.2637,4
145470_at,BECKSTPREPU04HR,Development,W1118,Prepupae,1,1.3502,4
145471_at,BECKSTPREPU04HR,Development,W1118,Prepupae,1,1.4512,4
145472_at,BECKSTPREPU04HR,Development,W1118,Prepupae,0,1.1281,4
145473_at,BECKSTPREPU04HR,Development,W1118,Prepupae,0,0.8619,4
145474_at,BECKSTPREPU04HR,Development,W1118,Prepupae,1,1.413,4
145475_at,BECKSTPREPU04HR,Development,W1118,Prepupae,1,1.4224,4
145476_at,BECKSTPREPU04HR,Development,W1118,Prepupae,1,2.3035,4
145477_at,BECKSTPREPU04HR,Development,W1118,Prepupae,1,1.5335,4
145478_at,BECKSTPREPU04HR,Development,W1118,Prepupae,1,1.2659,4
145479_at,BECKSTPREPU04HR,Development,W1118,Prepupae,1,1.3607,4
145480_at,BECKSTPREPU04HR,Development,W1118,Prepupae,0,0.9664,4
145481_at,BECKSTPREPU04HR,Development,W1118,Prepupae,0,0.9417,4
145482_at,BECKSTPREPU04HR,Development,W1118,Prepupae,1,1.6298,4
145483_at,BECKSTPREPU04HR,Development,W1118,Prepupae,0,1.0076,4
145484_at,BECKSTPREPU04HR,Development,W1118,Prepupae,0,1.0509,4
145485_at,BECKSTPREPU04HR,Development,W1118,Prepupae,1,1.2761,4
145486_at,BECKSTPREPU04HR,Development,W1118,Prepupae,1,1.2032,4
145487_at,BECKSTPREPU04HR,Development,W1118,Prepupae,0,0.9784,4
145488_at,BECKSTPREPU04HR,Development,W1118,Prepupae,0,0.8355,4
145489_at,BECKSTPREPU04HR,Development,W1118,Prepupae,0,0.867,4
145490_at,BECKSTPREPU04HR,Development,W1118,Prepupae,1,2.051,4
145491_at,BECKSTPREPU04HR,Development,W1118,Prepupae,0,1.1397,4
145492_at,BECKSTPREPU04HR,Development,W1118,Prepupae,1,1.2038,4
145493_at,BECKSTPREPU04HR,Development,W1118,Prepupae,0,1.0554,4
145494_at,BECKSTPREPU04HR,Development,W1118,Prepupae,0,1.0219,4
145495_at,BECKSTPREPU04HR,Development,W1118,Prepupae,0,1.1009,4
145496_at,BECKSTPREPU04HR,Development,W1118,Prepupae,0,1.0239,4
145497_at,BECKSTPREPU04HR,Development,W1118,Prepupae,0,0.9668,4
145498_at,BECKSTPREPU04HR,Development,W1118,Prepupae,0,1.0612,4
145499_at,BECKSTPREPU04HR,Development,W1118,Prepupae,0,1.1326,4
145500_at,BECKSTPREPU04HR,Development,W1118,Prepupae,1,1.3253,4
145501_at,BECKSTPREPU04HR,Development,W1118,Prepupae,1,1.5172,4
145502_at,BECKSTPREPU04HR,Development,W1118,Prepupae,1,2.0226,4
145503_at,BECKSTPREPU04HR,Development,W1118,Prepupae,1,2.8217,4
145504_at,BECKSTPREPU04HR,Development,W1118,Prepupae,0,1.1296,4
145505_i_at,BECKSTPREPU04HR,Development,W1118,Prepupae,1,1.5117,4
145506_r_at,BECKSTPREPU04HR,Development,W1118,Prepupae,1,1.3212,4
145507_at,BECKSTPREPU04HR,Development,W1118,Prepupae,1,1.2756,4
145508_at,BECKSTPREPU04HR,Development,W1118,Prepupae,0,1.1531,4
145509_at,BECKSTPREPU04HR,Development,W1118,Prepupae,1,1.3009,4
145510_at,BECKSTPREPU04HR,Development,W1118,Prepupae,0,0.8946,4
145511_at,BECKSTPREPU04HR,Development,W1118,Prepupae,-1,0.6381,4
145512_at,BECKSTPREPU04HR,Development,W1118,Prepupae,0,0.8681,4
145513_at,BECKSTPREPU04HR,Development,W1118,Prepupae,0,0.8114,4
145514_at,BECKSTPREPU04HR,Development,W1118,Prepupae,1,2.7722,4
145515_at,BECKSTPREPU04HR,Development,W1118,Prepupae,1,1.4663,4
145516_at,BECKSTPREPU04HR,Development,W1118,Prepupae,0,0.9321,4
145517_at,BECKSTPREPU04HR,Development,W1118,Prepupae,0,1.0433,4
145518_at,BECKSTPREPU04HR,Development,W1118,Prepupae,0,0.933,4
145519_at,BECKSTPREPU04HR,Development,W1118,Prepupae,1,1.8539,4
145520_at,BECKSTPREPU04HR,Development,W1118,Prepupae,0,0.9531,4
145521_at,BECKSTPREPU04HR,Development,W1118,Prepupae,1,1.3444,4
145522_at,BECKSTPREPU04HR,Development,W1118,Prepupae,0,0.915,4
145523_at,BECKSTPREPU04HR,Development,W1118,Prepupae,-1,0.6855,4
145524_at,BECKSTPREPU04HR,Development,W1118,Prepupae,0,0.9211,4
145525_at,BECKSTPREPU04HR,Development,W1118,Prepupae,0,1.0406,4
145526_at,BECKSTPREPU04HR,Development,W1118,Prepupae,-1,0.5654,4
145527_at,BECKSTPREPU04HR,Development,W1118,Prepupae,0,1.1179,4
145528_at,BECKSTPREPU04HR,Development,W1118,Prepupae,0,0.8377,4
145529_at,BECKSTPREPU04HR,Development,W1118,Prepupae,0,1.1602,4
145530_at,BECKSTPREPU04HR,Development,W1118,Prepupae,0,1.1445,4
145531_at,BECKSTPREPU04HR,Development,W1118,Prepupae,-1,0.7659,4
145532_at,BECKSTPREPU04HR,Development,W1118,Prepupae,0,1.0409,4
145533_at,BECKSTPREPU04HR,Development,W1118,Prepupae,1,1.306,4
145534_at,BECKSTPREPU04HR,Development,W1118,Prepupae,1,1.5811,4
145535_at,BECKSTPREPU04HR,Development,W1118,Prepupae,0,1.1623,4
145536_at,BECKSTPREPU04HR,Development,W1118,Prepupae,0,1.0708,4
145537_at,BECKSTPREPU04HR,Development,W1118,Prepupae,0,1.0238,4
145538_at,BECKSTPREPU04HR,Development,W1118,Prepupae,0,0.8518,4
145539_at,BECKSTPREPU04HR,Development,W1118,Prepupae,0,1.1864,4
145540_at,BECKSTPREPU04HR,Development,W1118,Prepupae,1,1.2393,4
145541_at,BECKSTPREPU04HR,Development,W1118,Prepupae,-1,0.7251,4
145542_at,BECKSTPREPU04HR,Development,W1118,Prepupae,-1,0.7662,4
145543_at,BECKSTPREPU04HR,Development,W1118,Prepupae,1,2.5439,4
145544_at,BECKSTPREPU04HR,Development,W1118,Prepupae,1,1.6416,4
145545_s_at,BECKSTPREPU04HR,Development,W1118,Prepupae,1,1.2887,4
145546_i_at,BECKSTPREPU04HR,Development,W1118,Prepupae,1,2,4
145547_r_at,BECKSTPREPU04HR,Development,W1118,Prepupae,1,2.5482,4
145548_at,BECKSTPREPU04HR,Development,W1118,Prepupae,1,2.0751,4
145549_at,BECKSTPREPU04HR,Development,W1118,Prepupae,1,1.5662,4
145550_at,BECKSTPREPU04HR,Development,W1118,Prepupae,0,1.0197,4
145551_at,BECKSTPREPU04HR,Development,W1118,Prepupae,0,1.0169,4
145552_at,BECKSTPREPU04HR,Development,W1118,Prepupae,1,1.3435,4
145553_at,BECKSTPREPU04HR,Development,W1118,Prepupae,1,1.7807,4
145554_at,BECKSTPREPU04HR,Development,W1118,Prepupae,1,1.3555,4
145555_at,BECKSTPREPU04HR,Development,W1118,Prepupae,0,1.0276,4
145556_at,BECKSTPREPU04HR,Development,W1118,Prepupae,1,1.4568,4
145557_at,BECKSTPREPU04HR,Development,W1118,Prepupae,1,1.3117,4
145558_at,BECKSTPREPU04HR,Development,W1118,Prepupae,0,1.1633,4
145559_at,BECKSTPREPU04HR,Development,W1118,Prepupae,1,1.319,4
145560_at,BECKSTPREPU04HR,Development,W1118,Prepupae,-1,0.5535,4
145561_at,BECKSTPREPU04HR,Development,W1118,Prepupae,1,1.2056,4
145562_at,BECKSTPREPU04HR,Development,W1118,Prepupae,0,1.1649,4
145563_at,BECKSTPREPU04HR,Development,W1118,Prepupae,0,1.0955,4
145564_at,BECKSTPREPU04HR,Development,W1118,Prepupae,0,1.1715,4
145565_at,BECKSTPREPU04HR,Development,W1118,Prepupae,-1,0.7587,4
145566_at,BECKSTPREPU04HR,Development,W1118,Prepupae,-1,0.7503,4
145567_at,BECKSTPREPU04HR,Development,W1118,Prepupae,0,0.9318,4
145568_at,BECKSTPREPU04HR,Development,W1118,Prepupae,1,1.7253,4
145569_at,BECKSTPREPU04HR,Development,W1118,Prepupae,0,1.0453,4
145570_at,BECKSTPREPU04HR,Development,W1118,Prepupae,1,1.2773,4
145571_at,BECKSTPREPU04HR,Development,W1118,Prepupae,0,1.1881,4
145572_at,BECKSTPREPU04HR,Development,W1118,Prepupae,0,0.9994,4
145573_at,BECKSTPREPU04HR,Development,W1118,Prepupae,0,1.1668,4
145574_at,BECKSTPREPU04HR,Development,W1118,Prepupae,1,1.3783,4
145575_at,BECKSTPREPU04HR,Development,W1118,Prepupae,0,0.9006,4
145576_at,BECKSTPREPU04HR,Development,W1118,Prepupae,0,1.0891,4
145577_at,BECKSTPREPU04HR,Development,W1118,Prepupae,1,1.2054,4
145578_at,BECKSTPREPU04HR,Development,W1118,Prepupae,0,1.06,4
145579_at,BECKSTPREPU04HR,Development,W1118,Prepupae,1,1.3466,4
145580_at,BECKSTPREPU04HR,Development,W1118,Prepupae,1,1.2511,4
145581_at,BECKSTPREPU04HR,Development,W1118,Prepupae,0,1.1166,4
145582_at,BECKSTPREPU04HR,Development,W1118,Prepupae,0,0.992,4
145583_at,BECKSTPREPU04HR,Development,W1118,Prepupae,0,0.9435,4
145584_at,BECKSTPREPU04HR,Development,W1118,Prepupae,0,1.0696,4
145585_at,BECKSTPREPU04HR,Development,W1118,Prepupae,0,1.1912,4
145586_at,BECKSTPREPU04HR,Development,W1118,Prepupae,1,7.954,4
145587_at,BECKSTPREPU04HR,Development,W1118,Prepupae,0,1.1733,4
145588_at,BECKSTPREPU04HR,Development,W1118,Prepupae,0,0.9117,4
145589_at,BECKSTPREPU04HR,Development,W1118,Prepupae,0,1.0251,4
145590_at,BECKSTPREPU04HR,Development,W1118,Prepupae,0,1.1307,4
145591_at,BECKSTPREPU04HR,Development,W1118,Prepupae,0,0.9359,4
145592_at,BECKSTPREPU04HR,Development,W1118,Prepupae,0,1.0629,4
145593_at,BECKSTPREPU04HR,Development,W1118,Prepupae,0,1.1571,4
145594_at,BECKSTPREPU04HR,Development,W1118,Prepupae,0,0.8163,4
145595_at,BECKSTPREPU04HR,Development,W1118,Prepupae,0,1.071,4
145596_at,BECKSTPREPU04HR,Development,W1118,Prepupae,0,0.9163,4
145597_at,BECKSTPREPU04HR,Development,W1118,Prepupae,0,1.146,4
145598_at,BECKSTPREPU04HR,Development,W1118,Prepupae,1,1.4262,4
145599_at,BECKSTPREPU04HR,Development,W1118,Prepupae,0,1.1637,4
145600_at,BECKSTPREPU04HR,Development,W1118,Prepupae,1,1.2954,4
145601_at,BECKSTPREPU04HR,Development,W1118,Prepupae,1,1.3294,4
145602_at,BECKSTPREPU04HR,Development,W1118,Prepupae,0,1.0222,4
145603_at,BECKSTPREPU04HR,Development,W1118,Prepupae,0,1.0377,4
145604_at,BECKSTPREPU04HR,Development,W1118,Prepupae,0,0.9102,4
145605_at,BECKSTPREPU04HR,Development,W1118,Prepupae,1,1.3809,4
145606_at,BECKSTPREPU04HR,Development,W1118,Prepupae,1,1.3704,4
145607_at,BECKSTPREPU04HR,Development,W1118,Prepupae,-1,0.7887,4
145608_at,BECKSTPREPU04HR,Development,W1118,Prepupae,0,1.0525,4
145609_at,BECKSTPREPU04HR,Development,W1118,Prepupae,1,2.0284,4
145610_at,BECKSTPREPU04HR,Development,W1118,Prepupae,0,1.1274,4
145611_at,BECKSTPREPU04HR,Development,W1118,Prepupae,0,0.9881,4
145612_at,BECKSTPREPU04HR,Development,W1118,Prepupae,-1,0.677,4
145613_at,BECKSTPREPU04HR,Development,W1118,Prepupae,1,1.2557,4
145614_at,BECKSTPREPU04HR,Development,W1118,Prepupae,1,1.569,4
145615_at,BECKSTPREPU04HR,Development,W1118,Prepupae,0,1.129,4
145616_at,BECKSTPREPU04HR,Development,W1118,Prepupae,1,1.3059,4
145617_at,BECKSTPREPU04HR,Development,W1118,Prepupae,1,1.2819,4
145618_at,BECKSTPREPU04HR,Development,W1118,Prepupae,0,1.0359,4
145619_at,BECKSTPREPU04HR,Development,W1118,Prepupae,0,1.0111,4
145620_at,BECKSTPREPU04HR,Development,W1118,Prepupae,1,1.2673,4
145621_at,BECKSTPREPU04HR,Development,W1118,Prepupae,0,1.0296,4
145622_at,BECKSTPREPU04HR,Development,W1118,Prepupae,0,1.08,4
145623_at,BECKSTPREPU04HR,Development,W1118,Prepupae,1,1.2577,4
145624_at,BECKSTPREPU04HR,Development,W1118,Prepupae,0,0.8618,4
145625_f_at,BECKSTPREPU04HR,Development,W1118,Prepupae,0,1.126,4
145626_at,BECKSTPREPU04HR,Development,W1118,Prepupae,0,0.8519,4
145627_at,BECKSTPREPU04HR,Development,W1118,Prepupae,0,0.9575,4
145628_at,BECKSTPREPU04HR,Development,W1118,Prepupae,0,1.0067,4
145629_at,BECKSTPREPU04HR,Development,W1118,Prepupae,1,1.2908,4
145630_at,BECKSTPREPU04HR,Development,W1118,Prepupae,0,1.0526,4
145631_at,BECKSTPREPU04HR,Development,W1118,Prepupae,1,1.4239,4
145632_at,BECKSTPREPU04HR,Development,W1118,Prepupae,0,0.9086,4
145633_at,BECKSTPREPU04HR,Development,W1118,Prepupae,-1,0.5779,4
145634_at,BECKSTPREPU04HR,Development,W1118,Prepupae,1,1.5025,4
145635_at,BECKSTPREPU04HR,Development,W1118,Prepupae,0,1.1352,4
145636_at,BECKSTPREPU04HR,Development,W1118,Prepupae,0,1.0961,4
145637_at,BECKSTPREPU04HR,Development,W1118,Prepupae,0,0.9326,4
145638_at,BECKSTPREPU04HR,Development,W1118,Prepupae,1,1.6242,4
145639_at,BECKSTPREPU04HR,Development,W1118,Prepupae,0,0.9207,4
145640_at,BECKSTPREPU04HR,Development,W1118,Prepupae,1,1.3287,4
145641_s_at,BECKSTPREPU04HR,Development,W1118,Prepupae,0,0.9928,4
145642_at,BECKSTPREPU04HR,Development,W1118,Prepupae,0,0.9596,4
145643_at,BECKSTPREPU04HR,Development,W1118,Prepupae,0,0.8575,4
145644_at,BECKSTPREPU04HR,Development,W1118,Prepupae,0,1.1888,4
145645_at,BECKSTPREPU04HR,Development,W1118,Prepupae,0,1.0682,4
145646_at,BECKSTPREPU04HR,Development,W1118,Prepupae,1,1.5549,4
145647_at,BECKSTPREPU04HR,Development,W1118,Prepupae,-1,0.7553,4
145648_at,BECKSTPREPU04HR,Development,W1118,Prepupae,1,1.43,4
145649_at,BECKSTPREPU04HR,Development,W1118,Prepupae,1,1.4408,4
145650_at,BECKSTPREPU04HR,Development,W1118,Prepupae,0,1.0977,4
145651_at,BECKSTPREPU04HR,Development,W1118,Prepupae,0,0.8764,4
145652_at,BECKSTPREPU04HR,Development,W1118,Prepupae,0,0.8884,4
145653_at,BECKSTPREPU04HR,Development,W1118,Prepupae,1,1.4719,4
145654_at,BECKSTPREPU04HR,Development,W1118,Prepupae,0,1.115,4
145655_at,BECKSTPREPU04HR,Development,W1118,Prepupae,0,1.0647,4
145656_at,BECKSTPREPU04HR,Development,W1118,Prepupae,0,0.9012,4
145657_at,BECKSTPREPU04HR,Development,W1118,Prepupae,1,1.6873,4
145658_at,BECKSTPREPU04HR,Development,W1118,Prepupae,1,1.6115,4
145659_at,BECKSTPREPU04HR,Development,W1118,Prepupae,1,1.3767,4
145660_at,BECKSTPREPU04HR,Development,W1118,Prepupae,1,1.2653,4
145661_at,BECKSTPREPU04HR,Development,W1118,Prepupae,1,1.2423,4
145662_at,BECKSTPREPU04HR,Development,W1118,Prepupae,0,1.1736,4
145663_at,BECKSTPREPU04HR,Development,W1118,Prepupae,1,1.3845,4
145664_at,BECKSTPREPU04HR,Development,W1118,Prepupae,-1,0.7377,4
145665_at,BECKSTPREPU04HR,Development,W1118,Prepupae,0,0.8191,4
145666_at,BECKSTPREPU04HR,Development,W1118,Prepupae,0,0.8596,4
145667_at,BECKSTPREPU04HR,Development,W1118,Prepupae,0,0.8977,4
145668_at,BECKSTPREPU04HR,Development,W1118,Prepupae,0,0.896,4
145669_at,BECKSTPREPU04HR,Development,W1118,Prepupae,0,0.9853,4
145670_at,BECKSTPREPU04HR,Development,W1118,Prepupae,-1,0.7769,4
145671_at,BECKSTPREPU04HR,Development,W1118,Prepupae,1,1.3769,4
145672_at,BECKSTPREPU04HR,Development,W1118,Prepupae,0,1.0552,4
145673_at,BECKSTPREPU04HR,Development,W1118,Prepupae,0,1.053,4
145674_at,BECKSTPREPU04HR,Development,W1118,Prepupae,1,1.3323,4
145675_at,BECKSTPREPU04HR,Development,W1118,Prepupae,0,1.1949,4
145676_at,BECKSTPREPU04HR,Development,W1118,Prepupae,1,1.2434,4
145677_at,BECKSTPREPU04HR,Development,W1118,Prepupae,0,0.9835,4
145678_at,BECKSTPREPU04HR,Development,W1118,Prepupae,1,1.6328,4
145679_at,BECKSTPREPU04HR,Development,W1118,Prepupae,1,1.637,4
145680_at,BECKSTPREPU04HR,Development,W1118,Prepupae,-1,0.7527,4
145681_at,BECKSTPREPU04HR,Development,W1118,Prepupae,-1,0.644,4
145682_at,BECKSTPREPU04HR,Development,W1118,Prepupae,1,1.6286,4
145683_at,BECKSTPREPU04HR,Development,W1118,Prepupae,0,0.8386,4
145684_at,BECKSTPREPU04HR,Development,W1118,Prepupae,0,0.8718,4
145685_at,BECKSTPREPU04HR,Development,W1118,Prepupae,-1,0.7838,4
145686_at,BECKSTPREPU04HR,Development,W1118,Prepupae,0,1.0461,4
145687_at,BECKSTPREPU04HR,Development,W1118,Prepupae,1,1.5119,4
145688_at,BECKSTPREPU04HR,Development,W1118,Prepupae,0,0.9965,4
145689_at,BECKSTPREPU04HR,Development,W1118,Prepupae,0,0.8651,4
145690_at,BECKSTPREPU04HR,Development,W1118,Prepupae,1,1.2798,4
145691_at,BECKSTPREPU04HR,Development,W1118,Prepupae,0,0.9755,4
145692_at,BECKSTPREPU04HR,Development,W1118,Prepupae,0,0.9322,4
145693_at,BECKSTPREPU04HR,Development,W1118,Prepupae,1,1.3892,4
145694_at,BECKSTPREPU04HR,Development,W1118,Prepupae,1,1.2398,4
145695_at,BECKSTPREPU04HR,Development,W1118,Prepupae,1,1.3212,4
145696_at,BECKSTPREPU04HR,Development,W1118,Prepupae,1,5.2857,4
145697_at,BECKSTPREPU04HR,Development,W1118,Prepupae,1,1.8195,4
145698_at,BECKSTPREPU04HR,Development,W1118,Prepupae,1,1.4755,4
145699_at,BECKSTPREPU04HR,Development,W1118,Prepupae,1,1.3767,4
145700_at,BECKSTPREPU04HR,Development,W1118,Prepupae,0,1.1765,4
145701_at,BECKSTPREPU04HR,Development,W1118,Prepupae,0,0.9099,4
145702_at,BECKSTPREPU04HR,Development,W1118,Prepupae,1,1.3442,4
145703_at,BECKSTPREPU04HR,Development,W1118,Prepupae,1,1.5333,4
145704_at,BECKSTPREPU04HR,Development,W1118,Prepupae,0,1.0315,4
145705_at,BECKSTPREPU04HR,Development,W1118,Prepupae,0,0.9129,4
145706_at,BECKSTPREPU04HR,Development,W1118,Prepupae,0,1.167,4
145707_at,BECKSTPREPU04HR,Development,W1118,Prepupae,0,1.1619,4
145708_at,BECKSTPREPU04HR,Development,W1118,Prepupae,1,1.2966,4
145709_at,BECKSTPREPU04HR,Development,W1118,Prepupae,0,0.8868,4
145710_at,BECKSTPREPU04HR,Development,W1118,Prepupae,0,1.0811,4
145711_at,BECKSTPREPU04HR,Development,W1118,Prepupae,1,1.6508,4
145712_at,BECKSTPREPU04HR,Development,W1118,Prepupae,-1,0.6828,4
145713_at,BECKSTPREPU04HR,Development,W1118,Prepupae,-1,0.725,4
145714_at,BECKSTPREPU04HR,Development,W1118,Prepupae,-1,0.7911,4
145715_at,BECKSTPREPU04HR,Development,W1118,Prepupae,1,1.2193,4
145716_at,BECKSTPREPU04HR,Development,W1118,Prepupae,-1,0.7753,4
145717_at,BECKSTPREPU04HR,Development,W1118,Prepupae,0,0.9637,4
145718_at,BECKSTPREPU04HR,Development,W1118,Prepupae,0,0.9603,4
145719_at,BECKSTPREPU04HR,Development,W1118,Prepupae,1,1.2527,4
145720_at,BECKSTPREPU04HR,Development,W1118,Prepupae,1,1.2651,4
145721_at,BECKSTPREPU04HR,Development,W1118,Prepupae,0,0.9948,4
145722_at,BECKSTPREPU04HR,Development,W1118,Prepupae,0,0.8324,4
145723_at,BECKSTPREPU04HR,Development,W1118,Prepupae,0,0.9452,4
145724_at,BECKSTPREPU04HR,Development,W1118,Prepupae,0,0.932,4
145725_at,BECKSTPREPU04HR,Development,W1118,Prepupae,1,1.8323,4
145726_at,BECKSTPREPU04HR,Development,W1118,Prepupae,0,1.0636,4
145727_at,BECKSTPREPU04HR,Development,W1118,Prepupae,0,1.109,4
145728_at,BECKSTPREPU04HR,Development,W1118,Prepupae,1,1.3556,4
145729_at,BECKSTPREPU04HR,Development,W1118,Prepupae,0,1.0978,4
145730_at,BECKSTPREPU04HR,Development,W1118,Prepupae,-1,0.3842,4
145731_at,BECKSTPREPU04HR,Development,W1118,Prepupae,0,0.9606,4
145732_at,BECKSTPREPU04HR,Development,W1118,Prepupae,-1,0.6051,4
145733_at,BECKSTPREPU04HR,Development,W1118,Prepupae,0,1.1367,4
145734_at,BECKSTPREPU04HR,Development,W1118,Prepupae,1,1.5049,4
145735_at,BECKSTPREPU04HR,Development,W1118,Prepupae,1,1.5126,4
145736_at,BECKSTPREPU04HR,Development,W1118,Prepupae,0,1.1486,4
145737_at,BECKSTPREPU04HR,Development,W1118,Prepupae,0,1.1324,4
145738_at,BECKSTPREPU04HR,Development,W1118,Prepupae,0,0.9284,4
145739_at,BECKSTPREPU04HR,Development,W1118,Prepupae,0,0.8461,4
145740_at,BECKSTPREPU04HR,Development,W1118,Prepupae,0,0.9679,4
145741_at,BECKSTPREPU04HR,Development,W1118,Prepupae,1,1.2776,4
145742_at,BECKSTPREPU04HR,Development,W1118,Prepupae,1,1.3294,4
145743_at,BECKSTPREPU04HR,Development,W1118,Prepupae,1,1.2818,4
145744_at,BECKSTPREPU04HR,Development,W1118,Prepupae,1,1.7046,4
145745_at,BECKSTPREPU04HR,Development,W1118,Prepupae,0,1.0331,4
145746_at,BECKSTPREPU04HR,Development,W1118,Prepupae,1,1.615,4
145747_at,BECKSTPREPU04HR,Development,W1118,Prepupae,0,1.1194,4
145748_at,BECKSTPREPU04HR,Development,W1118,Prepupae,1,1.5307,4
145749_at,BECKSTPREPU04HR,Development,W1118,Prepupae,0,1.1107,4
145750_at,BECKSTPREPU04HR,Development,W1118,Prepupae,0,1.0634,4
145751_at,BECKSTPREPU04HR,Development,W1118,Prepupae,1,1.6503,4
145752_at,BECKSTPREPU04HR,Development,W1118,Prepupae,1,1.3793,4
145753_at,BECKSTPREPU04HR,Development,W1118,Prepupae,0,1.0894,4
145754_at,BECKSTPREPU04HR,Development,W1118,Prepupae,0,1.1135,4
145755_at,BECKSTPREPU04HR,Development,W1118,Prepupae,0,1.0768,4
145756_at,BECKSTPREPU04HR,Development,W1118,Prepupae,0,1.006,4
145757_at,BECKSTPREPU04HR,Development,W1118,Prepupae,-1,0.7954,4
145758_at,BECKSTPREPU04HR,Development,W1118,Prepupae,0,1.0241,4
145759_at,BECKSTPREPU04HR,Development,W1118,Prepupae,-1,0.6317,4
145760_at,BECKSTPREPU04HR,Development,W1118,Prepupae,0,1.0587,4
145761_at,BECKSTPREPU04HR,Development,W1118,Prepupae,0,0.8428,4
145762_at,BECKSTPREPU04HR,Development,W1118,Prepupae,0,1.1495,4
145763_at,BECKSTPREPU04HR,Development,W1118,Prepupae,-1,0.7988,4
145764_at,BECKSTPREPU04HR,Development,W1118,Prepupae,0,1.1544,4
145765_at,BECKSTPREPU04HR,Development,W1118,Prepupae,0,1.1684,4
145766_at,BECKSTPREPU04HR,Development,W1118,Prepupae,1,1.2529,4
145767_at,BECKSTPREPU04HR,Development,W1118,Prepupae,1,1.2323,4
145768_at,BECKSTPREPU04HR,Development,W1118,Prepupae,1,1.8912,4
145769_at,BECKSTPREPU04HR,Development,W1118,Prepupae,1,2.4504,4
145770_at,BECKSTPREPU04HR,Development,W1118,Prepupae,0,1.0237,4
145771_at,BECKSTPREPU04HR,Development,W1118,Prepupae,-1,0.4918,4
145772_at,BECKSTPREPU04HR,Development,W1118,Prepupae,1,1.2063,4
145773_at,BECKSTPREPU04HR,Development,W1118,Prepupae,1,1.2316,4
145774_at,BECKSTPREPU04HR,Development,W1118,Prepupae,0,0.8932,4
145775_at,BECKSTPREPU04HR,Development,W1118,Prepupae,0,1.1945,4
145776_at,BECKSTPREPU04HR,Development,W1118,Prepupae,1,1.2219,4
145777_at,BECKSTPREPU04HR,Development,W1118,Prepupae,0,1.1596,4
145778_at,BECKSTPREPU04HR,Development,W1118,Prepupae,1,1.2807,4
145779_at,BECKSTPREPU04HR,Development,W1118,Prepupae,1,2.2164,4
145780_at,BECKSTPREPU04HR,Development,W1118,Prepupae,1,1.4725,4
145781_at,BECKSTPREPU04HR,Development,W1118,Prepupae,0,1.0291,4
145782_at,BECKSTPREPU04HR,Development,W1118,Prepupae,-1,0.795,4
145783_at,BECKSTPREPU04HR,Development,W1118,Prepupae,0,0.9944,4
145784_at,BECKSTPREPU04HR,Development,W1118,Prepupae,0,0.9473,4
145785_at,BECKSTPREPU04HR,Development,W1118,Prepupae,-1,0.7718,4
145786_at,BECKSTPREPU04HR,Development,W1118,Prepupae,1,1.2448,4
145787_at,BECKSTPREPU04HR,Development,W1118,Prepupae,0,1.0241,4
145788_at,BECKSTPREPU04HR,Development,W1118,Prepupae,0,1.0277,4
145789_at,BECKSTPREPU04HR,Development,W1118,Prepupae,1,1.2544,4
145790_at,BECKSTPREPU04HR,Development,W1118,Prepupae,0,1.1634,4
145791_at,BECKSTPREPU04HR,Development,W1118,Prepupae,0,1.1539,4
145792_at,BECKSTPREPU04HR,Development,W1118,Prepupae,1,7.5048,4
145793_at,BECKSTPREPU04HR,Development,W1118,Prepupae,1,1.2912,4
145794_at,BECKSTPREPU04HR,Development,W1118,Prepupae,0,1.155,4
145795_at,BECKSTPREPU04HR,Development,W1118,Prepupae,1,2.4912,4
145796_at,BECKSTPREPU04HR,Development,W1118,Prepupae,1,1.9817,4
145797_at,BECKSTPREPU04HR,Development,W1118,Prepupae,0,0.8005,4
145798_at,BECKSTPREPU04HR,Development,W1118,Prepupae,-1,0.78,4
145799_at,BECKSTPREPU04HR,Development,W1118,Prepupae,0,0.9685,4
145800_at,BECKSTPREPU04HR,Development,W1118,Prepupae,0,1.0618,4
145801_at,BECKSTPREPU04HR,Development,W1118,Prepupae,0,0.8195,4
145802_at,BECKSTPREPU04HR,Development,W1118,Prepupae,0,0.8662,4
145803_at,BECKSTPREPU04HR,Development,W1118,Prepupae,0,0.9375,4
145804_at,BECKSTPREPU04HR,Development,W1118,Prepupae,-1,0.6645,4
145805_at,BECKSTPREPU04HR,Development,W1118,Prepupae,1,1.2976,4
145806_at,BECKSTPREPU04HR,Development,W1118,Prepupae,-1,0.697,4
145807_at,BECKSTPREPU04HR,Development,W1118,Prepupae,0,1.1811,4
145808_at,BECKSTPREPU04HR,Development,W1118,Prepupae,0,0.9707,4
145809_at,BECKSTPREPU04HR,Development,W1118,Prepupae,0,0.8253,4
145810_at,BECKSTPREPU04HR,Development,W1118,Prepupae,1,1.3571,4
145811_at,BECKSTPREPU04HR,Development,W1118,Prepupae,0,0.9603,4
145812_at,BECKSTPREPU04HR,Development,W1118,Prepupae,1,1.3919,4
145813_at,BECKSTPREPU04HR,Development,W1118,Prepupae,0,1.1877,4
145814_at,BECKSTPREPU04HR,Development,W1118,Prepupae,1,1.7904,4
145815_at,BECKSTPREPU04HR,Development,W1118,Prepupae,1,1.4266,4
145816_at,BECKSTPREPU04HR,Development,W1118,Prepupae,0,0.9988,4
145817_at,BECKSTPREPU04HR,Development,W1118,Prepupae,0,0.9393,4
145818_s_at,BECKSTPREPU04HR,Development,W1118,Prepupae,0,1.1067,4
145819_at,BECKSTPREPU04HR,Development,W1118,Prepupae,1,1.3363,4
145820_at,BECKSTPREPU04HR,Development,W1118,Prepupae,1,1.779,4
145821_at,BECKSTPREPU04HR,Development,W1118,Prepupae,1,1.6095,4
145822_at,BECKSTPREPU04HR,Development,W1118,Prepupae,1,1.5605,4
145823_at,BECKSTPREPU04HR,Development,W1118,Prepupae,0,1.0836,4
145824_at,BECKSTPREPU04HR,Development,W1118,Prepupae,1,1.2468,4
145825_at,BECKSTPREPU04HR,Development,W1118,Prepupae,0,0.9695,4
145826_at,BECKSTPREPU04HR,Development,W1118,Prepupae,0,1.0929,4
145827_at,BECKSTPREPU04HR,Development,W1118,Prepupae,-1,0.7418,4
145828_at,BECKSTPREPU04HR,Development,W1118,Prepupae,0,0.9182,4
145829_at,BECKSTPREPU04HR,Development,W1118,Prepupae,0,0.9507,4
145830_at,BECKSTPREPU04HR,Development,W1118,Prepupae,0,0.9693,4
145831_at,BECKSTPREPU04HR,Development,W1118,Prepupae,1,1.4657,4
145832_at,BECKSTPREPU04HR,Development,W1118,Prepupae,1,1.4232,4
145833_at,BECKSTPREPU04HR,Development,W1118,Prepupae,1,1.3854,4
145834_at,BECKSTPREPU04HR,Development,W1118,Prepupae,0,1.0381,4
145835_at,BECKSTPREPU04HR,Development,W1118,Prepupae,0,1.1227,4
145836_at,BECKSTPREPU04HR,Development,W1118,Prepupae,1,1.2178,4
145837_at,BECKSTPREPU04HR,Development,W1118,Prepupae,1,2.0008,4
145838_at,BECKSTPREPU04HR,Development,W1118,Prepupae,0,0.9592,4
145839_at,BECKSTPREPU04HR,Development,W1118,Prepupae,0,1.0587,4
145840_at,BECKSTPREPU04HR,Development,W1118,Prepupae,0,1.0648,4
145841_at,BECKSTPREPU04HR,Development,W1118,Prepupae,0,1.1129,4
145842_at,BECKSTPREPU04HR,Development,W1118,Prepupae,1,1.827,4
145843_at,BECKSTPREPU04HR,Development,W1118,Prepupae,1,1.2652,4
145844_at,BECKSTPREPU04HR,Development,W1118,Prepupae,0,1.098,4
145845_at,BECKSTPREPU04HR,Development,W1118,Prepupae,0,0.9593,4
145846_at,BECKSTPREPU04HR,Development,W1118,Prepupae,0,0.9832,4
145847_at,BECKSTPREPU04HR,Development,W1118,Prepupae,0,1.0657,4
145848_at,BECKSTPREPU04HR,Development,W1118,Prepupae,1,1.3217,4
145849_at,BECKSTPREPU04HR,Development,W1118,Prepupae,1,1.2237,4
145850_i_at,BECKSTPREPU04HR,Development,W1118,Prepupae,1,1.3004,4
145851_r_at,BECKSTPREPU04HR,Development,W1118,Prepupae,1,1.5172,4
145852_at,BECKSTPREPU04HR,Development,W1118,Prepupae,0,1.1381,4
145853_at,BECKSTPREPU04HR,Development,W1118,Prepupae,0,1.1146,4
145854_at,BECKSTPREPU04HR,Development,W1118,Prepupae,0,1.0222,4
145855_at,BECKSTPREPU04HR,Development,W1118,Prepupae,0,0.8535,4
145856_at,BECKSTPREPU04HR,Development,W1118,Prepupae,0,0.9928,4
145857_at,BECKSTPREPU04HR,Development,W1118,Prepupae,-1,0.7328,4
145858_at,BECKSTPREPU04HR,Development,W1118,Prepupae,1,1.3807,4
145859_at,BECKSTPREPU04HR,Development,W1118,Prepupae,1,1.6349,4
145860_at,BECKSTPREPU04HR,Development,W1118,Prepupae,0,0.9946,4
145861_at,BECKSTPREPU04HR,Development,W1118,Prepupae,0,1.0977,4
145862_at,BECKSTPREPU04HR,Development,W1118,Prepupae,0,0.9656,4
145863_at,BECKSTPREPU04HR,Development,W1118,Prepupae,1,1.2178,4
145864_at,BECKSTPREPU04HR,Development,W1118,Prepupae,0,1.1147,4
145865_at,BECKSTPREPU04HR,Development,W1118,Prepupae,1,1.4444,4
145866_at,BECKSTPREPU04HR,Development,W1118,Prepupae,1,1.5072,4
145867_at,BECKSTPREPU04HR,Development,W1118,Prepupae,0,1.0142,4
145868_at,BECKSTPREPU04HR,Development,W1118,Prepupae,0,1.109,4
145869_at,BECKSTPREPU04HR,Development,W1118,Prepupae,1,1.2447,4
145870_at,BECKSTPREPU04HR,Development,W1118,Prepupae,1,1.3967,4
145871_at,BECKSTPREPU04HR,Development,W1118,Prepupae,-1,0.7622,4
145872_at,BECKSTPREPU04HR,Development,W1118,Prepupae,0,0.873,4
145873_at,BECKSTPREPU04HR,Development,W1118,Prepupae,1,1.2814,4
145874_at,BECKSTPREPU04HR,Development,W1118,Prepupae,0,1.0006,4
145875_at,BECKSTPREPU04HR,Development,W1118,Prepupae,1,1.2454,4
145876_at,BECKSTPREPU04HR,Development,W1118,Prepupae,0,0.9274,4
145877_at,BECKSTPREPU04HR,Development,W1118,Prepupae,1,1.4309,4
145878_at,BECKSTPREPU04HR,Development,W1118,Prepupae,0,0.8705,4
145879_at,BECKSTPREPU04HR,Development,W1118,Prepupae,0,1.0215,4
145880_at,BECKSTPREPU04HR,Development,W1118,Prepupae,1,1.5635,4
145881_at,BECKSTPREPU04HR,Development,W1118,Prepupae,1,2.0098,4
145882_at,BECKSTPREPU04HR,Development,W1118,Prepupae,1,1.3175,4
145883_at,BECKSTPREPU04HR,Development,W1118,Prepupae,0,1.1139,4
145884_at,BECKSTPREPU04HR,Development,W1118,Prepupae,1,2.2869,4
145885_at,BECKSTPREPU04HR,Development,W1118,Prepupae,0,1.1363,4
145886_at,BECKSTPREPU04HR,Development,W1118,Prepupae,0,0.8649,4
145887_at,BECKSTPREPU04HR,Development,W1118,Prepupae,1,1.5753,4
145888_at,BECKSTPREPU04HR,Development,W1118,Prepupae,1,1.3686,4
145889_at,BECKSTPREPU04HR,Development,W1118,Prepupae,0,0.9878,4
145890_at,BECKSTPREPU04HR,Development,W1118,Prepupae,0,1.1346,4
145891_at,BECKSTPREPU04HR,Development,W1118,Prepupae,1,1.3505,4
145892_at,BECKSTPREPU04HR,Development,W1118,Prepupae,1,1.6211,4
145893_at,BECKSTPREPU04HR,Development,W1118,Prepupae,1,1.2935,4
145894_at,BECKSTPREPU04HR,Development,W1118,Prepupae,0,0.9159,4
145895_at,BECKSTPREPU04HR,Development,W1118,Prepupae,1,1.7693,4
145896_at,BECKSTPREPU04HR,Development,W1118,Prepupae,0,0.8285,4
145897_at,BECKSTPREPU04HR,Development,W1118,Prepupae,0,0.8765,4
145898_at,BECKSTPREPU04HR,Development,W1118,Prepupae,1,1.2163,4
145899_at,BECKSTPREPU04HR,Development,W1118,Prepupae,0,0.83,4
145900_at,BECKSTPREPU04HR,Development,W1118,Prepupae,0,1.0249,4
145901_at,BECKSTPREPU04HR,Development,W1118,Prepupae,1,1.4782,4
145902_at,BECKSTPREPU04HR,Development,W1118,Prepupae,0,0.8381,4
145903_at,BECKSTPREPU04HR,Development,W1118,Prepupae,1,1.7103,4
145904_at,BECKSTPREPU04HR,Development,W1118,Prepupae,0,0.8982,4
145905_at,BECKSTPREPU04HR,Development,W1118,Prepupae,0,1.1183,4
145906_at,BECKSTPREPU04HR,Development,W1118,Prepupae,0,1.0255,4
145907_at,BECKSTPREPU04HR,Development,W1118,Prepupae,0,1.0658,4
145908_at,BECKSTPREPU04HR,Development,W1118,Prepupae,0,1.0063,4
145909_at,BECKSTPREPU04HR,Development,W1118,Prepupae,0,0.9088,4
145910_at,BECKSTPREPU04HR,Development,W1118,Prepupae,0,1.0507,4
145911_at,BECKSTPREPU04HR,Development,W1118,Prepupae,1,1.5307,4
145912_at,BECKSTPREPU04HR,Development,W1118,Prepupae,0,0.8975,4
145913_at,BECKSTPREPU04HR,Development,W1118,Prepupae,0,0.9858,4
145914_at,BECKSTPREPU04HR,Development,W1118,Prepupae,1,1.6994,4
145915_at,BECKSTPREPU04HR,Development,W1118,Prepupae,0,0.8833,4
145916_at,BECKSTPREPU04HR,Development,W1118,Prepupae,1,1.3289,4
145917_at,BECKSTPREPU04HR,Development,W1118,Prepupae,1,1.4516,4
145918_at,BECKSTPREPU04HR,Development,W1118,Prepupae,1,1.3738,4
145919_at,BECKSTPREPU04HR,Development,W1118,Prepupae,0,0.8913,4
145920_at,BECKSTPREPU04HR,Development,W1118,Prepupae,1,1.4717,4
145921_at,BECKSTPREPU04HR,Development,W1118,Prepupae,1,1.3606,4
145922_at,BECKSTPREPU04HR,Development,W1118,Prepupae,1,1.9352,4
145923_at,BECKSTPREPU04HR,Development,W1118,Prepupae,1,1.4769,4
145924_at,BECKSTPREPU04HR,Development,W1118,Prepupae,0,1.142,4
145925_at,BECKSTPREPU04HR,Development,W1118,Prepupae,1,1.2251,4
145926_at,BECKSTPREPU04HR,Development,W1118,Prepupae,0,0.9747,4
145927_at,BECKSTPREPU04HR,Development,W1118,Prepupae,0,0.991,4
145928_at,BECKSTPREPU04HR,Development,W1118,Prepupae,0,0.976,4
145929_at,BECKSTPREPU04HR,Development,W1118,Prepupae,0,1.0749,4
145930_at,BECKSTPREPU04HR,Development,W1118,Prepupae,0,1.1237,4
145931_at,BECKSTPREPU04HR,Development,W1118,Prepupae,1,1.2536,4
145932_at,BECKSTPREPU04HR,Development,W1118,Prepupae,0,1.0375,4
145933_at,BECKSTPREPU04HR,Development,W1118,Prepupae,1,1.6598,4
145934_at,BECKSTPREPU04HR,Development,W1118,Prepupae,0,1.198,4
145935_at,BECKSTPREPU04HR,Development,W1118,Prepupae,0,1.0474,4
145936_at,BECKSTPREPU04HR,Development,W1118,Prepupae,0,0.9542,4
145937_at,BECKSTPREPU04HR,Development,W1118,Prepupae,1,2.1361,4
145938_at,BECKSTPREPU04HR,Development,W1118,Prepupae,1,1.3842,4
145939_at,BECKSTPREPU04HR,Development,W1118,Prepupae,0,1.089,4
145940_at,BECKSTPREPU04HR,Development,W1118,Prepupae,1,1.7256,4
145941_at,BECKSTPREPU04HR,Development,W1118,Prepupae,0,1.1059,4
145942_at,BECKSTPREPU04HR,Development,W1118,Prepupae,0,1.0395,4
145943_at,BECKSTPREPU04HR,Development,W1118,Prepupae,0,1.1599,4
145944_at,BECKSTPREPU04HR,Development,W1118,Prepupae,0,1.1259,4
145945_at,BECKSTPREPU04HR,Development,W1118,Prepupae,0,1.1311,4
145946_at,BECKSTPREPU04HR,Development,W1118,Prepupae,0,1.0283,4
145947_at,BECKSTPREPU04HR,Development,W1118,Prepupae,1,1.4497,4
145948_at,BECKSTPREPU04HR,Development,W1118,Prepupae,1,1.4011,4
145949_at,BECKSTPREPU04HR,Development,W1118,Prepupae,1,1.5316,4
145950_at,BECKSTPREPU04HR,Development,W1118,Prepupae,0,1.0998,4
145951_at,BECKSTPREPU04HR,Development,W1118,Prepupae,0,1.1887,4
145952_at,BECKSTPREPU04HR,Development,W1118,Prepupae,1,1.3482,4
145953_at,BECKSTPREPU04HR,Development,W1118,Prepupae,1,1.4358,4
145954_at,BECKSTPREPU04HR,Development,W1118,Prepupae,0,0.8032,4
145955_at,BECKSTPREPU04HR,Development,W1118,Prepupae,0,0.9446,4
145956_at,BECKSTPREPU04HR,Development,W1118,Prepupae,0,0.9251,4
145957_at,BECKSTPREPU04HR,Development,W1118,Prepupae,0,0.8647,4
145958_at,BECKSTPREPU04HR,Development,W1118,Prepupae,1,1.214,4
145959_at,BECKSTPREPU04HR,Development,W1118,Prepupae,0,1.1003,4
145960_at,BECKSTPREPU04HR,Development,W1118,Prepupae,0,1.015,4
145961_at,BECKSTPREPU04HR,Development,W1118,Prepupae,0,0.9856,4
145962_at,BECKSTPREPU04HR,Development,W1118,Prepupae,0,0.9758,4
145963_at,BECKSTPREPU04HR,Development,W1118,Prepupae,1,1.2294,4
145964_at,BECKSTPREPU04HR,Development,W1118,Prepupae,1,1.2825,4
145965_at,BECKSTPREPU04HR,Development,W1118,Prepupae,1,1.4856,4
145966_at,BECKSTPREPU04HR,Development,W1118,Prepupae,0,1.1277,4
145967_at,BECKSTPREPU04HR,Development,W1118,Prepupae,0,0.8308,4
145968_at,BECKSTPREPU04HR,Development,W1118,Prepupae,0,1.1873,4
145969_at,BECKSTPREPU04HR,Development,W1118,Prepupae,0,1.1357,4
145970_at,BECKSTPREPU04HR,Development,W1118,Prepupae,0,0.8311,4
145971_at,BECKSTPREPU04HR,Development,W1118,Prepupae,-1,0.5274,4
145972_at,BECKSTPREPU04HR,Development,W1118,Prepupae,0,0.8792,4
145973_at,BECKSTPREPU04HR,Development,W1118,Prepupae,1,1.3698,4
145974_at,BECKSTPREPU04HR,Development,W1118,Prepupae,1,2.5311,4
145975_at,BECKSTPREPU04HR,Development,W1118,Prepupae,0,1.0717,4
145976_s_at,BECKSTPREPU04HR,Development,W1118,Prepupae,0,0.8372,4
145977_at,BECKSTPREPU04HR,Development,W1118,Prepupae,-1,0.5402,4
145978_at,BECKSTPREPU04HR,Development,W1118,Prepupae,1,1.8911,4
145979_at,BECKSTPREPU04HR,Development,W1118,Prepupae,0,1.1344,4
145980_at,BECKSTPREPU04HR,Development,W1118,Prepupae,1,1.2454,4
145981_at,BECKSTPREPU04HR,Development,W1118,Prepupae,-1,0.675,4
145982_at,BECKSTPREPU04HR,Development,W1118,Prepupae,0,1.0278,4
145983_at,BECKSTPREPU04HR,Development,W1118,Prepupae,0,1.1244,4
145984_at,BECKSTPREPU04HR,Development,W1118,Prepupae,-1,0.7938,4
145985_at,BECKSTPREPU04HR,Development,W1118,Prepupae,1,1.2391,4
145986_at,BECKSTPREPU04HR,Development,W1118,Prepupae,0,0.9044,4
145987_at,BECKSTPREPU04HR,Development,W1118,Prepupae,1,1.339,4
145988_at,BECKSTPREPU04HR,Development,W1118,Prepupae,-1,0.7197,4
145989_at,BECKSTPREPU04HR,Development,W1118,Prepupae,0,1.1391,4
145990_at,BECKSTPREPU04HR,Development,W1118,Prepupae,1,1.2327,4
145991_at,BECKSTPREPU04HR,Development,W1118,Prepupae,-1,0.6576,4
145992_at,BECKSTPREPU04HR,Development,W1118,Prepupae,0,1.1823,4
145993_at,BECKSTPREPU04HR,Development,W1118,Prepupae,0,0.8644,4
145994_at,BECKSTPREPU04HR,Development,W1118,Prepupae,0,0.915,4
145995_at,BECKSTPREPU04HR,Development,W1118,Prepupae,0,1.1751,4
145996_at,BECKSTPREPU04HR,Development,W1118,Prepupae,0,0.9907,4
145997_at,BECKSTPREPU04HR,Development,W1118,Prepupae,0,1.0688,4
145998_at,BECKSTPREPU04HR,Development,W1118,Prepupae,0,0.8019,4
145999_at,BECKSTPREPU04HR,Development,W1118,Prepupae,0,0.9487,4
146000_at,BECKSTPREPU04HR,Development,W1118,Prepupae,0,0.9507,4
146001_at,BECKSTPREPU04HR,Development,W1118,Prepupae,1,1.2415,4
146002_at,BECKSTPREPU04HR,Development,W1118,Prepupae,0,1.0864,4
146003_at,BECKSTPREPU04HR,Development,W1118,Prepupae,-1,0.7122,4
146004_at,BECKSTPREPU04HR,Development,W1118,Prepupae,0,0.9541,4
146005_at,BECKSTPREPU04HR,Development,W1118,Prepupae,0,1.1587,4
146006_at,BECKSTPREPU04HR,Development,W1118,Prepupae,0,0.9433,4
146007_at,BECKSTPREPU04HR,Development,W1118,Prepupae,0,1.0886,4
146008_at,BECKSTPREPU04HR,Development,W1118,Prepupae,1,1.632,4
146009_at,BECKSTPREPU04HR,Development,W1118,Prepupae,0,0.8045,4
146010_at,BECKSTPREPU04HR,Development,W1118,Prepupae,0,0.9204,4
146011_at,BECKSTPREPU04HR,Development,W1118,Prepupae,-1,0.6842,4
146012_at,BECKSTPREPU04HR,Development,W1118,Prepupae,1,1.5336,4
146013_at,BECKSTPREPU04HR,Development,W1118,Prepupae,0,0.8263,4
146014_at,BECKSTPREPU04HR,Development,W1118,Prepupae,0,1.156,4
146015_at,BECKSTPREPU04HR,Development,W1118,Prepupae,0,1.1088,4
146016_at,BECKSTPREPU04HR,Development,W1118,Prepupae,0,1.1456,4
146017_at,BECKSTPREPU04HR,Development,W1118,Prepupae,1,1.5601,4
146018_at,BECKSTPREPU04HR,Development,W1118,Prepupae,1,1.8191,4
146019_at,BECKSTPREPU04HR,Development,W1118,Prepupae,1,1.612,4
146020_at,BECKSTPREPU04HR,Development,W1118,Prepupae,0,0.9412,4
146021_at,BECKSTPREPU04HR,Development,W1118,Prepupae,0,0.9589,4
146022_at,BECKSTPREPU04HR,Development,W1118,Prepupae,1,1.2426,4
146023_at,BECKSTPREPU04HR,Development,W1118,Prepupae,0,1.1035,4
146024_at,BECKSTPREPU04HR,Development,W1118,Prepupae,0,1.1917,4
146025_at,BECKSTPREPU04HR,Development,W1118,Prepupae,-1,0.6595,4
146026_at,BECKSTPREPU04HR,Development,W1118,Prepupae,0,0.9431,4
146027_at,BECKSTPREPU04HR,Development,W1118,Prepupae,1,1.2268,4
146028_at,BECKSTPREPU04HR,Development,W1118,Prepupae,0,0.9991,4
146029_at,BECKSTPREPU04HR,Development,W1118,Prepupae,-1,0.7846,4
146030_at,BECKSTPREPU04HR,Development,W1118,Prepupae,0,0.9848,4
146031_at,BECKSTPREPU04HR,Development,W1118,Prepupae,1,3.0157,4
146032_at,BECKSTPREPU04HR,Development,W1118,Prepupae,1,1.6584,4
146033_at,BECKSTPREPU04HR,Development,W1118,Prepupae,1,1.2817,4
146034_at,BECKSTPREPU04HR,Development,W1118,Prepupae,0,0.8817,4
146035_at,BECKSTPREPU04HR,Development,W1118,Prepupae,0,1.0575,4
146036_at,BECKSTPREPU04HR,Development,W1118,Prepupae,0,1.1231,4
146037_at,BECKSTPREPU04HR,Development,W1118,Prepupae,0,0.915,4
146038_at,BECKSTPREPU04HR,Development,W1118,Prepupae,1,1.4788,4
146039_at,BECKSTPREPU04HR,Development,W1118,Prepupae,0,0.9906,4
146040_at,BECKSTPREPU04HR,Development,W1118,Prepupae,1,1.2433,4
146041_at,BECKSTPREPU04HR,Development,W1118,Prepupae,0,0.9127,4
146042_at,BECKSTPREPU04HR,Development,W1118,Prepupae,0,1.1711,4
146043_at,BECKSTPREPU04HR,Development,W1118,Prepupae,0,1.1748,4
146044_at,BECKSTPREPU04HR,Development,W1118,Prepupae,0,1.1634,4
146045_at,BECKSTPREPU04HR,Development,W1118,Prepupae,0,0.9921,4
146046_at,BECKSTPREPU04HR,Development,W1118,Prepupae,-1,0.6836,4
146047_at,BECKSTPREPU04HR,Development,W1118,Prepupae,0,1.0847,4
146048_at,BECKSTPREPU04HR,Development,W1118,Prepupae,1,1.2051,4
146049_at,BECKSTPREPU04HR,Development,W1118,Prepupae,1,2.1502,4
146050_at,BECKSTPREPU04HR,Development,W1118,Prepupae,1,2.6977,4
146051_at,BECKSTPREPU04HR,Development,W1118,Prepupae,0,1.0443,4
146052_at,BECKSTPREPU04HR,Development,W1118,Prepupae,1,1.3027,4
146053_at,BECKSTPREPU04HR,Development,W1118,Prepupae,0,0.8717,4
146054_at,BECKSTPREPU04HR,Development,W1118,Prepupae,1,1.8416,4
146055_at,BECKSTPREPU04HR,Development,W1118,Prepupae,1,1.728,4
146056_at,BECKSTPREPU04HR,Development,W1118,Prepupae,1,2.1577,4
146057_at,BECKSTPREPU04HR,Development,W1118,Prepupae,1,1.7501,4
146058_at,BECKSTPREPU04HR,Development,W1118,Prepupae,0,0.9814,4
146059_at,BECKSTPREPU04HR,Development,W1118,Prepupae,1,1.37,4
146060_at,BECKSTPREPU04HR,Development,W1118,Prepupae,0,0.9236,4
146061_at,BECKSTPREPU04HR,Development,W1118,Prepupae,0,0.918,4
146062_at,BECKSTPREPU04HR,Development,W1118,Prepupae,1,1.2519,4
146063_at,BECKSTPREPU04HR,Development,W1118,Prepupae,1,1.7154,4
146064_at,BECKSTPREPU04HR,Development,W1118,Prepupae,1,1.4123,4
146065_at,BECKSTPREPU04HR,Development,W1118,Prepupae,0,1.1191,4
146066_at,BECKSTPREPU04HR,Development,W1118,Prepupae,0,1.0754,4
146067_at,BECKSTPREPU04HR,Development,W1118,Prepupae,0,1.1771,4
146068_at,BECKSTPREPU04HR,Development,W1118,Prepupae,1,1.5165,4
146069_at,BECKSTPREPU04HR,Development,W1118,Prepupae,1,1.3008,4
146070_at,BECKSTPREPU04HR,Development,W1118,Prepupae,1,1.5413,4
146071_at,BECKSTPREPU04HR,Development,W1118,Prepupae,-1,0.6676,4
146072_at,BECKSTPREPU04HR,Development,W1118,Prepupae,1,1.5268,4
146073_at,BECKSTPREPU04HR,Development,W1118,Prepupae,-1,0.7151,4
146074_at,BECKSTPREPU04HR,Development,W1118,Prepupae,0,0.9302,4
146075_at,BECKSTPREPU04HR,Development,W1118,Prepupae,0,1.1453,4
146076_at,BECKSTPREPU04HR,Development,W1118,Prepupae,1,1.2485,4
146077_at,BECKSTPREPU04HR,Development,W1118,Prepupae,0,0.9587,4
146078_at,BECKSTPREPU04HR,Development,W1118,Prepupae,0,0.8777,4
146079_at,BECKSTPREPU04HR,Development,W1118,Prepupae,1,1.7365,4
146080_at,BECKSTPREPU04HR,Development,W1118,Prepupae,1,1.6312,4
146081_at,BECKSTPREPU04HR,Development,W1118,Prepupae,0,0.9659,4
146082_at,BECKSTPREPU04HR,Development,W1118,Prepupae,0,1.0273,4
146083_at,BECKSTPREPU04HR,Development,W1118,Prepupae,0,1.0871,4
146084_at,BECKSTPREPU04HR,Development,W1118,Prepupae,0,0.9876,4
146085_at,BECKSTPREPU04HR,Development,W1118,Prepupae,0,0.9434,4
146086_at,BECKSTPREPU04HR,Development,W1118,Prepupae,0,1.0464,4
146087_at,BECKSTPREPU04HR,Development,W1118,Prepupae,0,0.8044,4
146088_at,BECKSTPREPU04HR,Development,W1118,Prepupae,0,1.165,4
146089_at,BECKSTPREPU04HR,Development,W1118,Prepupae,1,1.3612,4
146090_at,BECKSTPREPU04HR,Development,W1118,Prepupae,1,1.6444,4
146091_at,BECKSTPREPU04HR,Development,W1118,Prepupae,1,1.5284,4
146092_at,BECKSTPREPU04HR,Development,W1118,Prepupae,0,1.1058,4
146093_at,BECKSTPREPU04HR,Development,W1118,Prepupae,1,1.3932,4
146094_at,BECKSTPREPU04HR,Development,W1118,Prepupae,1,1.4885,4
146095_at,BECKSTPREPU04HR,Development,W1118,Prepupae,1,1.3646,4
146096_at,BECKSTPREPU04HR,Development,W1118,Prepupae,0,0.8795,4
146097_at,BECKSTPREPU04HR,Development,W1118,Prepupae,1,1.4374,4
146098_at,BECKSTPREPU04HR,Development,W1118,Prepupae,0,1.1,4
146099_at,BECKSTPREPU04HR,Development,W1118,Prepupae,0,1.0953,4
146100_at,BECKSTPREPU04HR,Development,W1118,Prepupae,-1,0.7501,4
146101_at,BECKSTPREPU04HR,Development,W1118,Prepupae,1,1.6438,4
146102_at,BECKSTPREPU04HR,Development,W1118,Prepupae,0,1.1328,4
146103_at,BECKSTPREPU04HR,Development,W1118,Prepupae,1,2.8857,4
146104_at,BECKSTPREPU04HR,Development,W1118,Prepupae,1,1.5192,4
146105_at,BECKSTPREPU04HR,Development,W1118,Prepupae,1,1.3277,4
146106_at,BECKSTPREPU04HR,Development,W1118,Prepupae,-1,0.6068,4
146107_at,BECKSTPREPU04HR,Development,W1118,Prepupae,1,1.458,4
146108_at,BECKSTPREPU04HR,Development,W1118,Prepupae,0,0.9244,4
146109_at,BECKSTPREPU04HR,Development,W1118,Prepupae,1,1.3892,4
146110_at,BECKSTPREPU04HR,Development,W1118,Prepupae,1,1.4488,4
146111_at,BECKSTPREPU04HR,Development,W1118,Prepupae,1,1.3694,4
146112_at,BECKSTPREPU04HR,Development,W1118,Prepupae,0,0.9796,4
146113_at,BECKSTPREPU04HR,Development,W1118,Prepupae,0,1.1731,4
146114_at,BECKSTPREPU04HR,Development,W1118,Prepupae,0,0.9003,4
146115_at,BECKSTPREPU04HR,Development,W1118,Prepupae,0,1.1772,4
146116_at,BECKSTPREPU04HR,Development,W1118,Prepupae,1,1.4865,4
146117_at,BECKSTPREPU04HR,Development,W1118,Prepupae,1,1.586,4
146118_at,BECKSTPREPU04HR,Development,W1118,Prepupae,1,1.2482,4
146119_at,BECKSTPREPU04HR,Development,W1118,Prepupae,0,1.1247,4
146120_at,BECKSTPREPU04HR,Development,W1118,Prepupae,1,1.3262,4
146121_at,BECKSTPREPU04HR,Development,W1118,Prepupae,0,0.8973,4
146122_at,BECKSTPREPU04HR,Development,W1118,Prepupae,0,1.0863,4
146123_at,BECKSTPREPU04HR,Development,W1118,Prepupae,1,1.2598,4
146124_at,BECKSTPREPU04HR,Development,W1118,Prepupae,0,1.1359,4
146125_at,BECKSTPREPU04HR,Development,W1118,Prepupae,0,0.9352,4
146126_at,BECKSTPREPU04HR,Development,W1118,Prepupae,1,1.4306,4
146127_at,BECKSTPREPU04HR,Development,W1118,Prepupae,0,1.0915,4
146128_at,BECKSTPREPU04HR,Development,W1118,Prepupae,0,1.0304,4
146129_at,BECKSTPREPU04HR,Development,W1118,Prepupae,-1,0.5856,4
146130_at,BECKSTPREPU04HR,Development,W1118,Prepupae,0,0.855,4
146131_at,BECKSTPREPU04HR,Development,W1118,Prepupae,1,1.5483,4
146132_at,BECKSTPREPU04HR,Development,W1118,Prepupae,0,0.9408,4
146133_at,BECKSTPREPU04HR,Development,W1118,Prepupae,-1,0.7298,4
146134_at,BECKSTPREPU04HR,Development,W1118,Prepupae,-1,0.641,4
146135_at,BECKSTPREPU04HR,Development,W1118,Prepupae,0,1.0302,4
146136_at,BECKSTPREPU04HR,Development,W1118,Prepupae,0,0.8804,4
146137_at,BECKSTPREPU04HR,Development,W1118,Prepupae,-1,0.5297,4
146138_at,BECKSTPREPU04HR,Development,W1118,Prepupae,0,0.9334,4
146139_at,BECKSTPREPU04HR,Development,W1118,Prepupae,0,0.9093,4
146140_at,BECKSTPREPU04HR,Development,W1118,Prepupae,0,0.919,4
146141_at,BECKSTPREPU04HR,Development,W1118,Prepupae,1,1.6795,4
146142_at,BECKSTPREPU04HR,Development,W1118,Prepupae,0,0.8595,4
146143_at,BECKSTPREPU04HR,Development,W1118,Prepupae,0,1.0775,4
146144_at,BECKSTPREPU04HR,Development,W1118,Prepupae,1,1.2906,4
146145_at,BECKSTPREPU04HR,Development,W1118,Prepupae,0,1.1247,4
146146_at,BECKSTPREPU04HR,Development,W1118,Prepupae,1,2.0228,4
146147_at,BECKSTPREPU04HR,Development,W1118,Prepupae,-1,0.6762,4
146148_at,BECKSTPREPU04HR,Development,W1118,Prepupae,-1,0.7809,4
146149_at,BECKSTPREPU04HR,Development,W1118,Prepupae,0,0.8402,4
146150_at,BECKSTPREPU04HR,Development,W1118,Prepupae,1,1.406,4
146151_at,BECKSTPREPU04HR,Development,W1118,Prepupae,0,0.9851,4
146152_at,BECKSTPREPU04HR,Development,W1118,Prepupae,-1,0.3775,4
146153_at,BECKSTPREPU04HR,Development,W1118,Prepupae,0,0.8667,4
146154_at,BECKSTPREPU04HR,Development,W1118,Prepupae,-1,0.7253,4
146155_at,BECKSTPREPU04HR,Development,W1118,Prepupae,1,3.1141,4
146156_at,BECKSTPREPU04HR,Development,W1118,Prepupae,0,1.0773,4
146157_at,BECKSTPREPU04HR,Development,W1118,Prepupae,0,1.1357,4
146158_at,BECKSTPREPU04HR,Development,W1118,Prepupae,-1,0.7832,4
146159_at,BECKSTPREPU04HR,Development,W1118,Prepupae,-1,0.7244,4
146160_at,BECKSTPREPU04HR,Development,W1118,Prepupae,0,0.987,4
146161_at,BECKSTPREPU04HR,Development,W1118,Prepupae,0,1.0426,4
146162_at,BECKSTPREPU04HR,Development,W1118,Prepupae,-1,0.6924,4
146163_at,BECKSTPREPU04HR,Development,W1118,Prepupae,1,1.2112,4
146164_at,BECKSTPREPU04HR,Development,W1118,Prepupae,1,1.3348,4
146165_at,BECKSTPREPU04HR,Development,W1118,Prepupae,0,1.0104,4
146166_at,BECKSTPREPU04HR,Development,W1118,Prepupae,1,1.2559,4
146167_at,BECKSTPREPU04HR,Development,W1118,Prepupae,1,1.3401,4
146168_at,BECKSTPREPU04HR,Development,W1118,Prepupae,1,1.2431,4
146169_at,BECKSTPREPU04HR,Development,W1118,Prepupae,1,1.2071,4
146170_at,BECKSTPREPU04HR,Development,W1118,Prepupae,1,1.268,4
146171_at,BECKSTPREPU04HR,Development,W1118,Prepupae,1,1.2741,4
146172_at,BECKSTPREPU04HR,Development,W1118,Prepupae,0,1.1246,4
146173_at,BECKSTPREPU04HR,Development,W1118,Prepupae,1,1.2536,4
146174_s_at,BECKSTPREPU04HR,Development,W1118,Prepupae,1,1.602,4
146175_at,BECKSTPREPU04HR,Development,W1118,Prepupae,0,0.8117,4
146176_at,BECKSTPREPU04HR,Development,W1118,Prepupae,1,1.271,4
146177_at,BECKSTPREPU04HR,Development,W1118,Prepupae,0,1.0297,4
146178_at,BECKSTPREPU04HR,Development,W1118,Prepupae,1,1.5097,4
146179_at,BECKSTPREPU04HR,Development,W1118,Prepupae,1,2.5833,4
146180_at,BECKSTPREPU04HR,Development,W1118,Prepupae,1,3.2271,4
146181_at,BECKSTPREPU04HR,Development,W1118,Prepupae,1,1.3134,4
146182_at,BECKSTPREPU04HR,Development,W1118,Prepupae,0,0.9932,4
146183_at,BECKSTPREPU04HR,Development,W1118,Prepupae,1,1.5124,4
146184_at,BECKSTPREPU04HR,Development,W1118,Prepupae,0,0.9653,4
146185_at,BECKSTPREPU04HR,Development,W1118,Prepupae,1,1.6948,4
146186_at,BECKSTPREPU04HR,Development,W1118,Prepupae,0,1.1258,4
146187_at,BECKSTPREPU04HR,Development,W1118,Prepupae,0,0.9556,4
146188_at,BECKSTPREPU04HR,Development,W1118,Prepupae,0,1.0567,4
146189_at,BECKSTPREPU04HR,Development,W1118,Prepupae,1,1.3769,4
146190_at,BECKSTPREPU04HR,Development,W1118,Prepupae,-1,0.7216,4
146191_at,BECKSTPREPU04HR,Development,W1118,Prepupae,0,0.8687,4
146192_at,BECKSTPREPU04HR,Development,W1118,Prepupae,1,1.7663,4
146193_at,BECKSTPREPU04HR,Development,W1118,Prepupae,1,1.2041,4
146194_at,BECKSTPREPU04HR,Development,W1118,Prepupae,0,1.0032,4
146195_at,BECKSTPREPU04HR,Development,W1118,Prepupae,0,1.0427,4
146196_at,BECKSTPREPU04HR,Development,W1118,Prepupae,1,1.6702,4
146197_at,BECKSTPREPU04HR,Development,W1118,Prepupae,1,1.6156,4
146198_at,BECKSTPREPU04HR,Development,W1118,Prepupae,0,1.1731,4
146199_at,BECKSTPREPU04HR,Development,W1118,Prepupae,0,1.0103,4
146200_at,BECKSTPREPU04HR,Development,W1118,Prepupae,0,1.0068,4
146201_at,BECKSTPREPU04HR,Development,W1118,Prepupae,1,1.3983,4
146202_at,BECKSTPREPU04HR,Development,W1118,Prepupae,0,0.8424,4
146203_at,BECKSTPREPU04HR,Development,W1118,Prepupae,0,1.116,4
146204_at,BECKSTPREPU04HR,Development,W1118,Prepupae,0,0.8997,4
146205_at,BECKSTPREPU04HR,Development,W1118,Prepupae,0,0.8887,4
146206_at,BECKSTPREPU04HR,Development,W1118,Prepupae,0,1.0902,4
146207_at,BECKSTPREPU04HR,Development,W1118,Prepupae,1,1.4712,4
146208_at,BECKSTPREPU04HR,Development,W1118,Prepupae,0,1.149,4
146209_at,BECKSTPREPU04HR,Development,W1118,Prepupae,0,1.0127,4
146210_at,BECKSTPREPU04HR,Development,W1118,Prepupae,1,1.5168,4
146211_at,BECKSTPREPU04HR,Development,W1118,Prepupae,0,0.9061,4
146212_at,BECKSTPREPU04HR,Development,W1118,Prepupae,0,0.9406,4
146213_at,BECKSTPREPU04HR,Development,W1118,Prepupae,1,1.218,4
146214_at,BECKSTPREPU04HR,Development,W1118,Prepupae,0,1.0879,4
146215_at,BECKSTPREPU04HR,Development,W1118,Prepupae,0,0.9746,4
146216_at,BECKSTPREPU04HR,Development,W1118,Prepupae,0,0.8435,4
146217_at,BECKSTPREPU04HR,Development,W1118,Prepupae,0,1.18,4
146218_at,BECKSTPREPU04HR,Development,W1118,Prepupae,1,1.2872,4
146219_at,BECKSTPREPU04HR,Development,W1118,Prepupae,0,1.174,4
146220_at,BECKSTPREPU04HR,Development,W1118,Prepupae,1,1.5981,4
146221_at,BECKSTPREPU04HR,Development,W1118,Prepupae,1,1.6466,4
146222_at,BECKSTPREPU04HR,Development,W1118,Prepupae,0,1.0027,4
146223_at,BECKSTPREPU04HR,Development,W1118,Prepupae,1,1.8834,4
146224_at,BECKSTPREPU04HR,Development,W1118,Prepupae,0,1.1224,4
146225_at,BECKSTPREPU04HR,Development,W1118,Prepupae,1,1.8895,4
146226_at,BECKSTPREPU04HR,Development,W1118,Prepupae,0,0.9641,4
146227_at,BECKSTPREPU04HR,Development,W1118,Prepupae,1,1.3014,4
146228_at,BECKSTPREPU04HR,Development,W1118,Prepupae,0,1.0298,4
146229_at,BECKSTPREPU04HR,Development,W1118,Prepupae,1,1.2219,4
146230_at,BECKSTPREPU04HR,Development,W1118,Prepupae,1,1.3399,4
146231_at,BECKSTPREPU04HR,Development,W1118,Prepupae,0,1.1108,4
146232_at,BECKSTPREPU04HR,Development,W1118,Prepupae,1,1.2078,4
146233_at,BECKSTPREPU04HR,Development,W1118,Prepupae,1,1.3101,4
146234_at,BECKSTPREPU04HR,Development,W1118,Prepupae,1,1.4799,4
146235_at,BECKSTPREPU04HR,Development,W1118,Prepupae,1,1.2244,4
146236_at,BECKSTPREPU04HR,Development,W1118,Prepupae,0,0.8787,4
146237_at,BECKSTPREPU04HR,Development,W1118,Prepupae,-1,0.7959,4
146238_at,BECKSTPREPU04HR,Development,W1118,Prepupae,-1,0.6655,4
146239_at,BECKSTPREPU04HR,Development,W1118,Prepupae,0,0.9741,4
146240_at,BECKSTPREPU04HR,Development,W1118,Prepupae,0,0.919,4
146241_at,BECKSTPREPU04HR,Development,W1118,Prepupae,0,0.9118,4
146242_at,BECKSTPREPU04HR,Development,W1118,Prepupae,0,1.1732,4
146243_at,BECKSTPREPU04HR,Development,W1118,Prepupae,0,0.8077,4
146244_at,BECKSTPREPU04HR,Development,W1118,Prepupae,1,1.2346,4
146245_at,BECKSTPREPU04HR,Development,W1118,Prepupae,1,1.3547,4
146246_at,BECKSTPREPU04HR,Development,W1118,Prepupae,1,1.6222,4
146247_at,BECKSTPREPU04HR,Development,W1118,Prepupae,0,0.9355,4
146248_at,BECKSTPREPU04HR,Development,W1118,Prepupae,1,1.3311,4
146249_at,BECKSTPREPU04HR,Development,W1118,Prepupae,1,1.2841,4
146250_at,BECKSTPREPU04HR,Development,W1118,Prepupae,0,1.0587,4
146251_at,BECKSTPREPU04HR,Development,W1118,Prepupae,1,1.5857,4
146252_at,BECKSTPREPU04HR,Development,W1118,Prepupae,0,0.9721,4
146253_at,BECKSTPREPU04HR,Development,W1118,Prepupae,1,1.2087,4
146254_at,BECKSTPREPU04HR,Development,W1118,Prepupae,1,1.269,4
146255_at,BECKSTPREPU04HR,Development,W1118,Prepupae,1,1.2531,4
146256_at,BECKSTPREPU04HR,Development,W1118,Prepupae,1,1.4387,4
146257_at,BECKSTPREPU04HR,Development,W1118,Prepupae,1,1.238,4
146258_at,BECKSTPREPU04HR,Development,W1118,Prepupae,1,1.3159,4
146259_at,BECKSTPREPU04HR,Development,W1118,Prepupae,0,1.0286,4
146260_at,BECKSTPREPU04HR,Development,W1118,Prepupae,0,0.9406,4
146261_at,BECKSTPREPU04HR,Development,W1118,Prepupae,1,1.6121,4
146262_at,BECKSTPREPU04HR,Development,W1118,Prepupae,0,1.1323,4
146263_at,BECKSTPREPU04HR,Development,W1118,Prepupae,0,0.9938,4
146264_s_at,BECKSTPREPU04HR,Development,W1118,Prepupae,0,0.9972,4
146265_at,BECKSTPREPU04HR,Development,W1118,Prepupae,-1,0.7411,4
146266_at,BECKSTPREPU04HR,Development,W1118,Prepupae,1,1.4078,4
146267_at,BECKSTPREPU04HR,Development,W1118,Prepupae,0,0.9378,4
146268_at,BECKSTPREPU04HR,Development,W1118,Prepupae,-1,0.4225,4
146269_at,BECKSTPREPU04HR,Development,W1118,Prepupae,-1,0.6128,4
146270_at,BECKSTPREPU04HR,Development,W1118,Prepupae,1,1.3363,4
146271_at,BECKSTPREPU04HR,Development,W1118,Prepupae,-1,0.6428,4
146272_at,BECKSTPREPU04HR,Development,W1118,Prepupae,1,1.291,4
146273_at,BECKSTPREPU04HR,Development,W1118,Prepupae,1,1.6381,4
146274_at,BECKSTPREPU04HR,Development,W1118,Prepupae,1,1.2527,4
146275_at,BECKSTPREPU04HR,Development,W1118,Prepupae,0,1.0038,4
146276_at,BECKSTPREPU04HR,Development,W1118,Prepupae,0,1.1382,4
146277_at,BECKSTPREPU04HR,Development,W1118,Prepupae,1,1.3141,4
146278_at,BECKSTPREPU04HR,Development,W1118,Prepupae,1,1.2014,4
146279_at,BECKSTPREPU04HR,Development,W1118,Prepupae,0,0.9747,4
146280_at,BECKSTPREPU04HR,Development,W1118,Prepupae,0,0.8076,4
146281_at,BECKSTPREPU04HR,Development,W1118,Prepupae,-1,0.6824,4
146282_at,BECKSTPREPU04HR,Development,W1118,Prepupae,1,1.392,4
146283_at,BECKSTPREPU04HR,Development,W1118,Prepupae,0,1.0733,4
146284_at,BECKSTPREPU04HR,Development,W1118,Prepupae,1,1.5629,4
146285_at,BECKSTPREPU04HR,Development,W1118,Prepupae,-1,0.7679,4
146286_at,BECKSTPREPU04HR,Development,W1118,Prepupae,-1,0.6067,4
146287_at,BECKSTPREPU04HR,Development,W1118,Prepupae,1,1.4089,4
146288_at,BECKSTPREPU04HR,Development,W1118,Prepupae,0,1.0483,4
146289_at,BECKSTPREPU04HR,Development,W1118,Prepupae,1,1.5022,4
146290_at,BECKSTPREPU04HR,Development,W1118,Prepupae,1,1.3737,4
146291_at,BECKSTPREPU04HR,Development,W1118,Prepupae,0,1.0657,4
146292_at,BECKSTPREPU04HR,Development,W1118,Prepupae,0,0.8899,4
146293_at,BECKSTPREPU04HR,Development,W1118,Prepupae,0,0.9144,4
146294_at,BECKSTPREPU04HR,Development,W1118,Prepupae,0,0.8581,4
146295_at,BECKSTPREPU04HR,Development,W1118,Prepupae,1,1.332,4
146296_at,BECKSTPREPU04HR,Development,W1118,Prepupae,0,0.9847,4
146297_at,BECKSTPREPU04HR,Development,W1118,Prepupae,1,1.2189,4
146298_at,BECKSTPREPU04HR,Development,W1118,Prepupae,1,1.3541,4
146299_at,BECKSTPREPU04HR,Development,W1118,Prepupae,1,1.8886,4
146300_at,BECKSTPREPU04HR,Development,W1118,Prepupae,1,1.2188,4
146301_at,BECKSTPREPU04HR,Development,W1118,Prepupae,1,1.8388,4
146302_at,BECKSTPREPU04HR,Development,W1118,Prepupae,0,1.0974,4
146303_at,BECKSTPREPU04HR,Development,W1118,Prepupae,1,1.6026,4
146304_at,BECKSTPREPU04HR,Development,W1118,Prepupae,0,1.0369,4
146305_at,BECKSTPREPU04HR,Development,W1118,Prepupae,0,1.1829,4
146306_at,BECKSTPREPU04HR,Development,W1118,Prepupae,0,1.0631,4
146307_at,BECKSTPREPU04HR,Development,W1118,Prepupae,-1,0.7399,4
146308_at,BECKSTPREPU04HR,Development,W1118,Prepupae,1,1.2786,4
146309_at,BECKSTPREPU04HR,Development,W1118,Prepupae,0,0.8783,4
146310_at,BECKSTPREPU04HR,Development,W1118,Prepupae,0,1.1551,4
146311_at,BECKSTPREPU04HR,Development,W1118,Prepupae,-1,0.7993,4
146312_at,BECKSTPREPU04HR,Development,W1118,Prepupae,0,1.173,4
146313_at,BECKSTPREPU04HR,Development,W1118,Prepupae,0,0.9097,4
146314_at,BECKSTPREPU04HR,Development,W1118,Prepupae,0,1.1426,4
146315_at,BECKSTPREPU04HR,Development,W1118,Prepupae,-1,0.7011,4
146316_at,BECKSTPREPU04HR,Development,W1118,Prepupae,0,1.0411,4
146317_at,BECKSTPREPU04HR,Development,W1118,Prepupae,0,1.139,4
146318_at,BECKSTPREPU04HR,Development,W1118,Prepupae,1,1.3902,4
146319_at,BECKSTPREPU04HR,Development,W1118,Prepupae,1,2.2443,4
146320_at,BECKSTPREPU04HR,Development,W1118,Prepupae,1,1.4234,4
146321_at,BECKSTPREPU04HR,Development,W1118,Prepupae,1,1.2066,4
146322_at,BECKSTPREPU04HR,Development,W1118,Prepupae,1,1.7925,4
146323_at,BECKSTPREPU04HR,Development,W1118,Prepupae,1,2.6602,4
146324_at,BECKSTPREPU04HR,Development,W1118,Prepupae,0,1.0232,4
146325_at,BECKSTPREPU04HR,Development,W1118,Prepupae,1,1.4768,4
146326_at,BECKSTPREPU04HR,Development,W1118,Prepupae,1,2.013,4
146327_at,BECKSTPREPU04HR,Development,W1118,Prepupae,0,1.0167,4
146328_at,BECKSTPREPU04HR,Development,W1118,Prepupae,0,0.9241,4
146329_at,BECKSTPREPU04HR,Development,W1118,Prepupae,1,1.3116,4
146330_at,BECKSTPREPU04HR,Development,W1118,Prepupae,1,1.5792,4
146331_at,BECKSTPREPU04HR,Development,W1118,Prepupae,-1,0.7868,4
146332_at,BECKSTPREPU04HR,Development,W1118,Prepupae,0,1.1649,4
146333_at,BECKSTPREPU04HR,Development,W1118,Prepupae,0,0.9559,4
146334_at,BECKSTPREPU04HR,Development,W1118,Prepupae,1,1.7458,4
146335_at,BECKSTPREPU04HR,Development,W1118,Prepupae,-1,0.7629,4
146336_at,BECKSTPREPU04HR,Development,W1118,Prepupae,0,0.9508,4
146337_at,BECKSTPREPU04HR,Development,W1118,Prepupae,1,1.3447,4
146338_at,BECKSTPREPU04HR,Development,W1118,Prepupae,1,1.2412,4
146339_at,BECKSTPREPU04HR,Development,W1118,Prepupae,0,0.9433,4
146340_at,BECKSTPREPU04HR,Development,W1118,Prepupae,0,1.1126,4
146341_at,BECKSTPREPU04HR,Development,W1118,Prepupae,0,0.9482,4
146342_at,BECKSTPREPU04HR,Development,W1118,Prepupae,1,1.4579,4
146343_at,BECKSTPREPU04HR,Development,W1118,Prepupae,0,0.961,4
146344_at,BECKSTPREPU04HR,Development,W1118,Prepupae,0,0.9439,4
146345_at,BECKSTPREPU04HR,Development,W1118,Prepupae,-1,0.7586,4
146346_at,BECKSTPREPU04HR,Development,W1118,Prepupae,1,1.3309,4
146347_at,BECKSTPREPU04HR,Development,W1118,Prepupae,0,0.9499,4
146348_at,BECKSTPREPU04HR,Development,W1118,Prepupae,0,0.9801,4
146349_at,BECKSTPREPU04HR,Development,W1118,Prepupae,1,2.0043,4
146350_s_at,BECKSTPREPU04HR,Development,W1118,Prepupae,1,1.4087,4
146351_i_at,BECKSTPREPU04HR,Development,W1118,Prepupae,1,1.3246,4
146352_r_at,BECKSTPREPU04HR,Development,W1118,Prepupae,1,1.2841,4
146353_at,BECKSTPREPU04HR,Development,W1118,Prepupae,1,1.946,4
146354_at,BECKSTPREPU04HR,Development,W1118,Prepupae,0,0.8496,4
146355_at,BECKSTPREPU04HR,Development,W1118,Prepupae,0,1.1369,4
146356_at,BECKSTPREPU04HR,Development,W1118,Prepupae,0,0.9927,4
146357_at,BECKSTPREPU04HR,Development,W1118,Prepupae,1,1.237,4
146358_at,BECKSTPREPU04HR,Development,W1118,Prepupae,1,1.512,4
146359_at,BECKSTPREPU04HR,Development,W1118,Prepupae,1,1.6249,4
146360_at,BECKSTPREPU04HR,Development,W1118,Prepupae,1,1.3768,4
146361_at,BECKSTPREPU04HR,Development,W1118,Prepupae,-1,0.7066,4
146362_at,BECKSTPREPU04HR,Development,W1118,Prepupae,0,0.9387,4
146363_at,BECKSTPREPU04HR,Development,W1118,Prepupae,0,1.1828,4
146364_at,BECKSTPREPU04HR,Development,W1118,Prepupae,0,1.0591,4
146365_at,BECKSTPREPU04HR,Development,W1118,Prepupae,0,0.9037,4
146366_at,BECKSTPREPU04HR,Development,W1118,Prepupae,1,1.2159,4
146367_at,BECKSTPREPU04HR,Development,W1118,Prepupae,0,0.9477,4
146368_at,BECKSTPREPU04HR,Development,W1118,Prepupae,1,1.2784,4
146369_at,BECKSTPREPU04HR,Development,W1118,Prepupae,1,1.3684,4
146370_at,BECKSTPREPU04HR,Development,W1118,Prepupae,1,1.429,4
146371_at,BECKSTPREPU04HR,Development,W1118,Prepupae,-1,0.7659,4
146372_at,BECKSTPREPU04HR,Development,W1118,Prepupae,0,0.8925,4
146373_at,BECKSTPREPU04HR,Development,W1118,Prepupae,1,1.9708,4
146374_at,BECKSTPREPU04HR,Development,W1118,Prepupae,-1,0.6669,4
146375_at,BECKSTPREPU04HR,Development,W1118,Prepupae,0,0.8755,4
146376_at,BECKSTPREPU04HR,Development,W1118,Prepupae,0,1.1337,4
146377_at,BECKSTPREPU04HR,Development,W1118,Prepupae,1,1.7411,4
146378_at,BECKSTPREPU04HR,Development,W1118,Prepupae,1,2.1145,4
146379_at,BECKSTPREPU04HR,Development,W1118,Prepupae,0,1.0025,4
146380_at,BECKSTPREPU04HR,Development,W1118,Prepupae,0,1.0469,4
146381_at,BECKSTPREPU04HR,Development,W1118,Prepupae,-1,0.7698,4
146382_at,BECKSTPREPU04HR,Development,W1118,Prepupae,0,1.0464,4
146383_at,BECKSTPREPU04HR,Development,W1118,Prepupae,0,1.1619,4
146384_at,BECKSTPREPU04HR,Development,W1118,Prepupae,1,1.2094,4
146385_at,BECKSTPREPU04HR,Development,W1118,Prepupae,1,1.6999,4
146386_at,BECKSTPREPU04HR,Development,W1118,Prepupae,0,1.0869,4
146387_at,BECKSTPREPU04HR,Development,W1118,Prepupae,0,1.0768,4
146388_at,BECKSTPREPU04HR,Development,W1118,Prepupae,1,1.263,4
146389_at,BECKSTPREPU04HR,Development,W1118,Prepupae,1,1.3256,4
146390_at,BECKSTPREPU04HR,Development,W1118,Prepupae,0,0.8562,4
146391_at,BECKSTPREPU04HR,Development,W1118,Prepupae,0,0.8573,4
146392_at,BECKSTPREPU04HR,Development,W1118,Prepupae,1,1.2961,4
146393_at,BECKSTPREPU04HR,Development,W1118,Prepupae,0,1.1211,4
146394_at,BECKSTPREPU04HR,Development,W1118,Prepupae,1,1.3567,4
146395_at,BECKSTPREPU04HR,Development,W1118,Prepupae,1,1.4439,4
146396_at,BECKSTPREPU04HR,Development,W1118,Prepupae,0,0.9597,4
146397_at,BECKSTPREPU04HR,Development,W1118,Prepupae,0,1.0508,4
146398_at,BECKSTPREPU04HR,Development,W1118,Prepupae,1,1.3524,4
146399_at,BECKSTPREPU04HR,Development,W1118,Prepupae,0,1.1885,4
146400_at,BECKSTPREPU04HR,Development,W1118,Prepupae,1,1.659,4
146401_at,BECKSTPREPU04HR,Development,W1118,Prepupae,0,0.8937,4
146402_at,BECKSTPREPU04HR,Development,W1118,Prepupae,-1,0.7155,4
146403_at,BECKSTPREPU04HR,Development,W1118,Prepupae,1,1.4032,4
146404_at,BECKSTPREPU04HR,Development,W1118,Prepupae,0,0.9991,4
146405_at,BECKSTPREPU04HR,Development,W1118,Prepupae,-1,0.5746,4
146406_at,BECKSTPREPU04HR,Development,W1118,Prepupae,0,1.066,4
146407_at,BECKSTPREPU04HR,Development,W1118,Prepupae,0,1.0223,4
146408_at,BECKSTPREPU04HR,Development,W1118,Prepupae,0,1.0473,4
146409_at,BECKSTPREPU04HR,Development,W1118,Prepupae,0,1.169,4
146410_at,BECKSTPREPU04HR,Development,W1118,Prepupae,1,1.4946,4
146411_at,BECKSTPREPU04HR,Development,W1118,Prepupae,0,1.0958,4
146412_at,BECKSTPREPU04HR,Development,W1118,Prepupae,0,1.0754,4
146413_at,BECKSTPREPU04HR,Development,W1118,Prepupae,0,1.0635,4
146414_at,BECKSTPREPU04HR,Development,W1118,Prepupae,1,1.7667,4
146415_at,BECKSTPREPU04HR,Development,W1118,Prepupae,0,1.1503,4
146416_at,BECKSTPREPU04HR,Development,W1118,Prepupae,0,0.9566,4
146417_at,BECKSTPREPU04HR,Development,W1118,Prepupae,1,1.4414,4
146418_at,BECKSTPREPU04HR,Development,W1118,Prepupae,1,1.429,4
146419_at,BECKSTPREPU04HR,Development,W1118,Prepupae,-1,0.7032,4
146420_at,BECKSTPREPU04HR,Development,W1118,Prepupae,1,1.9147,4
146421_at,BECKSTPREPU04HR,Development,W1118,Prepupae,1,1.5064,4
146422_at,BECKSTPREPU04HR,Development,W1118,Prepupae,0,1.0025,4
146423_at,BECKSTPREPU04HR,Development,W1118,Prepupae,0,1.0646,4
146424_at,BECKSTPREPU04HR,Development,W1118,Prepupae,1,1.2637,4
146425_at,BECKSTPREPU04HR,Development,W1118,Prepupae,0,1.0644,4
146426_at,BECKSTPREPU04HR,Development,W1118,Prepupae,0,0.8854,4
146427_at,BECKSTPREPU04HR,Development,W1118,Prepupae,1,1.2623,4
146428_at,BECKSTPREPU04HR,Development,W1118,Prepupae,1,1.3774,4
146429_at,BECKSTPREPU04HR,Development,W1118,Prepupae,1,1.7203,4
146430_at,BECKSTPREPU04HR,Development,W1118,Prepupae,1,2.256,4
146431_at,BECKSTPREPU04HR,Development,W1118,Prepupae,0,1.1874,4
146432_at,BECKSTPREPU04HR,Development,W1118,Prepupae,1,1.2629,4
146433_at,BECKSTPREPU04HR,Development,W1118,Prepupae,1,1.6422,4
146434_at,BECKSTPREPU04HR,Development,W1118,Prepupae,1,1.2197,4
146435_at,BECKSTPREPU04HR,Development,W1118,Prepupae,0,1.1051,4
146436_at,BECKSTPREPU04HR,Development,W1118,Prepupae,0,0.8423,4
146437_at,BECKSTPREPU04HR,Development,W1118,Prepupae,1,1.2564,4
146438_at,BECKSTPREPU04HR,Development,W1118,Prepupae,-1,0.6933,4
146439_at,BECKSTPREPU04HR,Development,W1118,Prepupae,0,1.0248,4
146440_at,BECKSTPREPU04HR,Development,W1118,Prepupae,1,1.2101,4
146441_at,BECKSTPREPU04HR,Development,W1118,Prepupae,0,0.8408,4
146442_at,BECKSTPREPU04HR,Development,W1118,Prepupae,1,1.2367,4
146443_at,BECKSTPREPU04HR,Development,W1118,Prepupae,0,0.9043,4
146444_at,BECKSTPREPU04HR,Development,W1118,Prepupae,0,0.8408,4
146445_at,BECKSTPREPU04HR,Development,W1118,Prepupae,-1,0.6738,4
146446_at,BECKSTPREPU04HR,Development,W1118,Prepupae,1,1.3542,4
146447_at,BECKSTPREPU04HR,Development,W1118,Prepupae,0,0.9807,4
146448_at,BECKSTPREPU04HR,Development,W1118,Prepupae,1,1.405,4
146449_at,BECKSTPREPU04HR,Development,W1118,Prepupae,1,1.5725,4
146450_at,BECKSTPREPU04HR,Development,W1118,Prepupae,0,1.1446,4
146451_at,BECKSTPREPU04HR,Development,W1118,Prepupae,0,1.1361,4
146452_at,BECKSTPREPU04HR,Development,W1118,Prepupae,-1,0.7396,4
146453_at,BECKSTPREPU04HR,Development,W1118,Prepupae,0,1.197,4
146454_at,BECKSTPREPU04HR,Development,W1118,Prepupae,1,1.2957,4
146455_at,BECKSTPREPU04HR,Development,W1118,Prepupae,0,1.0443,4
146456_at,BECKSTPREPU04HR,Development,W1118,Prepupae,0,0.9881,4
146457_at,BECKSTPREPU04HR,Development,W1118,Prepupae,1,1.2921,4
146458_at,BECKSTPREPU04HR,Development,W1118,Prepupae,1,1.3453,4
146459_at,BECKSTPREPU04HR,Development,W1118,Prepupae,0,1.1187,4
146460_at,BECKSTPREPU04HR,Development,W1118,Prepupae,-1,0.6711,4
146461_at,BECKSTPREPU04HR,Development,W1118,Prepupae,0,0.8604,4
146462_at,BECKSTPREPU04HR,Development,W1118,Prepupae,0,0.9624,4
146463_at,BECKSTPREPU04HR,Development,W1118,Prepupae,0,0.812,4
146464_at,BECKSTPREPU04HR,Development,W1118,Prepupae,0,1.1879,4
146465_at,BECKSTPREPU04HR,Development,W1118,Prepupae,1,1.338,4
146466_at,BECKSTPREPU04HR,Development,W1118,Prepupae,1,1.3693,4
146467_at,BECKSTPREPU04HR,Development,W1118,Prepupae,0,0.9877,4
146468_at,BECKSTPREPU04HR,Development,W1118,Prepupae,0,1.0273,4
146469_at,BECKSTPREPU04HR,Development,W1118,Prepupae,0,1.0455,4
146470_at,BECKSTPREPU04HR,Development,W1118,Prepupae,0,0.9625,4
146471_at,BECKSTPREPU04HR,Development,W1118,Prepupae,1,1.2372,4
146472_at,BECKSTPREPU04HR,Development,W1118,Prepupae,0,0.9494,4
146473_at,BECKSTPREPU04HR,Development,W1118,Prepupae,1,1.6785,4
146474_at,BECKSTPREPU04HR,Development,W1118,Prepupae,1,1.5802,4
146475_at,BECKSTPREPU04HR,Development,W1118,Prepupae,0,1.1938,4
146476_at,BECKSTPREPU04HR,Development,W1118,Prepupae,1,1.219,4
146477_at,BECKSTPREPU04HR,Development,W1118,Prepupae,0,0.9248,4
146478_at,BECKSTPREPU04HR,Development,W1118,Prepupae,1,1.2312,4
146479_at,BECKSTPREPU04HR,Development,W1118,Prepupae,1,1.3317,4
146480_at,BECKSTPREPU04HR,Development,W1118,Prepupae,0,0.9219,4
146481_at,BECKSTPREPU04HR,Development,W1118,Prepupae,1,1.3552,4
146482_at,BECKSTPREPU04HR,Development,W1118,Prepupae,1,1.4776,4
146483_at,BECKSTPREPU04HR,Development,W1118,Prepupae,1,1.5479,4
146484_at,BECKSTPREPU04HR,Development,W1118,Prepupae,1,1.7629,4
146485_at,BECKSTPREPU04HR,Development,W1118,Prepupae,0,1.164,4
146486_at,BECKSTPREPU04HR,Development,W1118,Prepupae,0,1.1916,4
146487_at,BECKSTPREPU04HR,Development,W1118,Prepupae,0,1.1137,4
146488_at,BECKSTPREPU04HR,Development,W1118,Prepupae,1,1.3273,4
146489_at,BECKSTPREPU04HR,Development,W1118,Prepupae,0,0.9781,4
146490_at,BECKSTPREPU04HR,Development,W1118,Prepupae,0,1.0816,4
146491_at,BECKSTPREPU04HR,Development,W1118,Prepupae,0,1.1164,4
146492_at,BECKSTPREPU04HR,Development,W1118,Prepupae,0,1.0704,4
146493_at,BECKSTPREPU04HR,Development,W1118,Prepupae,0,1.0643,4
146494_at,BECKSTPREPU04HR,Development,W1118,Prepupae,1,1.3137,4
146495_at,BECKSTPREPU04HR,Development,W1118,Prepupae,0,1.1455,4
146496_at,BECKSTPREPU04HR,Development,W1118,Prepupae,0,0.9446,4
146497_at,BECKSTPREPU04HR,Development,W1118,Prepupae,0,0.9792,4
146498_at,BECKSTPREPU04HR,Development,W1118,Prepupae,1,1.9616,4
146499_at,BECKSTPREPU04HR,Development,W1118,Prepupae,0,1.1412,4
146500_at,BECKSTPREPU04HR,Development,W1118,Prepupae,0,0.9347,4
146501_at,BECKSTPREPU04HR,Development,W1118,Prepupae,0,1.0748,4
146502_at,BECKSTPREPU04HR,Development,W1118,Prepupae,-1,0.5814,4
146503_at,BECKSTPREPU04HR,Development,W1118,Prepupae,-1,0.7265,4
146504_at,BECKSTPREPU04HR,Development,W1118,Prepupae,0,1.1816,4
146505_at,BECKSTPREPU04HR,Development,W1118,Prepupae,1,1.272,4
146506_at,BECKSTPREPU04HR,Development,W1118,Prepupae,1,1.8126,4
146507_at,BECKSTPREPU04HR,Development,W1118,Prepupae,1,1.4134,4
146508_at,BECKSTPREPU04HR,Development,W1118,Prepupae,1,1.2804,4
146509_at,BECKSTPREPU04HR,Development,W1118,Prepupae,0,0.8216,4
146510_at,BECKSTPREPU04HR,Development,W1118,Prepupae,0,0.8196,4
146511_at,BECKSTPREPU04HR,Development,W1118,Prepupae,1,1.2236,4
146512_at,BECKSTPREPU04HR,Development,W1118,Prepupae,0,0.9332,4
146513_at,BECKSTPREPU04HR,Development,W1118,Prepupae,0,1.0384,4
146514_at,BECKSTPREPU04HR,Development,W1118,Prepupae,0,1.1516,4
146515_at,BECKSTPREPU04HR,Development,W1118,Prepupae,0,0.8667,4
146516_at,BECKSTPREPU04HR,Development,W1118,Prepupae,1,1.8864,4
146517_at,BECKSTPREPU04HR,Development,W1118,Prepupae,1,1.5717,4
146518_at,BECKSTPREPU04HR,Development,W1118,Prepupae,1,1.4157,4
146519_at,BECKSTPREPU04HR,Development,W1118,Prepupae,1,1.5737,4
146520_at,BECKSTPREPU04HR,Development,W1118,Prepupae,0,0.9682,4
146521_at,BECKSTPREPU04HR,Development,W1118,Prepupae,0,1.0851,4
146522_at,BECKSTPREPU04HR,Development,W1118,Prepupae,1,1.2547,4
146523_at,BECKSTPREPU04HR,Development,W1118,Prepupae,1,1.67,4
146524_at,BECKSTPREPU04HR,Development,W1118,Prepupae,1,1.5079,4
146525_at,BECKSTPREPU04HR,Development,W1118,Prepupae,0,1.1156,4
146526_at,BECKSTPREPU04HR,Development,W1118,Prepupae,1,1.6452,4
146527_at,BECKSTPREPU04HR,Development,W1118,Prepupae,1,1.6113,4
146528_at,BECKSTPREPU04HR,Development,W1118,Prepupae,1,1.5891,4
146529_at,BECKSTPREPU04HR,Development,W1118,Prepupae,1,1.423,4
146530_at,BECKSTPREPU04HR,Development,W1118,Prepupae,0,1.0098,4
146531_at,BECKSTPREPU04HR,Development,W1118,Prepupae,1,1.2102,4
146532_at,BECKSTPREPU04HR,Development,W1118,Prepupae,-1,0.5131,4
146533_at,BECKSTPREPU04HR,Development,W1118,Prepupae,0,1.1066,4
146534_at,BECKSTPREPU04HR,Development,W1118,Prepupae,-1,0.791,4
146535_at,BECKSTPREPU04HR,Development,W1118,Prepupae,-1,0.7711,4
146536_at,BECKSTPREPU04HR,Development,W1118,Prepupae,1,1.2114,4
146537_at,BECKSTPREPU04HR,Development,W1118,Prepupae,0,1.0899,4
146538_at,BECKSTPREPU04HR,Development,W1118,Prepupae,1,1.7653,4
146539_at,BECKSTPREPU04HR,Development,W1118,Prepupae,0,1.1172,4
146540_at,BECKSTPREPU04HR,Development,W1118,Prepupae,1,1.3002,4
146541_at,BECKSTPREPU04HR,Development,W1118,Prepupae,1,1.4122,4
146542_at,BECKSTPREPU04HR,Development,W1118,Prepupae,0,0.8793,4
146543_at,BECKSTPREPU04HR,Development,W1118,Prepupae,1,1.4394,4
146544_at,BECKSTPREPU04HR,Development,W1118,Prepupae,0,1.0861,4
146545_at,BECKSTPREPU04HR,Development,W1118,Prepupae,1,1.386,4
146546_at,BECKSTPREPU04HR,Development,W1118,Prepupae,1,1.2572,4
146547_at,BECKSTPREPU04HR,Development,W1118,Prepupae,0,1.0454,4
146548_at,BECKSTPREPU04HR,Development,W1118,Prepupae,0,1.0633,4
146549_at,BECKSTPREPU04HR,Development,W1118,Prepupae,0,1.1692,4
146550_at,BECKSTPREPU04HR,Development,W1118,Prepupae,0,0.8674,4
146551_at,BECKSTPREPU04HR,Development,W1118,Prepupae,-1,0.6979,4
146552_at,BECKSTPREPU04HR,Development,W1118,Prepupae,0,1.1545,4
146553_at,BECKSTPREPU04HR,Development,W1118,Prepupae,0,0.9713,4
146554_at,BECKSTPREPU04HR,Development,W1118,Prepupae,0,1.0493,4
146555_at,BECKSTPREPU04HR,Development,W1118,Prepupae,0,0.8926,4
146556_at,BECKSTPREPU04HR,Development,W1118,Prepupae,0,1.1755,4
146557_at,BECKSTPREPU04HR,Development,W1118,Prepupae,0,1.0154,4
146558_at,BECKSTPREPU04HR,Development,W1118,Prepupae,1,1.4667,4
146559_at,BECKSTPREPU04HR,Development,W1118,Prepupae,1,1.2614,4
146560_at,BECKSTPREPU04HR,Development,W1118,Prepupae,1,2.0521,4
146561_at,BECKSTPREPU04HR,Development,W1118,Prepupae,-1,0.6912,4
146562_at,BECKSTPREPU04HR,Development,W1118,Prepupae,1,1.2533,4
146563_f_at,BECKSTPREPU04HR,Development,W1118,Prepupae,-1,0.7813,4
146564_at,BECKSTPREPU04HR,Development,W1118,Prepupae,1,1.6276,4
146565_at,BECKSTPREPU04HR,Development,W1118,Prepupae,1,1.5912,4
146566_at,BECKSTPREPU04HR,Development,W1118,Prepupae,1,1.5959,4
146567_at,BECKSTPREPU04HR,Development,W1118,Prepupae,0,1.1388,4
146568_at,BECKSTPREPU04HR,Development,W1118,Prepupae,1,1.4298,4
146569_at,BECKSTPREPU04HR,Development,W1118,Prepupae,1,2.0406,4
146570_at,BECKSTPREPU04HR,Development,W1118,Prepupae,1,1.2871,4
146571_at,BECKSTPREPU04HR,Development,W1118,Prepupae,0,0.938,4
146572_at,BECKSTPREPU04HR,Development,W1118,Prepupae,0,0.823,4
146573_at,BECKSTPREPU04HR,Development,W1118,Prepupae,0,0.9303,4
146574_at,BECKSTPREPU04HR,Development,W1118,Prepupae,0,1.0163,4
146575_at,BECKSTPREPU04HR,Development,W1118,Prepupae,1,1.5668,4
146576_at,BECKSTPREPU04HR,Development,W1118,Prepupae,0,0.9118,4
146577_at,BECKSTPREPU04HR,Development,W1118,Prepupae,0,0.9798,4
146578_at,BECKSTPREPU04HR,Development,W1118,Prepupae,0,1.0631,4
146579_at,BECKSTPREPU04HR,Development,W1118,Prepupae,0,1.0597,4
146580_at,BECKSTPREPU04HR,Development,W1118,Prepupae,0,1.0678,4
146581_at,BECKSTPREPU04HR,Development,W1118,Prepupae,1,3.4159,4
146582_at,BECKSTPREPU04HR,Development,W1118,Prepupae,0,0.9248,4
146583_at,BECKSTPREPU04HR,Development,W1118,Prepupae,0,0.8622,4
146584_at,BECKSTPREPU04HR,Development,W1118,Prepupae,1,1.7772,4
146585_at,BECKSTPREPU04HR,Development,W1118,Prepupae,1,1.4741,4
146586_at,BECKSTPREPU04HR,Development,W1118,Prepupae,0,1.1967,4
146587_at,BECKSTPREPU04HR,Development,W1118,Prepupae,1,3.186,4
146588_at,BECKSTPREPU04HR,Development,W1118,Prepupae,0,0.9166,4
146589_at,BECKSTPREPU04HR,Development,W1118,Prepupae,0,1.0088,4
146590_s_at,BECKSTPREPU04HR,Development,W1118,Prepupae,1,1.5626,4
146591_s_at,BECKSTPREPU04HR,Development,W1118,Prepupae,1,1.4982,4
146592_at,BECKSTPREPU04HR,Development,W1118,Prepupae,0,1.1328,4
146593_s_at,BECKSTPREPU04HR,Development,W1118,Prepupae,1,1.4124,4
146594_at,BECKSTPREPU04HR,Development,W1118,Prepupae,0,1.0641,4
146595_at,BECKSTPREPU04HR,Development,W1118,Prepupae,0,0.9433,4
146596_at,BECKSTPREPU04HR,Development,W1118,Prepupae,0,1.1277,4
146597_at,BECKSTPREPU04HR,Development,W1118,Prepupae,-1,0.6176,4
146598_at,BECKSTPREPU04HR,Development,W1118,Prepupae,1,1.2677,4
146599_at,BECKSTPREPU04HR,Development,W1118,Prepupae,1,1.9286,4
146600_at,BECKSTPREPU04HR,Development,W1118,Prepupae,1,1.6689,4
146601_at,BECKSTPREPU04HR,Development,W1118,Prepupae,1,1.6134,4
146602_at,BECKSTPREPU04HR,Development,W1118,Prepupae,1,1.2442,4
146603_at,BECKSTPREPU04HR,Development,W1118,Prepupae,0,1.1109,4
146604_at,BECKSTPREPU04HR,Development,W1118,Prepupae,1,1.5574,4
146605_at,BECKSTPREPU04HR,Development,W1118,Prepupae,0,1.0617,4
146606_at,BECKSTPREPU04HR,Development,W1118,Prepupae,0,1.1328,4
146607_at,BECKSTPREPU04HR,Development,W1118,Prepupae,0,0.9579,4
146608_at,BECKSTPREPU04HR,Development,W1118,Prepupae,1,1.3358,4
146609_at,BECKSTPREPU04HR,Development,W1118,Prepupae,1,1.3751,4
146610_at,BECKSTPREPU04HR,Development,W1118,Prepupae,0,1.0311,4
146611_at,BECKSTPREPU04HR,Development,W1118,Prepupae,0,1.1332,4
146612_at,BECKSTPREPU04HR,Development,W1118,Prepupae,1,1.4553,4
146613_at,BECKSTPREPU04HR,Development,W1118,Prepupae,-1,0.7987,4
146614_at,BECKSTPREPU04HR,Development,W1118,Prepupae,1,1.8639,4
146615_at,BECKSTPREPU04HR,Development,W1118,Prepupae,1,1.7917,4
146616_at,BECKSTPREPU04HR,Development,W1118,Prepupae,1,1.3745,4
146617_at,BECKSTPREPU04HR,Development,W1118,Prepupae,1,1.8666,4
146618_at,BECKSTPREPU04HR,Development,W1118,Prepupae,1,1.3335,4
146619_i_at,BECKSTPREPU04HR,Development,W1118,Prepupae,-1,0.6763,4
146620_s_at,BECKSTPREPU04HR,Development,W1118,Prepupae,0,0.9023,4
146621_at,BECKSTPREPU04HR,Development,W1118,Prepupae,0,0.9409,4
146622_at,BECKSTPREPU04HR,Development,W1118,Prepupae,0,0.9186,4
146623_at,BECKSTPREPU04HR,Development,W1118,Prepupae,0,0.9366,4
146624_at,BECKSTPREPU04HR,Development,W1118,Prepupae,1,1.2702,4
146625_at,BECKSTPREPU04HR,Development,W1118,Prepupae,1,1.4527,4
146626_at,BECKSTPREPU04HR,Development,W1118,Prepupae,0,1.0763,4
146627_at,BECKSTPREPU04HR,Development,W1118,Prepupae,-1,0.5346,4
146628_at,BECKSTPREPU04HR,Development,W1118,Prepupae,0,0.8505,4
146629_at,BECKSTPREPU04HR,Development,W1118,Prepupae,1,1.4714,4
146630_at,BECKSTPREPU04HR,Development,W1118,Prepupae,1,1.4025,4
146631_at,BECKSTPREPU04HR,Development,W1118,Prepupae,1,1.2266,4
146632_at,BECKSTPREPU04HR,Development,W1118,Prepupae,1,1.769,4
146633_at,BECKSTPREPU04HR,Development,W1118,Prepupae,0,1.1823,4
146634_at,BECKSTPREPU04HR,Development,W1118,Prepupae,0,0.9598,4
146635_at,BECKSTPREPU04HR,Development,W1118,Prepupae,0,1.0729,4
146636_at,BECKSTPREPU04HR,Development,W1118,Prepupae,0,1.1627,4
146637_at,BECKSTPREPU04HR,Development,W1118,Prepupae,1,2.0102,4
146638_at,BECKSTPREPU04HR,Development,W1118,Prepupae,1,3.8773,4
146639_at,BECKSTPREPU04HR,Development,W1118,Prepupae,-1,0.5324,4
146640_at,BECKSTPREPU04HR,Development,W1118,Prepupae,1,2.1596,4
146641_at,BECKSTPREPU04HR,Development,W1118,Prepupae,0,0.8632,4
146642_at,BECKSTPREPU04HR,Development,W1118,Prepupae,1,1.3825,4
146643_at,BECKSTPREPU04HR,Development,W1118,Prepupae,1,1.8092,4
146644_at,BECKSTPREPU04HR,Development,W1118,Prepupae,-1,0.574,4
146645_at,BECKSTPREPU04HR,Development,W1118,Prepupae,1,1.6202,4
146646_at,BECKSTPREPU04HR,Development,W1118,Prepupae,-1,0.4379,4
146647_at,BECKSTPREPU04HR,Development,W1118,Prepupae,0,0.9666,4
146648_at,BECKSTPREPU04HR,Development,W1118,Prepupae,0,0.9294,4
146649_at,BECKSTPREPU04HR,Development,W1118,Prepupae,-1,0.5652,4
146650_at,BECKSTPREPU04HR,Development,W1118,Prepupae,0,0.8417,4
146651_at,BECKSTPREPU04HR,Development,W1118,Prepupae,0,1.1889,4
146652_at,BECKSTPREPU04HR,Development,W1118,Prepupae,-1,0.7578,4
146653_at,BECKSTPREPU04HR,Development,W1118,Prepupae,0,1.0501,4
146654_at,BECKSTPREPU04HR,Development,W1118,Prepupae,0,1.182,4
146655_at,BECKSTPREPU04HR,Development,W1118,Prepupae,0,1.1184,4
146656_at,BECKSTPREPU04HR,Development,W1118,Prepupae,1,1.5779,4
146657_at,BECKSTPREPU04HR,Development,W1118,Prepupae,1,1.9865,4
146658_at,BECKSTPREPU04HR,Development,W1118,Prepupae,0,0.9389,4
146659_at,BECKSTPREPU04HR,Development,W1118,Prepupae,1,1.2378,4
146660_at,BECKSTPREPU04HR,Development,W1118,Prepupae,0,1.064,4
146661_at,BECKSTPREPU04HR,Development,W1118,Prepupae,0,1.0427,4
146662_at,BECKSTPREPU04HR,Development,W1118,Prepupae,0,0.8894,4
146663_at,BECKSTPREPU04HR,Development,W1118,Prepupae,-1,0.6573,4
146664_at,BECKSTPREPU04HR,Development,W1118,Prepupae,0,0.9002,4
146665_at,BECKSTPREPU04HR,Development,W1118,Prepupae,1,1.2625,4
146666_at,BECKSTPREPU04HR,Development,W1118,Prepupae,0,1.0857,4
146667_at,BECKSTPREPU04HR,Development,W1118,Prepupae,0,0.9897,4
146668_at,BECKSTPREPU04HR,Development,W1118,Prepupae,1,1.4565,4
146669_at,BECKSTPREPU04HR,Development,W1118,Prepupae,0,1.085,4
146670_at,BECKSTPREPU04HR,Development,W1118,Prepupae,0,1.0174,4
146671_at,BECKSTPREPU04HR,Development,W1118,Prepupae,0,1.0113,4
146672_at,BECKSTPREPU04HR,Development,W1118,Prepupae,0,1.1418,4
146673_at,BECKSTPREPU04HR,Development,W1118,Prepupae,1,1.3153,4
146674_at,BECKSTPREPU04HR,Development,W1118,Prepupae,0,1.0542,4
146675_at,BECKSTPREPU04HR,Development,W1118,Prepupae,0,1.1247,4
146676_at,BECKSTPREPU04HR,Development,W1118,Prepupae,0,1.0396,4
146677_at,BECKSTPREPU04HR,Development,W1118,Prepupae,1,1.3718,4
146678_at,BECKSTPREPU04HR,Development,W1118,Prepupae,0,1.1393,4
146679_at,BECKSTPREPU04HR,Development,W1118,Prepupae,0,0.8617,4
146680_at,BECKSTPREPU04HR,Development,W1118,Prepupae,0,0.8993,4
146681_at,BECKSTPREPU04HR,Development,W1118,Prepupae,0,0.8401,4
146682_at,BECKSTPREPU04HR,Development,W1118,Prepupae,1,1.8395,4
146683_at,BECKSTPREPU04HR,Development,W1118,Prepupae,1,1.8249,4
146684_at,BECKSTPREPU04HR,Development,W1118,Prepupae,0,0.9959,4
146685_at,BECKSTPREPU04HR,Development,W1118,Prepupae,1,1.7532,4
146686_at,BECKSTPREPU04HR,Development,W1118,Prepupae,0,1.1088,4
146687_at,BECKSTPREPU04HR,Development,W1118,Prepupae,0,0.9396,4
146688_at,BECKSTPREPU04HR,Development,W1118,Prepupae,0,1.1482,4
146689_at,BECKSTPREPU04HR,Development,W1118,Prepupae,1,1.7504,4
146690_at,BECKSTPREPU04HR,Development,W1118,Prepupae,0,0.8218,4
146691_at,BECKSTPREPU04HR,Development,W1118,Prepupae,0,0.855,4
146692_at,BECKSTPREPU04HR,Development,W1118,Prepupae,0,0.9634,4
146693_at,BECKSTPREPU04HR,Development,W1118,Prepupae,0,0.9806,4
146694_at,BECKSTPREPU04HR,Development,W1118,Prepupae,-1,0.743,4
146695_at,BECKSTPREPU04HR,Development,W1118,Prepupae,0,1.0103,4
146696_at,BECKSTPREPU04HR,Development,W1118,Prepupae,0,1.1425,4
146697_at,BECKSTPREPU04HR,Development,W1118,Prepupae,0,1.1159,4
146698_at,BECKSTPREPU04HR,Development,W1118,Prepupae,0,0.9032,4
146699_at,BECKSTPREPU04HR,Development,W1118,Prepupae,-1,0.7185,4
146700_at,BECKSTPREPU04HR,Development,W1118,Prepupae,1,1.3484,4
146701_at,BECKSTPREPU04HR,Development,W1118,Prepupae,0,1.084,4
146702_at,BECKSTPREPU04HR,Development,W1118,Prepupae,0,0.9115,4
146703_at,BECKSTPREPU04HR,Development,W1118,Prepupae,0,0.8601,4
146704_at,BECKSTPREPU04HR,Development,W1118,Prepupae,0,1.0019,4
146705_at,BECKSTPREPU04HR,Development,W1118,Prepupae,1,1.433,4
146706_at,BECKSTPREPU04HR,Development,W1118,Prepupae,0,1.1649,4
146707_at,BECKSTPREPU04HR,Development,W1118,Prepupae,0,0.9178,4
146708_at,BECKSTPREPU04HR,Development,W1118,Prepupae,0,0.806,4
146709_at,BECKSTPREPU04HR,Development,W1118,Prepupae,0,1.0016,4
146710_at,BECKSTPREPU04HR,Development,W1118,Prepupae,0,1.0858,4
146711_at,BECKSTPREPU04HR,Development,W1118,Prepupae,0,0.9846,4
146712_at,BECKSTPREPU04HR,Development,W1118,Prepupae,0,0.9924,4
146713_at,BECKSTPREPU04HR,Development,W1118,Prepupae,0,0.9161,4
146714_at,BECKSTPREPU04HR,Development,W1118,Prepupae,0,0.8506,4
146715_at,BECKSTPREPU04HR,Development,W1118,Prepupae,0,1.0212,4
146716_at,BECKSTPREPU04HR,Development,W1118,Prepupae,0,0.9881,4
146717_at,BECKSTPREPU04HR,Development,W1118,Prepupae,1,1.3608,4
146718_at,BECKSTPREPU04HR,Development,W1118,Prepupae,-1,0.726,4
146719_at,BECKSTPREPU04HR,Development,W1118,Prepupae,0,1.1466,4
146720_at,BECKSTPREPU04HR,Development,W1118,Prepupae,1,1.8884,4
146721_at,BECKSTPREPU04HR,Development,W1118,Prepupae,1,1.2402,4
146722_at,BECKSTPREPU04HR,Development,W1118,Prepupae,0,0.9818,4
146723_at,BECKSTPREPU04HR,Development,W1118,Prepupae,0,1.0833,4
146724_at,BECKSTPREPU04HR,Development,W1118,Prepupae,0,0.9583,4
146725_at,BECKSTPREPU04HR,Development,W1118,Prepupae,0,0.9396,4
146726_at,BECKSTPREPU04HR,Development,W1118,Prepupae,0,1.1758,4
146727_at,BECKSTPREPU04HR,Development,W1118,Prepupae,0,1.0623,4
146728_at,BECKSTPREPU04HR,Development,W1118,Prepupae,1,1.3571,4
146729_at,BECKSTPREPU04HR,Development,W1118,Prepupae,0,1.1287,4
146730_at,BECKSTPREPU04HR,Development,W1118,Prepupae,1,1.2741,4
146731_at,BECKSTPREPU04HR,Development,W1118,Prepupae,0,1.1248,4
146732_at,BECKSTPREPU04HR,Development,W1118,Prepupae,0,1.1308,4
146733_at,BECKSTPREPU04HR,Development,W1118,Prepupae,0,0.9791,4
146734_at,BECKSTPREPU04HR,Development,W1118,Prepupae,1,1.7342,4
146735_at,BECKSTPREPU04HR,Development,W1118,Prepupae,1,1.6669,4
146736_at,BECKSTPREPU04HR,Development,W1118,Prepupae,1,1.3268,4
146737_at,BECKSTPREPU04HR,Development,W1118,Prepupae,0,1.0457,4
146738_at,BECKSTPREPU04HR,Development,W1118,Prepupae,1,1.3034,4
146739_at,BECKSTPREPU04HR,Development,W1118,Prepupae,1,1.5245,4
146740_at,BECKSTPREPU04HR,Development,W1118,Prepupae,0,1.064,4
146741_at,BECKSTPREPU04HR,Development,W1118,Prepupae,0,0.8802,4
146742_at,BECKSTPREPU04HR,Development,W1118,Prepupae,0,1.1338,4
146743_at,BECKSTPREPU04HR,Development,W1118,Prepupae,0,1.0267,4
146744_at,BECKSTPREPU04HR,Development,W1118,Prepupae,1,1.2552,4
146745_at,BECKSTPREPU04HR,Development,W1118,Prepupae,0,1.1657,4
146746_at,BECKSTPREPU04HR,Development,W1118,Prepupae,-1,0.7986,4
146747_at,BECKSTPREPU04HR,Development,W1118,Prepupae,0,1.0581,4
146748_at,BECKSTPREPU04HR,Development,W1118,Prepupae,0,0.9582,4
146749_at,BECKSTPREPU04HR,Development,W1118,Prepupae,1,1.2121,4
146750_at,BECKSTPREPU04HR,Development,W1118,Prepupae,0,0.9239,4
146751_at,BECKSTPREPU04HR,Development,W1118,Prepupae,0,1.0316,4
146752_at,BECKSTPREPU04HR,Development,W1118,Prepupae,0,0.8815,4
146753_at,BECKSTPREPU04HR,Development,W1118,Prepupae,-1,0.6941,4
146754_at,BECKSTPREPU04HR,Development,W1118,Prepupae,0,0.8895,4
146755_at,BECKSTPREPU04HR,Development,W1118,Prepupae,0,1.0692,4
146756_at,BECKSTPREPU04HR,Development,W1118,Prepupae,-1,0.3267,4
146757_at,BECKSTPREPU04HR,Development,W1118,Prepupae,0,1.0285,4
146758_at,BECKSTPREPU04HR,Development,W1118,Prepupae,0,0.9267,4
146759_at,BECKSTPREPU04HR,Development,W1118,Prepupae,0,0.9729,4
146760_at,BECKSTPREPU04HR,Development,W1118,Prepupae,0,1.1251,4
146761_s_at,BECKSTPREPU04HR,Development,W1118,Prepupae,0,1.1782,4
146762_at,BECKSTPREPU04HR,Development,W1118,Prepupae,0,1.1626,4
146763_at,BECKSTPREPU04HR,Development,W1118,Prepupae,1,1.2282,4
146764_at,BECKSTPREPU04HR,Development,W1118,Prepupae,-1,0.6571,4
146765_at,BECKSTPREPU04HR,Development,W1118,Prepupae,0,1.1975,4
146766_at,BECKSTPREPU04HR,Development,W1118,Prepupae,0,1.1646,4
146767_at,BECKSTPREPU04HR,Development,W1118,Prepupae,0,1.0692,4
146768_at,BECKSTPREPU04HR,Development,W1118,Prepupae,0,1.108,4
146769_at,BECKSTPREPU04HR,Development,W1118,Prepupae,0,1.0511,4
146770_at,BECKSTPREPU04HR,Development,W1118,Prepupae,0,1.0829,4
146771_at,BECKSTPREPU04HR,Development,W1118,Prepupae,1,1.3859,4
146772_at,BECKSTPREPU04HR,Development,W1118,Prepupae,1,1.4102,4
146773_at,BECKSTPREPU04HR,Development,W1118,Prepupae,0,1.1169,4
146774_at,BECKSTPREPU04HR,Development,W1118,Prepupae,1,1.2909,4
146775_at,BECKSTPREPU04HR,Development,W1118,Prepupae,0,1.0636,4
146776_at,BECKSTPREPU04HR,Development,W1118,Prepupae,1,1.2017,4
146777_at,BECKSTPREPU04HR,Development,W1118,Prepupae,0,0.9173,4
146778_at,BECKSTPREPU04HR,Development,W1118,Prepupae,0,1.0496,4
146779_at,BECKSTPREPU04HR,Development,W1118,Prepupae,0,0.9683,4
146780_at,BECKSTPREPU04HR,Development,W1118,Prepupae,1,1.2239,4
146781_at,BECKSTPREPU04HR,Development,W1118,Prepupae,0,1.0313,4
146782_at,BECKSTPREPU04HR,Development,W1118,Prepupae,1,1.5476,4
146783_at,BECKSTPREPU04HR,Development,W1118,Prepupae,1,1.2038,4
146784_at,BECKSTPREPU04HR,Development,W1118,Prepupae,0,0.9528,4
146785_at,BECKSTPREPU04HR,Development,W1118,Prepupae,0,1.0733,4
146786_at,BECKSTPREPU04HR,Development,W1118,Prepupae,0,0.8411,4
146787_at,BECKSTPREPU04HR,Development,W1118,Prepupae,0,1.1355,4
146788_at,BECKSTPREPU04HR,Development,W1118,Prepupae,-1,0.6839,4
146789_i_at,BECKSTPREPU04HR,Development,W1118,Prepupae,0,1.0795,4
146790_r_at,BECKSTPREPU04HR,Development,W1118,Prepupae,1,1.4919,4
146791_at,BECKSTPREPU04HR,Development,W1118,Prepupae,0,0.8549,4
146792_at,BECKSTPREPU04HR,Development,W1118,Prepupae,0,0.9324,4
146793_at,BECKSTPREPU04HR,Development,W1118,Prepupae,1,1.6305,4
146794_at,BECKSTPREPU04HR,Development,W1118,Prepupae,0,1.071,4
146795_at,BECKSTPREPU04HR,Development,W1118,Prepupae,0,0.804,4
146796_at,BECKSTPREPU04HR,Development,W1118,Prepupae,1,1.5658,4
146797_at,BECKSTPREPU04HR,Development,W1118,Prepupae,0,1.1082,4
146798_at,BECKSTPREPU04HR,Development,W1118,Prepupae,1,1.8919,4
146799_at,BECKSTPREPU04HR,Development,W1118,Prepupae,1,1.2588,4
146800_at,BECKSTPREPU04HR,Development,W1118,Prepupae,1,1.3182,4
146801_at,BECKSTPREPU04HR,Development,W1118,Prepupae,0,1.0216,4
146802_at,BECKSTPREPU04HR,Development,W1118,Prepupae,1,1.71,4
146803_at,BECKSTPREPU04HR,Development,W1118,Prepupae,0,1.0549,4
146804_at,BECKSTPREPU04HR,Development,W1118,Prepupae,0,1.077,4
146805_at,BECKSTPREPU04HR,Development,W1118,Prepupae,0,1.0373,4
146806_at,BECKSTPREPU04HR,Development,W1118,Prepupae,0,1.1697,4
146807_at,BECKSTPREPU04HR,Development,W1118,Prepupae,0,1.1121,4
146808_at,BECKSTPREPU04HR,Development,W1118,Prepupae,1,1.4051,4
146809_at,BECKSTPREPU04HR,Development,W1118,Prepupae,1,1.2648,4
146810_at,BECKSTPREPU04HR,Development,W1118,Prepupae,1,1.3404,4
146811_at,BECKSTPREPU04HR,Development,W1118,Prepupae,1,1.454,4
146812_at,BECKSTPREPU04HR,Development,W1118,Prepupae,1,1.2094,4
146813_at,BECKSTPREPU04HR,Development,W1118,Prepupae,1,1.2374,4
146814_at,BECKSTPREPU04HR,Development,W1118,Prepupae,1,1.2323,4
146815_at,BECKSTPREPU04HR,Development,W1118,Prepupae,1,1.2249,4
146816_at,BECKSTPREPU04HR,Development,W1118,Prepupae,1,1.2877,4
146817_at,BECKSTPREPU04HR,Development,W1118,Prepupae,0,0.9379,4
146818_at,BECKSTPREPU04HR,Development,W1118,Prepupae,1,1.2493,4
146819_at,BECKSTPREPU04HR,Development,W1118,Prepupae,0,1.0941,4
146820_at,BECKSTPREPU04HR,Development,W1118,Prepupae,1,1.2924,4
146821_at,BECKSTPREPU04HR,Development,W1118,Prepupae,0,1.0326,4
146822_at,BECKSTPREPU04HR,Development,W1118,Prepupae,0,0.9911,4
146823_at,BECKSTPREPU04HR,Development,W1118,Prepupae,-1,0.6582,4
146824_at,BECKSTPREPU04HR,Development,W1118,Prepupae,0,0.874,4
146825_at,BECKSTPREPU04HR,Development,W1118,Prepupae,0,1.0514,4
146826_at,BECKSTPREPU04HR,Development,W1118,Prepupae,1,2.2976,4
146827_at,BECKSTPREPU04HR,Development,W1118,Prepupae,0,1.0525,4
146828_at,BECKSTPREPU04HR,Development,W1118,Prepupae,0,1.0787,4
146829_at,BECKSTPREPU04HR,Development,W1118,Prepupae,1,1.3176,4
146830_s_at,BECKSTPREPU04HR,Development,W1118,Prepupae,1,1.2722,4
146831_at,BECKSTPREPU04HR,Development,W1118,Prepupae,1,1.8219,4
146832_at,BECKSTPREPU04HR,Development,W1118,Prepupae,1,2.246,4
146833_at,BECKSTPREPU04HR,Development,W1118,Prepupae,0,1.0923,4
146834_at,BECKSTPREPU04HR,Development,W1118,Prepupae,1,1.2013,4
146835_at,BECKSTPREPU04HR,Development,W1118,Prepupae,1,1.3212,4
146836_at,BECKSTPREPU04HR,Development,W1118,Prepupae,0,1.1852,4
146837_at,BECKSTPREPU04HR,Development,W1118,Prepupae,1,1.2698,4
146838_at,BECKSTPREPU04HR,Development,W1118,Prepupae,1,1.7214,4
146839_at,BECKSTPREPU04HR,Development,W1118,Prepupae,0,1.1806,4
146840_at,BECKSTPREPU04HR,Development,W1118,Prepupae,0,1.0135,4
146841_at,BECKSTPREPU04HR,Development,W1118,Prepupae,0,1.1287,4
146842_at,BECKSTPREPU04HR,Development,W1118,Prepupae,0,0.9575,4
146843_at,BECKSTPREPU04HR,Development,W1118,Prepupae,0,0.9554,4
146844_at,BECKSTPREPU04HR,Development,W1118,Prepupae,0,1.1091,4
146845_at,BECKSTPREPU04HR,Development,W1118,Prepupae,1,1.3571,4
146846_at,BECKSTPREPU04HR,Development,W1118,Prepupae,1,1.3628,4
146847_at,BECKSTPREPU04HR,Development,W1118,Prepupae,0,0.9733,4
146848_at,BECKSTPREPU04HR,Development,W1118,Prepupae,1,1.3313,4
146849_at,BECKSTPREPU04HR,Development,W1118,Prepupae,1,2.0017,4
146850_at,BECKSTPREPU04HR,Development,W1118,Prepupae,-1,0.4521,4
146851_at,BECKSTPREPU04HR,Development,W1118,Prepupae,0,1.0351,4
146852_at,BECKSTPREPU04HR,Development,W1118,Prepupae,1,1.763,4
146853_at,BECKSTPREPU04HR,Development,W1118,Prepupae,1,1.486,4
146854_at,BECKSTPREPU04HR,Development,W1118,Prepupae,-1,0.6559,4
146855_at,BECKSTPREPU04HR,Development,W1118,Prepupae,1,1.4518,4
146856_at,BECKSTPREPU04HR,Development,W1118,Prepupae,1,1.5449,4
146857_at,BECKSTPREPU04HR,Development,W1118,Prepupae,0,0.8974,4
146858_at,BECKSTPREPU04HR,Development,W1118,Prepupae,0,1.1189,4
146859_at,BECKSTPREPU04HR,Development,W1118,Prepupae,0,1.1892,4
146860_at,BECKSTPREPU04HR,Development,W1118,Prepupae,0,1.0856,4
146861_at,BECKSTPREPU04HR,Development,W1118,Prepupae,0,1.1085,4
146862_at,BECKSTPREPU04HR,Development,W1118,Prepupae,0,1.1565,4
146863_at,BECKSTPREPU04HR,Development,W1118,Prepupae,1,1.5007,4
146864_at,BECKSTPREPU04HR,Development,W1118,Prepupae,0,1.0637,4
146865_at,BECKSTPREPU04HR,Development,W1118,Prepupae,0,0.8117,4
146866_at,BECKSTPREPU04HR,Development,W1118,Prepupae,0,0.8605,4
146867_at,BECKSTPREPU04HR,Development,W1118,Prepupae,0,0.8693,4
146868_at,BECKSTPREPU04HR,Development,W1118,Prepupae,-1,0.5011,4
146869_at,BECKSTPREPU04HR,Development,W1118,Prepupae,0,0.9135,4
146870_at,BECKSTPREPU04HR,Development,W1118,Prepupae,1,1.4877,4
146871_at,BECKSTPREPU04HR,Development,W1118,Prepupae,1,1.4279,4
146872_at,BECKSTPREPU04HR,Development,W1118,Prepupae,1,1.2289,4
146873_at,BECKSTPREPU04HR,Development,W1118,Prepupae,1,1.3564,4
146874_at,BECKSTPREPU04HR,Development,W1118,Prepupae,0,1.0839,4
146875_at,BECKSTPREPU04HR,Development,W1118,Prepupae,1,1.296,4
146876_at,BECKSTPREPU04HR,Development,W1118,Prepupae,1,1.2422,4
146877_at,BECKSTPREPU04HR,Development,W1118,Prepupae,1,1.445,4
146878_at,BECKSTPREPU04HR,Development,W1118,Prepupae,0,1.1512,4
146879_at,BECKSTPREPU04HR,Development,W1118,Prepupae,0,1.0237,4
146880_at,BECKSTPREPU04HR,Development,W1118,Prepupae,-1,0.6681,4
146881_at,BECKSTPREPU04HR,Development,W1118,Prepupae,0,1.1458,4
146882_at,BECKSTPREPU04HR,Development,W1118,Prepupae,-1,0.7784,4
146883_at,BECKSTPREPU04HR,Development,W1118,Prepupae,1,1.2968,4
146884_at,BECKSTPREPU04HR,Development,W1118,Prepupae,1,1.4248,4
146885_at,BECKSTPREPU04HR,Development,W1118,Prepupae,0,1.0896,4
146886_at,BECKSTPREPU04HR,Development,W1118,Prepupae,0,1.1391,4
146887_at,BECKSTPREPU04HR,Development,W1118,Prepupae,0,1.1372,4
146888_at,BECKSTPREPU04HR,Development,W1118,Prepupae,1,1.6071,4
146889_at,BECKSTPREPU04HR,Development,W1118,Prepupae,0,1.0362,4
146890_at,BECKSTPREPU04HR,Development,W1118,Prepupae,0,1.0451,4
146891_at,BECKSTPREPU04HR,Development,W1118,Prepupae,0,0.9225,4
146892_at,BECKSTPREPU04HR,Development,W1118,Prepupae,1,1.7611,4
146893_at,BECKSTPREPU04HR,Development,W1118,Prepupae,0,0.9139,4
146894_at,BECKSTPREPU04HR,Development,W1118,Prepupae,0,0.8963,4
146895_at,BECKSTPREPU04HR,Development,W1118,Prepupae,1,1.6302,4
146896_at,BECKSTPREPU04HR,Development,W1118,Prepupae,1,1.2043,4
146897_at,BECKSTPREPU04HR,Development,W1118,Prepupae,0,1.1056,4
146898_at,BECKSTPREPU04HR,Development,W1118,Prepupae,-1,0.7862,4
146899_at,BECKSTPREPU04HR,Development,W1118,Prepupae,-1,0.742,4
146900_at,BECKSTPREPU04HR,Development,W1118,Prepupae,1,1.2542,4
146901_at,BECKSTPREPU04HR,Development,W1118,Prepupae,1,1.3918,4
146902_at,BECKSTPREPU04HR,Development,W1118,Prepupae,0,1.0052,4
146903_at,BECKSTPREPU04HR,Development,W1118,Prepupae,0,0.9881,4
146904_at,BECKSTPREPU04HR,Development,W1118,Prepupae,-1,0.7513,4
146905_at,BECKSTPREPU04HR,Development,W1118,Prepupae,0,0.8051,4
146906_at,BECKSTPREPU04HR,Development,W1118,Prepupae,-1,0.7199,4
146907_at,BECKSTPREPU04HR,Development,W1118,Prepupae,0,0.9844,4
146908_at,BECKSTPREPU04HR,Development,W1118,Prepupae,1,1.4345,4
146909_at,BECKSTPREPU04HR,Development,W1118,Prepupae,1,1.6643,4
146910_at,BECKSTPREPU04HR,Development,W1118,Prepupae,-1,0.6061,4
146911_at,BECKSTPREPU04HR,Development,W1118,Prepupae,0,0.9435,4
146912_at,BECKSTPREPU04HR,Development,W1118,Prepupae,0,0.8906,4
146913_at,BECKSTPREPU04HR,Development,W1118,Prepupae,0,0.8427,4
146914_at,BECKSTPREPU04HR,Development,W1118,Prepupae,0,1.1654,4
146915_at,BECKSTPREPU04HR,Development,W1118,Prepupae,0,0.8837,4
146916_at,BECKSTPREPU04HR,Development,W1118,Prepupae,0,1.0996,4
146917_at,BECKSTPREPU04HR,Development,W1118,Prepupae,0,0.8696,4
146918_at,BECKSTPREPU04HR,Development,W1118,Prepupae,0,0.9614,4
146919_at,BECKSTPREPU04HR,Development,W1118,Prepupae,0,0.8472,4
146920_at,BECKSTPREPU04HR,Development,W1118,Prepupae,1,1.4268,4
146921_at,BECKSTPREPU04HR,Development,W1118,Prepupae,1,1.4543,4
146922_at,BECKSTPREPU04HR,Development,W1118,Prepupae,0,0.891,4
146923_at,BECKSTPREPU04HR,Development,W1118,Prepupae,0,0.8307,4
146924_at,BECKSTPREPU04HR,Development,W1118,Prepupae,0,0.917,4
146925_at,BECKSTPREPU04HR,Development,W1118,Prepupae,0,0.9411,4
146926_at,BECKSTPREPU04HR,Development,W1118,Prepupae,1,1.2398,4
146927_at,BECKSTPREPU04HR,Development,W1118,Prepupae,0,0.883,4
146928_at,BECKSTPREPU04HR,Development,W1118,Prepupae,0,0.8851,4
146929_at,BECKSTPREPU04HR,Development,W1118,Prepupae,0,1.1207,4
146930_at,BECKSTPREPU04HR,Development,W1118,Prepupae,0,0.9672,4
146931_at,BECKSTPREPU04HR,Development,W1118,Prepupae,0,0.9244,4
146932_at,BECKSTPREPU04HR,Development,W1118,Prepupae,1,1.4034,4
146933_at,BECKSTPREPU04HR,Development,W1118,Prepupae,1,1.6021,4
146934_at,BECKSTPREPU04HR,Development,W1118,Prepupae,1,1.2697,4
146935_at,BECKSTPREPU04HR,Development,W1118,Prepupae,0,0.8998,4
146936_at,BECKSTPREPU04HR,Development,W1118,Prepupae,0,1.0193,4
146937_at,BECKSTPREPU04HR,Development,W1118,Prepupae,1,1.2848,4
146938_at,BECKSTPREPU04HR,Development,W1118,Prepupae,0,1.1279,4
146939_at,BECKSTPREPU04HR,Development,W1118,Prepupae,0,1.0419,4
146940_at,BECKSTPREPU04HR,Development,W1118,Prepupae,0,0.876,4
146941_at,BECKSTPREPU04HR,Development,W1118,Prepupae,1,1.4785,4
146942_at,BECKSTPREPU04HR,Development,W1118,Prepupae,1,1.5384,4
146943_at,BECKSTPREPU04HR,Development,W1118,Prepupae,1,1.2528,4
146944_at,BECKSTPREPU04HR,Development,W1118,Prepupae,1,1.2781,4
146945_at,BECKSTPREPU04HR,Development,W1118,Prepupae,0,1.152,4
146946_s_at,BECKSTPREPU04HR,Development,W1118,Prepupae,-1,0.5725,4
146947_at,BECKSTPREPU04HR,Development,W1118,Prepupae,0,0.9576,4
146948_at,BECKSTPREPU04HR,Development,W1118,Prepupae,0,1.0618,4
146949_at,BECKSTPREPU04HR,Development,W1118,Prepupae,-1,0.7749,4
146950_at,BECKSTPREPU04HR,Development,W1118,Prepupae,0,1.0249,4
146951_at,BECKSTPREPU04HR,Development,W1118,Prepupae,1,1.2894,4
146952_at,BECKSTPREPU04HR,Development,W1118,Prepupae,1,1.2476,4
146953_at,BECKSTPREPU04HR,Development,W1118,Prepupae,0,0.9757,4
146954_at,BECKSTPREPU04HR,Development,W1118,Prepupae,0,0.9248,4
146955_at,BECKSTPREPU04HR,Development,W1118,Prepupae,0,1.1358,4
146956_at,BECKSTPREPU04HR,Development,W1118,Prepupae,0,1.1969,4
146957_at,BECKSTPREPU04HR,Development,W1118,Prepupae,0,0.9945,4
146958_at,BECKSTPREPU04HR,Development,W1118,Prepupae,1,1.5799,4
146959_at,BECKSTPREPU04HR,Development,W1118,Prepupae,0,0.9091,4
146960_at,BECKSTPREPU04HR,Development,W1118,Prepupae,0,0.8541,4
146961_at,BECKSTPREPU04HR,Development,W1118,Prepupae,1,1.2251,4
146962_at,BECKSTPREPU04HR,Development,W1118,Prepupae,0,1.084,4
146963_at,BECKSTPREPU04HR,Development,W1118,Prepupae,0,0.9623,4
146964_at,BECKSTPREPU04HR,Development,W1118,Prepupae,1,2.013,4
146965_at,BECKSTPREPU04HR,Development,W1118,Prepupae,0,1.0285,4
146966_at,BECKSTPREPU04HR,Development,W1118,Prepupae,0,0.9968,4
146967_s_at,BECKSTPREPU04HR,Development,W1118,Prepupae,0,0.9165,4
146968_at,BECKSTPREPU04HR,Development,W1118,Prepupae,0,0.9952,4
146969_at,BECKSTPREPU04HR,Development,W1118,Prepupae,0,1.1056,4
146970_at,BECKSTPREPU04HR,Development,W1118,Prepupae,0,1.163,4
146971_at,BECKSTPREPU04HR,Development,W1118,Prepupae,0,0.8364,4
146972_at,BECKSTPREPU04HR,Development,W1118,Prepupae,0,1.1974,4
146973_at,BECKSTPREPU04HR,Development,W1118,Prepupae,0,0.8431,4
146974_at,BECKSTPREPU04HR,Development,W1118,Prepupae,0,0.8774,4
146975_at,BECKSTPREPU04HR,Development,W1118,Prepupae,1,1.305,4
146976_at,BECKSTPREPU04HR,Development,W1118,Prepupae,1,1.944,4
146977_at,BECKSTPREPU04HR,Development,W1118,Prepupae,0,1.1002,4
146978_s_at,BECKSTPREPU04HR,Development,W1118,Prepupae,-1,0.4622,4
146979_at,BECKSTPREPU04HR,Development,W1118,Prepupae,0,1.0613,4
146980_at,BECKSTPREPU04HR,Development,W1118,Prepupae,1,1.9347,4
146981_at,BECKSTPREPU04HR,Development,W1118,Prepupae,1,2.1986,4
146982_at,BECKSTPREPU04HR,Development,W1118,Prepupae,0,1.188,4
146983_at,BECKSTPREPU04HR,Development,W1118,Prepupae,0,1.0869,4
146984_at,BECKSTPREPU04HR,Development,W1118,Prepupae,1,1.3726,4
146985_at,BECKSTPREPU04HR,Development,W1118,Prepupae,1,1.244,4
146986_at,BECKSTPREPU04HR,Development,W1118,Prepupae,0,0.9386,4
146987_at,BECKSTPREPU04HR,Development,W1118,Prepupae,0,1.1693,4
146988_at,BECKSTPREPU04HR,Development,W1118,Prepupae,0,0.8324,4
146989_at,BECKSTPREPU04HR,Development,W1118,Prepupae,1,1.2736,4
146990_at,BECKSTPREPU04HR,Development,W1118,Prepupae,-1,0.4401,4
146991_at,BECKSTPREPU04HR,Development,W1118,Prepupae,1,1.9203,4
146992_at,BECKSTPREPU04HR,Development,W1118,Prepupae,1,1.3072,4
146993_at,BECKSTPREPU04HR,Development,W1118,Prepupae,1,5.6742,4
146994_at,BECKSTPREPU04HR,Development,W1118,Prepupae,1,2.8821,4
146995_at,BECKSTPREPU04HR,Development,W1118,Prepupae,1,1.3242,4
146996_at,BECKSTPREPU04HR,Development,W1118,Prepupae,0,0.9674,4
146997_at,BECKSTPREPU04HR,Development,W1118,Prepupae,0,1.1617,4
146998_at,BECKSTPREPU04HR,Development,W1118,Prepupae,1,1.446,4
146999_at,BECKSTPREPU04HR,Development,W1118,Prepupae,1,2.7119,4
147000_at,BECKSTPREPU04HR,Development,W1118,Prepupae,-1,0.4432,4
147001_at,BECKSTPREPU04HR,Development,W1118,Prepupae,1,1.5843,4
147002_at,BECKSTPREPU04HR,Development,W1118,Prepupae,0,1.0669,4
147003_at,BECKSTPREPU04HR,Development,W1118,Prepupae,0,0.9007,4
147004_at,BECKSTPREPU04HR,Development,W1118,Prepupae,0,1.0382,4
147005_at,BECKSTPREPU04HR,Development,W1118,Prepupae,0,1.1132,4
147006_at,BECKSTPREPU04HR,Development,W1118,Prepupae,0,0.8925,4
147007_s_at,BECKSTPREPU04HR,Development,W1118,Prepupae,0,0.8938,4
147008_at,BECKSTPREPU04HR,Development,W1118,Prepupae,0,0.9958,4
147009_at,BECKSTPREPU04HR,Development,W1118,Prepupae,1,1.2151,4
147010_at,BECKSTPREPU04HR,Development,W1118,Prepupae,1,1.3712,4
147011_at,BECKSTPREPU04HR,Development,W1118,Prepupae,0,1.147,4
147012_at,BECKSTPREPU04HR,Development,W1118,Prepupae,0,0.9207,4
147013_at,BECKSTPREPU04HR,Development,W1118,Prepupae,0,0.9356,4
147014_at,BECKSTPREPU04HR,Development,W1118,Prepupae,1,1.3985,4
147015_at,BECKSTPREPU04HR,Development,W1118,Prepupae,1,1.3351,4
147016_at,BECKSTPREPU04HR,Development,W1118,Prepupae,0,0.9201,4
147017_at,BECKSTPREPU04HR,Development,W1118,Prepupae,0,0.95,4
147018_at,BECKSTPREPU04HR,Development,W1118,Prepupae,0,0.9715,4
147019_at,BECKSTPREPU04HR,Development,W1118,Prepupae,1,1.237,4
147020_at,BECKSTPREPU04HR,Development,W1118,Prepupae,0,1.0796,4
147021_at,BECKSTPREPU04HR,Development,W1118,Prepupae,0,1.06,4
147022_at,BECKSTPREPU04HR,Development,W1118,Prepupae,0,0.912,4
147023_at,BECKSTPREPU04HR,Development,W1118,Prepupae,0,1.0498,4
147024_at,BECKSTPREPU04HR,Development,W1118,Prepupae,0,0.8828,4
147025_at,BECKSTPREPU04HR,Development,W1118,Prepupae,0,1.1414,4
147026_at,BECKSTPREPU04HR,Development,W1118,Prepupae,0,0.857,4
147027_at,BECKSTPREPU04HR,Development,W1118,Prepupae,-1,0.6237,4
147028_i_at,BECKSTPREPU04HR,Development,W1118,Prepupae,0,0.8285,4
147029_s_at,BECKSTPREPU04HR,Development,W1118,Prepupae,-1,0.5989,4
147030_at,BECKSTPREPU04HR,Development,W1118,Prepupae,1,1.6504,4
147031_at,BECKSTPREPU04HR,Development,W1118,Prepupae,1,1.2556,4
147032_at,BECKSTPREPU04HR,Development,W1118,Prepupae,0,1.0043,4
147033_at,BECKSTPREPU04HR,Development,W1118,Prepupae,1,1.5061,4
147034_at,BECKSTPREPU04HR,Development,W1118,Prepupae,0,0.8619,4
147035_at,BECKSTPREPU04HR,Development,W1118,Prepupae,1,2.3679,4
147036_at,BECKSTPREPU04HR,Development,W1118,Prepupae,1,1.2451,4
147037_at,BECKSTPREPU04HR,Development,W1118,Prepupae,0,0.9839,4
147038_at,BECKSTPREPU04HR,Development,W1118,Prepupae,0,0.9623,4
147039_at,BECKSTPREPU04HR,Development,W1118,Prepupae,0,0.9496,4
147040_at,BECKSTPREPU04HR,Development,W1118,Prepupae,0,0.8444,4
147041_at,BECKSTPREPU04HR,Development,W1118,Prepupae,0,0.9233,4
147042_at,BECKSTPREPU04HR,Development,W1118,Prepupae,1,1.8533,4
147043_at,BECKSTPREPU04HR,Development,W1118,Prepupae,1,1.2394,4
147044_at,BECKSTPREPU04HR,Development,W1118,Prepupae,1,1.6337,4
147045_at,BECKSTPREPU04HR,Development,W1118,Prepupae,1,2.0188,4
147046_at,BECKSTPREPU04HR,Development,W1118,Prepupae,1,1.3705,4
147047_at,BECKSTPREPU04HR,Development,W1118,Prepupae,1,1.3875,4
147048_at,BECKSTPREPU04HR,Development,W1118,Prepupae,1,2.3232,4
147049_at,BECKSTPREPU04HR,Development,W1118,Prepupae,0,0.9637,4
147050_at,BECKSTPREPU04HR,Development,W1118,Prepupae,0,0.8789,4
147051_at,BECKSTPREPU04HR,Development,W1118,Prepupae,1,2.0157,4
147052_at,BECKSTPREPU04HR,Development,W1118,Prepupae,0,0.9279,4
147053_at,BECKSTPREPU04HR,Development,W1118,Prepupae,0,1.1774,4
147054_at,BECKSTPREPU04HR,Development,W1118,Prepupae,1,1.6485,4
147055_at,BECKSTPREPU04HR,Development,W1118,Prepupae,0,1.0122,4
147056_at,BECKSTPREPU04HR,Development,W1118,Prepupae,0,1.0045,4
147057_at,BECKSTPREPU04HR,Development,W1118,Prepupae,1,1.236,4
147058_at,BECKSTPREPU04HR,Development,W1118,Prepupae,0,1.1559,4
147059_s_at,BECKSTPREPU04HR,Development,W1118,Prepupae,1,1.4703,4
147060_at,BECKSTPREPU04HR,Development,W1118,Prepupae,-1,0.7624,4
147061_at,BECKSTPREPU04HR,Development,W1118,Prepupae,0,1.1548,4
147062_at,BECKSTPREPU04HR,Development,W1118,Prepupae,0,0.8571,4
147063_at,BECKSTPREPU04HR,Development,W1118,Prepupae,0,1.1065,4
147064_at,BECKSTPREPU04HR,Development,W1118,Prepupae,0,1.1107,4
147065_at,BECKSTPREPU04HR,Development,W1118,Prepupae,1,1.3226,4
147066_at,BECKSTPREPU04HR,Development,W1118,Prepupae,0,0.9729,4
147067_at,BECKSTPREPU04HR,Development,W1118,Prepupae,0,0.9051,4
147068_at,BECKSTPREPU04HR,Development,W1118,Prepupae,1,2.4727,4
147069_at,BECKSTPREPU04HR,Development,W1118,Prepupae,1,1.3079,4
147070_at,BECKSTPREPU04HR,Development,W1118,Prepupae,0,1.0992,4
147071_at,BECKSTPREPU04HR,Development,W1118,Prepupae,0,1.1874,4
147072_at,BECKSTPREPU04HR,Development,W1118,Prepupae,0,0.9329,4
147073_at,BECKSTPREPU04HR,Development,W1118,Prepupae,0,1.1255,4
147074_at,BECKSTPREPU04HR,Development,W1118,Prepupae,0,1.0256,4
147075_at,BECKSTPREPU04HR,Development,W1118,Prepupae,0,0.9004,4
147076_at,BECKSTPREPU04HR,Development,W1118,Prepupae,1,1.4312,4
147077_at,BECKSTPREPU04HR,Development,W1118,Prepupae,0,0.9923,4
147078_at,BECKSTPREPU04HR,Development,W1118,Prepupae,1,1.3219,4
147079_at,BECKSTPREPU04HR,Development,W1118,Prepupae,0,1.0039,4
147080_at,BECKSTPREPU04HR,Development,W1118,Prepupae,0,0.9779,4
147081_at,BECKSTPREPU04HR,Development,W1118,Prepupae,0,0.9974,4
147082_at,BECKSTPREPU04HR,Development,W1118,Prepupae,1,1.4773,4
147083_at,BECKSTPREPU04HR,Development,W1118,Prepupae,0,1.1071,4
147084_at,BECKSTPREPU04HR,Development,W1118,Prepupae,0,1.0203,4
147085_at,BECKSTPREPU04HR,Development,W1118,Prepupae,1,1.5296,4
147086_at,BECKSTPREPU04HR,Development,W1118,Prepupae,1,1.2225,4
147087_at,BECKSTPREPU04HR,Development,W1118,Prepupae,1,1.6298,4
147088_at,BECKSTPREPU04HR,Development,W1118,Prepupae,1,2.6217,4
147089_at,BECKSTPREPU04HR,Development,W1118,Prepupae,1,3.0811,4
147090_at,BECKSTPREPU04HR,Development,W1118,Prepupae,1,1.5764,4
147091_at,BECKSTPREPU04HR,Development,W1118,Prepupae,1,1.4137,4
147092_at,BECKSTPREPU04HR,Development,W1118,Prepupae,1,1.5828,4
147093_at,BECKSTPREPU04HR,Development,W1118,Prepupae,1,1.2387,4
147094_at,BECKSTPREPU04HR,Development,W1118,Prepupae,0,1.1991,4
147095_at,BECKSTPREPU04HR,Development,W1118,Prepupae,0,1.1027,4
147096_at,BECKSTPREPU04HR,Development,W1118,Prepupae,-1,0.7875,4
147097_at,BECKSTPREPU04HR,Development,W1118,Prepupae,0,1.095,4
147098_at,BECKSTPREPU04HR,Development,W1118,Prepupae,1,1.5917,4
147099_s_at,BECKSTPREPU04HR,Development,W1118,Prepupae,0,1.1047,4
147100_i_at,BECKSTPREPU04HR,Development,W1118,Prepupae,1,1.2109,4
147101_r_at,BECKSTPREPU04HR,Development,W1118,Prepupae,1,1.227,4
147102_at,BECKSTPREPU04HR,Development,W1118,Prepupae,0,0.8393,4
147103_at,BECKSTPREPU04HR,Development,W1118,Prepupae,0,0.9309,4
147104_at,BECKSTPREPU04HR,Development,W1118,Prepupae,0,0.9467,4
147105_at,BECKSTPREPU04HR,Development,W1118,Prepupae,-1,0.6001,4
147106_at,BECKSTPREPU04HR,Development,W1118,Prepupae,0,0.9276,4
147107_at,BECKSTPREPU04HR,Development,W1118,Prepupae,0,1.1958,4
147108_at,BECKSTPREPU04HR,Development,W1118,Prepupae,-1,0.3645,4
147109_at,BECKSTPREPU04HR,Development,W1118,Prepupae,-1,0.7308,4
147110_at,BECKSTPREPU04HR,Development,W1118,Prepupae,0,1.1871,4
147111_at,BECKSTPREPU04HR,Development,W1118,Prepupae,1,1.3931,4
147112_at,BECKSTPREPU04HR,Development,W1118,Prepupae,0,0.8591,4
147113_at,BECKSTPREPU04HR,Development,W1118,Prepupae,1,1.2327,4
147114_at,BECKSTPREPU04HR,Development,W1118,Prepupae,0,1.0398,4
147115_s_at,BECKSTPREPU04HR,Development,W1118,Prepupae,0,1.0999,4
147116_at,BECKSTPREPU04HR,Development,W1118,Prepupae,0,0.9118,4
147117_at,BECKSTPREPU04HR,Development,W1118,Prepupae,1,1.8568,4
147118_at,BECKSTPREPU04HR,Development,W1118,Prepupae,1,1.2687,4
147119_at,BECKSTPREPU04HR,Development,W1118,Prepupae,1,1.4635,4
147120_at,BECKSTPREPU04HR,Development,W1118,Prepupae,1,1.5396,4
147121_at,BECKSTPREPU04HR,Development,W1118,Prepupae,0,1.0742,4
147122_at,BECKSTPREPU04HR,Development,W1118,Prepupae,1,1.2265,4
147123_at,BECKSTPREPU04HR,Development,W1118,Prepupae,-1,0.7971,4
147124_at,BECKSTPREPU04HR,Development,W1118,Prepupae,0,1.0392,4
147125_at,BECKSTPREPU04HR,Development,W1118,Prepupae,0,1.0609,4
147126_i_at,BECKSTPREPU04HR,Development,W1118,Prepupae,0,0.8081,4
147127_s_at,BECKSTPREPU04HR,Development,W1118,Prepupae,0,1.0451,4
147128_r_at,BECKSTPREPU04HR,Development,W1118,Prepupae,1,2.9613,4
147129_at,BECKSTPREPU04HR,Development,W1118,Prepupae,1,1.2441,4
147130_at,BECKSTPREPU04HR,Development,W1118,Prepupae,1,1.9279,4
147131_at,BECKSTPREPU04HR,Development,W1118,Prepupae,0,0.9201,4
147132_at,BECKSTPREPU04HR,Development,W1118,Prepupae,0,0.9641,4
147133_at,BECKSTPREPU04HR,Development,W1118,Prepupae,0,1.1557,4
147134_at,BECKSTPREPU04HR,Development,W1118,Prepupae,1,1.5123,4
147135_at,BECKSTPREPU04HR,Development,W1118,Prepupae,-1,0.5867,4
147136_at,BECKSTPREPU04HR,Development,W1118,Prepupae,0,1.1036,4
147137_at,BECKSTPREPU04HR,Development,W1118,Prepupae,0,1.0048,4
147138_at,BECKSTPREPU04HR,Development,W1118,Prepupae,1,1.358,4
147139_at,BECKSTPREPU04HR,Development,W1118,Prepupae,-1,0.6652,4
147140_at,BECKSTPREPU04HR,Development,W1118,Prepupae,1,2.1778,4
147141_at,BECKSTPREPU04HR,Development,W1118,Prepupae,1,1.5082,4
147142_at,BECKSTPREPU04HR,Development,W1118,Prepupae,1,1.3016,4
147143_at,BECKSTPREPU04HR,Development,W1118,Prepupae,1,1.9013,4
147144_at,BECKSTPREPU04HR,Development,W1118,Prepupae,1,1.8653,4
147145_at,BECKSTPREPU04HR,Development,W1118,Prepupae,1,1.6858,4
147146_at,BECKSTPREPU04HR,Development,W1118,Prepupae,0,1.0412,4
147147_at,BECKSTPREPU04HR,Development,W1118,Prepupae,1,2.6523,4
147148_at,BECKSTPREPU04HR,Development,W1118,Prepupae,1,1.2975,4
147149_at,BECKSTPREPU04HR,Development,W1118,Prepupae,0,1.0752,4
147150_at,BECKSTPREPU04HR,Development,W1118,Prepupae,0,1.0226,4
147151_at,BECKSTPREPU04HR,Development,W1118,Prepupae,0,0.8392,4
147152_at,BECKSTPREPU04HR,Development,W1118,Prepupae,1,2.9393,4
147153_at,BECKSTPREPU04HR,Development,W1118,Prepupae,0,1.0846,4
147154_at,BECKSTPREPU04HR,Development,W1118,Prepupae,0,1.0843,4
147155_at,BECKSTPREPU04HR,Development,W1118,Prepupae,0,1.0696,4
147156_at,BECKSTPREPU04HR,Development,W1118,Prepupae,1,1.245,4
147157_at,BECKSTPREPU04HR,Development,W1118,Prepupae,1,1.3467,4
147158_at,BECKSTPREPU04HR,Development,W1118,Prepupae,0,1.0386,4
147159_at,BECKSTPREPU04HR,Development,W1118,Prepupae,0,0.9616,4
147160_at,BECKSTPREPU04HR,Development,W1118,Prepupae,0,0.8938,4
147161_at,BECKSTPREPU04HR,Development,W1118,Prepupae,0,1.0836,4
147162_at,BECKSTPREPU04HR,Development,W1118,Prepupae,0,1.1582,4
147163_at,BECKSTPREPU04HR,Development,W1118,Prepupae,-1,0.7143,4
147164_at,BECKSTPREPU04HR,Development,W1118,Prepupae,0,0.9164,4
147165_at,BECKSTPREPU04HR,Development,W1118,Prepupae,1,1.2505,4
147166_at,BECKSTPREPU04HR,Development,W1118,Prepupae,0,1.1298,4
147167_at,BECKSTPREPU04HR,Development,W1118,Prepupae,1,1.4055,4
147168_at,BECKSTPREPU04HR,Development,W1118,Prepupae,1,1.2754,4
147169_at,BECKSTPREPU04HR,Development,W1118,Prepupae,0,0.9545,4
147170_at,BECKSTPREPU04HR,Development,W1118,Prepupae,0,0.9911,4
147171_at,BECKSTPREPU04HR,Development,W1118,Prepupae,1,1.4414,4
147172_at,BECKSTPREPU04HR,Development,W1118,Prepupae,1,1.8419,4
147173_at,BECKSTPREPU04HR,Development,W1118,Prepupae,1,1.2954,4
147174_at,BECKSTPREPU04HR,Development,W1118,Prepupae,1,1.5885,4
147175_at,BECKSTPREPU04HR,Development,W1118,Prepupae,0,1.192,4
147176_at,BECKSTPREPU04HR,Development,W1118,Prepupae,0,1.1043,4
147177_at,BECKSTPREPU04HR,Development,W1118,Prepupae,0,1.1274,4
147178_at,BECKSTPREPU04HR,Development,W1118,Prepupae,0,0.9695,4
147179_at,BECKSTPREPU04HR,Development,W1118,Prepupae,0,0.9154,4
147180_at,BECKSTPREPU04HR,Development,W1118,Prepupae,0,1.1397,4
147181_at,BECKSTPREPU04HR,Development,W1118,Prepupae,0,0.8002,4
147182_i_at,BECKSTPREPU04HR,Development,W1118,Prepupae,1,1.9466,4
147183_r_at,BECKSTPREPU04HR,Development,W1118,Prepupae,1,3.0144,4
147184_at,BECKSTPREPU04HR,Development,W1118,Prepupae,1,1.2192,4
147185_at,BECKSTPREPU04HR,Development,W1118,Prepupae,-1,0.7967,4
147186_at,BECKSTPREPU04HR,Development,W1118,Prepupae,0,0.9058,4
147187_at,BECKSTPREPU04HR,Development,W1118,Prepupae,0,1.0114,4
147188_at,BECKSTPREPU04HR,Development,W1118,Prepupae,0,1.1732,4
147189_at,BECKSTPREPU04HR,Development,W1118,Prepupae,0,1.0608,4
147190_at,BECKSTPREPU04HR,Development,W1118,Prepupae,1,1.6533,4
147191_at,BECKSTPREPU04HR,Development,W1118,Prepupae,0,1.0209,4
147192_at,BECKSTPREPU04HR,Development,W1118,Prepupae,0,1.1424,4
147193_at,BECKSTPREPU04HR,Development,W1118,Prepupae,0,0.8759,4
147194_at,BECKSTPREPU04HR,Development,W1118,Prepupae,1,2.0299,4
147195_at,BECKSTPREPU04HR,Development,W1118,Prepupae,0,1.0543,4
147196_at,BECKSTPREPU04HR,Development,W1118,Prepupae,1,1.3985,4
147197_at,BECKSTPREPU04HR,Development,W1118,Prepupae,0,0.8892,4
147198_at,BECKSTPREPU04HR,Development,W1118,Prepupae,0,1.0832,4
147199_at,BECKSTPREPU04HR,Development,W1118,Prepupae,-1,0.7169,4
147200_at,BECKSTPREPU04HR,Development,W1118,Prepupae,0,1.0797,4
147201_at,BECKSTPREPU04HR,Development,W1118,Prepupae,0,0.8523,4
147202_at,BECKSTPREPU04HR,Development,W1118,Prepupae,1,1.6875,4
147203_at,BECKSTPREPU04HR,Development,W1118,Prepupae,0,0.8947,4
147204_at,BECKSTPREPU04HR,Development,W1118,Prepupae,0,1.0942,4
147205_at,BECKSTPREPU04HR,Development,W1118,Prepupae,1,2.1469,4
147206_at,BECKSTPREPU04HR,Development,W1118,Prepupae,-1,0.5876,4
147207_at,BECKSTPREPU04HR,Development,W1118,Prepupae,0,0.9988,4
147208_at,BECKSTPREPU04HR,Development,W1118,Prepupae,0,1.1481,4
147209_at,BECKSTPREPU04HR,Development,W1118,Prepupae,0,0.9961,4
147210_at,BECKSTPREPU04HR,Development,W1118,Prepupae,-1,0.7127,4
147211_at,BECKSTPREPU04HR,Development,W1118,Prepupae,0,0.9024,4
147212_at,BECKSTPREPU04HR,Development,W1118,Prepupae,-1,0.7238,4
147213_at,BECKSTPREPU04HR,Development,W1118,Prepupae,0,1.0311,4
147214_at,BECKSTPREPU04HR,Development,W1118,Prepupae,-1,0.7987,4
147215_at,BECKSTPREPU04HR,Development,W1118,Prepupae,0,1.0649,4
147216_at,BECKSTPREPU04HR,Development,W1118,Prepupae,0,1.1677,4
147217_at,BECKSTPREPU04HR,Development,W1118,Prepupae,1,1.495,4
147218_at,BECKSTPREPU04HR,Development,W1118,Prepupae,0,0.9711,4
147219_at,BECKSTPREPU04HR,Development,W1118,Prepupae,1,1.5458,4
147220_s_at,BECKSTPREPU04HR,Development,W1118,Prepupae,-1,0.4723,4
147221_at,BECKSTPREPU04HR,Development,W1118,Prepupae,1,1.3158,4
147222_at,BECKSTPREPU04HR,Development,W1118,Prepupae,0,1.0915,4
147223_at,BECKSTPREPU04HR,Development,W1118,Prepupae,1,1.2497,4
147224_at,BECKSTPREPU04HR,Development,W1118,Prepupae,0,1.0294,4
147225_at,BECKSTPREPU04HR,Development,W1118,Prepupae,-1,0.5951,4
147226_at,BECKSTPREPU04HR,Development,W1118,Prepupae,0,1.0703,4
147227_at,BECKSTPREPU04HR,Development,W1118,Prepupae,1,1.2158,4
147228_at,BECKSTPREPU04HR,Development,W1118,Prepupae,0,1.1029,4
147229_at,BECKSTPREPU04HR,Development,W1118,Prepupae,0,0.919,4
147230_at,BECKSTPREPU04HR,Development,W1118,Prepupae,0,0.9897,4
147231_at,BECKSTPREPU04HR,Development,W1118,Prepupae,0,0.9682,4
147232_at,BECKSTPREPU04HR,Development,W1118,Prepupae,0,1.1431,4
147233_at,BECKSTPREPU04HR,Development,W1118,Prepupae,-1,0.5802,4
147234_at,BECKSTPREPU04HR,Development,W1118,Prepupae,1,1.7134,4
147235_at,BECKSTPREPU04HR,Development,W1118,Prepupae,1,1.4217,4
147236_at,BECKSTPREPU04HR,Development,W1118,Prepupae,0,0.9758,4
147237_at,BECKSTPREPU04HR,Development,W1118,Prepupae,1,1.4104,4
147238_at,BECKSTPREPU04HR,Development,W1118,Prepupae,0,0.9992,4
147239_at,BECKSTPREPU04HR,Development,W1118,Prepupae,0,0.9257,4
147240_at,BECKSTPREPU04HR,Development,W1118,Prepupae,1,1.5771,4
147241_at,BECKSTPREPU04HR,Development,W1118,Prepupae,1,1.3151,4
147242_at,BECKSTPREPU04HR,Development,W1118,Prepupae,-1,0.5378,4
147243_at,BECKSTPREPU04HR,Development,W1118,Prepupae,1,1.4363,4
147244_at,BECKSTPREPU04HR,Development,W1118,Prepupae,1,1.2821,4
147245_at,BECKSTPREPU04HR,Development,W1118,Prepupae,0,0.9548,4
147246_at,BECKSTPREPU04HR,Development,W1118,Prepupae,1,1.2011,4
147247_at,BECKSTPREPU04HR,Development,W1118,Prepupae,1,1.3907,4
147248_at,BECKSTPREPU04HR,Development,W1118,Prepupae,1,1.5705,4
147249_at,BECKSTPREPU04HR,Development,W1118,Prepupae,1,1.2384,4
147250_at,BECKSTPREPU04HR,Development,W1118,Prepupae,0,1.0887,4
147251_at,BECKSTPREPU04HR,Development,W1118,Prepupae,1,1.2521,4
147252_at,BECKSTPREPU04HR,Development,W1118,Prepupae,1,1.511,4
147253_at,BECKSTPREPU04HR,Development,W1118,Prepupae,1,2.0745,4
147254_at,BECKSTPREPU04HR,Development,W1118,Prepupae,0,0.8575,4
147255_at,BECKSTPREPU04HR,Development,W1118,Prepupae,-1,0.7607,4
147256_at,BECKSTPREPU04HR,Development,W1118,Prepupae,-1,0.7254,4
147257_at,BECKSTPREPU04HR,Development,W1118,Prepupae,1,1.2434,4
147258_at,BECKSTPREPU04HR,Development,W1118,Prepupae,0,0.8856,4
147259_at,BECKSTPREPU04HR,Development,W1118,Prepupae,0,0.9925,4
147260_at,BECKSTPREPU04HR,Development,W1118,Prepupae,1,1.5002,4
147261_at,BECKSTPREPU04HR,Development,W1118,Prepupae,1,1.2104,4
147262_at,BECKSTPREPU04HR,Development,W1118,Prepupae,-1,0.6975,4
147263_at,BECKSTPREPU04HR,Development,W1118,Prepupae,0,1.1033,4
147264_at,BECKSTPREPU04HR,Development,W1118,Prepupae,0,1.0899,4
147265_at,BECKSTPREPU04HR,Development,W1118,Prepupae,0,1.017,4
147266_at,BECKSTPREPU04HR,Development,W1118,Prepupae,1,1.3736,4
147267_at,BECKSTPREPU04HR,Development,W1118,Prepupae,1,1.4231,4
147268_at,BECKSTPREPU04HR,Development,W1118,Prepupae,1,1.4921,4
147269_at,BECKSTPREPU04HR,Development,W1118,Prepupae,1,1.338,4
147270_at,BECKSTPREPU04HR,Development,W1118,Prepupae,1,1.8285,4
147271_at,BECKSTPREPU04HR,Development,W1118,Prepupae,0,0.8294,4
147272_at,BECKSTPREPU04HR,Development,W1118,Prepupae,1,1.206,4
147273_at,BECKSTPREPU04HR,Development,W1118,Prepupae,0,0.9664,4
147274_at,BECKSTPREPU04HR,Development,W1118,Prepupae,0,0.9355,4
147275_at,BECKSTPREPU04HR,Development,W1118,Prepupae,0,1.0663,4
147276_at,BECKSTPREPU04HR,Development,W1118,Prepupae,0,0.8464,4
147277_at,BECKSTPREPU04HR,Development,W1118,Prepupae,-1,0.6044,4
147278_at,BECKSTPREPU04HR,Development,W1118,Prepupae,0,0.8545,4
147279_at,BECKSTPREPU04HR,Development,W1118,Prepupae,-1,0.5854,4
147280_at,BECKSTPREPU04HR,Development,W1118,Prepupae,1,2.3403,4
147281_at,BECKSTPREPU04HR,Development,W1118,Prepupae,0,1.1519,4
147282_at,BECKSTPREPU04HR,Development,W1118,Prepupae,0,1.0724,4
147283_at,BECKSTPREPU04HR,Development,W1118,Prepupae,0,0.9817,4
147284_at,BECKSTPREPU04HR,Development,W1118,Prepupae,0,0.8232,4
147285_at,BECKSTPREPU04HR,Development,W1118,Prepupae,1,1.6187,4
147286_at,BECKSTPREPU04HR,Development,W1118,Prepupae,0,1.068,4
147287_at,BECKSTPREPU04HR,Development,W1118,Prepupae,-1,0.7261,4
147288_at,BECKSTPREPU04HR,Development,W1118,Prepupae,0,1.0825,4
147289_at,BECKSTPREPU04HR,Development,W1118,Prepupae,1,1.3354,4
147290_at,BECKSTPREPU04HR,Development,W1118,Prepupae,0,1.0335,4
147291_at,BECKSTPREPU04HR,Development,W1118,Prepupae,0,0.8795,4
147292_at,BECKSTPREPU04HR,Development,W1118,Prepupae,0,1.0552,4
147293_at,BECKSTPREPU04HR,Development,W1118,Prepupae,1,1.4981,4
147294_at,BECKSTPREPU04HR,Development,W1118,Prepupae,1,1.4566,4
147295_at,BECKSTPREPU04HR,Development,W1118,Prepupae,0,1.075,4
147296_at,BECKSTPREPU04HR,Development,W1118,Prepupae,1,1.242,4
147297_at,BECKSTPREPU04HR,Development,W1118,Prepupae,1,1.3588,4
147298_at,BECKSTPREPU04HR,Development,W1118,Prepupae,1,1.2631,4
147299_at,BECKSTPREPU04HR,Development,W1118,Prepupae,0,1.1889,4
147300_at,BECKSTPREPU04HR,Development,W1118,Prepupae,1,1.9635,4
147301_at,BECKSTPREPU04HR,Development,W1118,Prepupae,1,1.7324,4
147302_at,BECKSTPREPU04HR,Development,W1118,Prepupae,1,2.3036,4
147303_at,BECKSTPREPU04HR,Development,W1118,Prepupae,1,1.5461,4
147304_at,BECKSTPREPU04HR,Development,W1118,Prepupae,0,1.008,4
147305_at,BECKSTPREPU04HR,Development,W1118,Prepupae,0,0.9992,4
147306_at,BECKSTPREPU04HR,Development,W1118,Prepupae,0,1.0351,4
147307_at,BECKSTPREPU04HR,Development,W1118,Prepupae,1,2.0223,4
147308_at,BECKSTPREPU04HR,Development,W1118,Prepupae,0,1.0608,4
147309_at,BECKSTPREPU04HR,Development,W1118,Prepupae,0,0.9039,4
147310_at,BECKSTPREPU04HR,Development,W1118,Prepupae,0,0.9689,4
147311_at,BECKSTPREPU04HR,Development,W1118,Prepupae,0,0.9395,4
147312_at,BECKSTPREPU04HR,Development,W1118,Prepupae,1,1.2813,4
147313_at,BECKSTPREPU04HR,Development,W1118,Prepupae,1,1.567,4
147314_at,BECKSTPREPU04HR,Development,W1118,Prepupae,0,0.8516,4
147315_at,BECKSTPREPU04HR,Development,W1118,Prepupae,0,0.9525,4
147316_at,BECKSTPREPU04HR,Development,W1118,Prepupae,1,1.3301,4
147317_at,BECKSTPREPU04HR,Development,W1118,Prepupae,0,0.9445,4
147318_at,BECKSTPREPU04HR,Development,W1118,Prepupae,1,1.4662,4
147319_at,BECKSTPREPU04HR,Development,W1118,Prepupae,1,1.5463,4
147320_at,BECKSTPREPU04HR,Development,W1118,Prepupae,1,1.5763,4
147321_at,BECKSTPREPU04HR,Development,W1118,Prepupae,0,0.8629,4
147322_at,BECKSTPREPU04HR,Development,W1118,Prepupae,1,1.2842,4
147323_at,BECKSTPREPU04HR,Development,W1118,Prepupae,0,0.9783,4
147324_at,BECKSTPREPU04HR,Development,W1118,Prepupae,0,0.8184,4
147325_at,BECKSTPREPU04HR,Development,W1118,Prepupae,0,0.9063,4
147326_at,BECKSTPREPU04HR,Development,W1118,Prepupae,0,1.1619,4
147327_at,BECKSTPREPU04HR,Development,W1118,Prepupae,1,1.5063,4
147328_at,BECKSTPREPU04HR,Development,W1118,Prepupae,1,1.2769,4
147329_at,BECKSTPREPU04HR,Development,W1118,Prepupae,1,1.671,4
147330_at,BECKSTPREPU04HR,Development,W1118,Prepupae,0,1.0247,4
147331_at,BECKSTPREPU04HR,Development,W1118,Prepupae,1,1.2754,4
147332_at,BECKSTPREPU04HR,Development,W1118,Prepupae,1,1.3715,4
147333_at,BECKSTPREPU04HR,Development,W1118,Prepupae,1,2.5545,4
147334_at,BECKSTPREPU04HR,Development,W1118,Prepupae,1,1.4253,4
147335_at,BECKSTPREPU04HR,Development,W1118,Prepupae,1,1.46,4
147336_at,BECKSTPREPU04HR,Development,W1118,Prepupae,1,2.4666,4
147337_at,BECKSTPREPU04HR,Development,W1118,Prepupae,-1,0.6168,4
147338_at,BECKSTPREPU04HR,Development,W1118,Prepupae,0,1.0538,4
147339_at,BECKSTPREPU04HR,Development,W1118,Prepupae,1,1.3917,4
147340_at,BECKSTPREPU04HR,Development,W1118,Prepupae,1,1.2745,4
147341_at,BECKSTPREPU04HR,Development,W1118,Prepupae,0,0.8971,4
147342_at,BECKSTPREPU04HR,Development,W1118,Prepupae,0,0.9007,4
147343_at,BECKSTPREPU04HR,Development,W1118,Prepupae,1,1.3254,4
147344_at,BECKSTPREPU04HR,Development,W1118,Prepupae,-1,0.6727,4
147345_at,BECKSTPREPU04HR,Development,W1118,Prepupae,1,1.4305,4
147346_at,BECKSTPREPU04HR,Development,W1118,Prepupae,-1,0.741,4
147347_at,BECKSTPREPU04HR,Development,W1118,Prepupae,-1,0.7385,4
147348_at,BECKSTPREPU04HR,Development,W1118,Prepupae,0,1.0267,4
147349_at,BECKSTPREPU04HR,Development,W1118,Prepupae,1,1.424,4
147350_at,BECKSTPREPU04HR,Development,W1118,Prepupae,0,1.0685,4
147351_at,BECKSTPREPU04HR,Development,W1118,Prepupae,0,0.8705,4
147352_at,BECKSTPREPU04HR,Development,W1118,Prepupae,1,1.5264,4
147353_at,BECKSTPREPU04HR,Development,W1118,Prepupae,-1,0.6645,4
147354_at,BECKSTPREPU04HR,Development,W1118,Prepupae,-1,0.6461,4
147355_at,BECKSTPREPU04HR,Development,W1118,Prepupae,0,1.1923,4
147356_at,BECKSTPREPU04HR,Development,W1118,Prepupae,0,1.1077,4
147357_at,BECKSTPREPU04HR,Development,W1118,Prepupae,0,1.1363,4
147358_at,BECKSTPREPU04HR,Development,W1118,Prepupae,1,1.4364,4
147359_at,BECKSTPREPU04HR,Development,W1118,Prepupae,0,1.0194,4
147360_at,BECKSTPREPU04HR,Development,W1118,Prepupae,0,0.9148,4
147361_at,BECKSTPREPU04HR,Development,W1118,Prepupae,0,0.8769,4
147362_at,BECKSTPREPU04HR,Development,W1118,Prepupae,1,1.6,4
147363_at,BECKSTPREPU04HR,Development,W1118,Prepupae,0,1.0723,4
147364_at,BECKSTPREPU04HR,Development,W1118,Prepupae,-1,0.6344,4
147365_at,BECKSTPREPU04HR,Development,W1118,Prepupae,0,1.1049,4
147366_at,BECKSTPREPU04HR,Development,W1118,Prepupae,0,1.1497,4
147367_at,BECKSTPREPU04HR,Development,W1118,Prepupae,-1,0.7667,4
147368_at,BECKSTPREPU04HR,Development,W1118,Prepupae,0,0.9657,4
147369_at,BECKSTPREPU04HR,Development,W1118,Prepupae,0,0.9627,4
147370_at,BECKSTPREPU04HR,Development,W1118,Prepupae,0,0.923,4
147371_at,BECKSTPREPU04HR,Development,W1118,Prepupae,1,1.6181,4
147372_at,BECKSTPREPU04HR,Development,W1118,Prepupae,0,1.0361,4
147373_at,BECKSTPREPU04HR,Development,W1118,Prepupae,0,0.965,4
147374_at,BECKSTPREPU04HR,Development,W1118,Prepupae,-1,0.6571,4
147375_at,BECKSTPREPU04HR,Development,W1118,Prepupae,1,1.5637,4
147376_at,BECKSTPREPU04HR,Development,W1118,Prepupae,1,1.2174,4
147377_at,BECKSTPREPU04HR,Development,W1118,Prepupae,-1,0.6698,4
147378_at,BECKSTPREPU04HR,Development,W1118,Prepupae,0,0.8846,4
147379_at,BECKSTPREPU04HR,Development,W1118,Prepupae,0,1.1695,4
147380_at,BECKSTPREPU04HR,Development,W1118,Prepupae,1,1.3424,4
147381_at,BECKSTPREPU04HR,Development,W1118,Prepupae,0,0.8551,4
147382_at,BECKSTPREPU04HR,Development,W1118,Prepupae,0,1.1,4
147383_at,BECKSTPREPU04HR,Development,W1118,Prepupae,1,1.6539,4
147384_at,BECKSTPREPU04HR,Development,W1118,Prepupae,1,1.2885,4
147385_at,BECKSTPREPU04HR,Development,W1118,Prepupae,0,1.1083,4
147386_at,BECKSTPREPU04HR,Development,W1118,Prepupae,0,1.1701,4
147387_at,BECKSTPREPU04HR,Development,W1118,Prepupae,0,1.0617,4
147388_at,BECKSTPREPU04HR,Development,W1118,Prepupae,0,0.8946,4
147389_at,BECKSTPREPU04HR,Development,W1118,Prepupae,1,1.8153,4
147390_at,BECKSTPREPU04HR,Development,W1118,Prepupae,0,0.9065,4
147391_at,BECKSTPREPU04HR,Development,W1118,Prepupae,1,1.3362,4
147392_at,BECKSTPREPU04HR,Development,W1118,Prepupae,-1,0.5886,4
147393_at,BECKSTPREPU04HR,Development,W1118,Prepupae,-1,0.6321,4
147394_at,BECKSTPREPU04HR,Development,W1118,Prepupae,0,0.9212,4
147395_at,BECKSTPREPU04HR,Development,W1118,Prepupae,0,1.1348,4
147396_at,BECKSTPREPU04HR,Development,W1118,Prepupae,-1,0.7756,4
147397_at,BECKSTPREPU04HR,Development,W1118,Prepupae,0,1.1034,4
147398_at,BECKSTPREPU04HR,Development,W1118,Prepupae,-1,0.7693,4
147399_at,BECKSTPREPU04HR,Development,W1118,Prepupae,0,0.986,4
147400_at,BECKSTPREPU04HR,Development,W1118,Prepupae,1,1.2826,4
147401_at,BECKSTPREPU04HR,Development,W1118,Prepupae,1,1.3659,4
147402_at,BECKSTPREPU04HR,Development,W1118,Prepupae,1,1.7173,4
147403_at,BECKSTPREPU04HR,Development,W1118,Prepupae,1,1.4804,4
147404_at,BECKSTPREPU04HR,Development,W1118,Prepupae,0,1.0033,4
147405_at,BECKSTPREPU04HR,Development,W1118,Prepupae,1,8.2336,4
147406_at,BECKSTPREPU04HR,Development,W1118,Prepupae,1,1.7128,4
147407_at,BECKSTPREPU04HR,Development,W1118,Prepupae,1,1.5384,4
147408_at,BECKSTPREPU04HR,Development,W1118,Prepupae,0,0.9673,4
147409_at,BECKSTPREPU04HR,Development,W1118,Prepupae,1,3.4621,4
147410_at,BECKSTPREPU04HR,Development,W1118,Prepupae,0,0.9453,4
147411_at,BECKSTPREPU04HR,Development,W1118,Prepupae,0,1.0783,4
147412_at,BECKSTPREPU04HR,Development,W1118,Prepupae,1,1.4218,4
147413_at,BECKSTPREPU04HR,Development,W1118,Prepupae,1,2.037,4
147414_at,BECKSTPREPU04HR,Development,W1118,Prepupae,0,1.1596,4
147415_at,BECKSTPREPU04HR,Development,W1118,Prepupae,0,1.072,4
147416_at,BECKSTPREPU04HR,Development,W1118,Prepupae,1,1.3441,4
147417_at,BECKSTPREPU04HR,Development,W1118,Prepupae,1,1.5232,4
147418_at,BECKSTPREPU04HR,Development,W1118,Prepupae,0,0.959,4
147419_at,BECKSTPREPU04HR,Development,W1118,Prepupae,0,1.0363,4
147420_at,BECKSTPREPU04HR,Development,W1118,Prepupae,1,1.5986,4
147421_at,BECKSTPREPU04HR,Development,W1118,Prepupae,1,1.571,4
147422_at,BECKSTPREPU04HR,Development,W1118,Prepupae,1,1.9917,4
147423_at,BECKSTPREPU04HR,Development,W1118,Prepupae,0,1.1216,4
147424_at,BECKSTPREPU04HR,Development,W1118,Prepupae,1,2.001,4
147425_at,BECKSTPREPU04HR,Development,W1118,Prepupae,0,1.0892,4
147426_at,BECKSTPREPU04HR,Development,W1118,Prepupae,0,1.0127,4
147427_at,BECKSTPREPU04HR,Development,W1118,Prepupae,1,1.3086,4
147428_at,BECKSTPREPU04HR,Development,W1118,Prepupae,1,1.6486,4
147429_at,BECKSTPREPU04HR,Development,W1118,Prepupae,0,1.0921,4
147430_at,BECKSTPREPU04HR,Development,W1118,Prepupae,1,1.4992,4
147431_at,BECKSTPREPU04HR,Development,W1118,Prepupae,1,1.2677,4
147432_at,BECKSTPREPU04HR,Development,W1118,Prepupae,0,0.9083,4
147433_at,BECKSTPREPU04HR,Development,W1118,Prepupae,0,1.0714,4
147434_at,BECKSTPREPU04HR,Development,W1118,Prepupae,0,0.9561,4
147435_at,BECKSTPREPU04HR,Development,W1118,Prepupae,0,1.1978,4
147436_at,BECKSTPREPU04HR,Development,W1118,Prepupae,0,0.9109,4
147437_at,BECKSTPREPU04HR,Development,W1118,Prepupae,1,1.2948,4
147438_at,BECKSTPREPU04HR,Development,W1118,Prepupae,0,0.9826,4
147439_at,BECKSTPREPU04HR,Development,W1118,Prepupae,0,1.0477,4
147440_at,BECKSTPREPU04HR,Development,W1118,Prepupae,0,0.8855,4
147441_at,BECKSTPREPU04HR,Development,W1118,Prepupae,-1,0.7675,4
147442_at,BECKSTPREPU04HR,Development,W1118,Prepupae,1,1.4137,4
147443_at,BECKSTPREPU04HR,Development,W1118,Prepupae,0,0.9195,4
147444_at,BECKSTPREPU04HR,Development,W1118,Prepupae,0,0.934,4
147445_at,BECKSTPREPU04HR,Development,W1118,Prepupae,1,1.2035,4
147446_at,BECKSTPREPU04HR,Development,W1118,Prepupae,0,1.0644,4
147447_at,BECKSTPREPU04HR,Development,W1118,Prepupae,0,1.1695,4
147448_at,BECKSTPREPU04HR,Development,W1118,Prepupae,0,0.8612,4
147449_at,BECKSTPREPU04HR,Development,W1118,Prepupae,1,1.2822,4
147450_at,BECKSTPREPU04HR,Development,W1118,Prepupae,-1,0.5681,4
147451_at,BECKSTPREPU04HR,Development,W1118,Prepupae,-1,0.6615,4
147452_at,BECKSTPREPU04HR,Development,W1118,Prepupae,0,0.9756,4
147453_at,BECKSTPREPU04HR,Development,W1118,Prepupae,0,1.0205,4
147454_at,BECKSTPREPU04HR,Development,W1118,Prepupae,0,1.1019,4
147455_at,BECKSTPREPU04HR,Development,W1118,Prepupae,1,1.6252,4
147456_at,BECKSTPREPU04HR,Development,W1118,Prepupae,1,1.5129,4
147457_at,BECKSTPREPU04HR,Development,W1118,Prepupae,1,1.6397,4
147458_at,BECKSTPREPU04HR,Development,W1118,Prepupae,0,1.0836,4
147459_at,BECKSTPREPU04HR,Development,W1118,Prepupae,1,2.4939,4
147460_at,BECKSTPREPU04HR,Development,W1118,Prepupae,0,1.061,4
147461_at,BECKSTPREPU04HR,Development,W1118,Prepupae,0,1.026,4
147462_at,BECKSTPREPU04HR,Development,W1118,Prepupae,0,1.1029,4
147463_at,BECKSTPREPU04HR,Development,W1118,Prepupae,1,1.6419,4
147464_at,BECKSTPREPU04HR,Development,W1118,Prepupae,1,1.3444,4
147465_at,BECKSTPREPU04HR,Development,W1118,Prepupae,0,1.1042,4
147466_at,BECKSTPREPU04HR,Development,W1118,Prepupae,1,2.0087,4
147467_at,BECKSTPREPU04HR,Development,W1118,Prepupae,0,1.0688,4
147468_at,BECKSTPREPU04HR,Development,W1118,Prepupae,1,2.1085,4
147469_at,BECKSTPREPU04HR,Development,W1118,Prepupae,0,0.8383,4
147470_at,BECKSTPREPU04HR,Development,W1118,Prepupae,-1,0.6391,4
147471_at,BECKSTPREPU04HR,Development,W1118,Prepupae,1,1.4229,4
147472_at,BECKSTPREPU04HR,Development,W1118,Prepupae,0,0.9826,4
147473_at,BECKSTPREPU04HR,Development,W1118,Prepupae,1,1.4839,4
147474_at,BECKSTPREPU04HR,Development,W1118,Prepupae,1,1.6292,4
147475_at,BECKSTPREPU04HR,Development,W1118,Prepupae,1,1.5075,4
147476_at,BECKSTPREPU04HR,Development,W1118,Prepupae,-1,0.7421,4
147477_at,BECKSTPREPU04HR,Development,W1118,Prepupae,0,0.8852,4
147478_at,BECKSTPREPU04HR,Development,W1118,Prepupae,0,1.0197,4
147479_at,BECKSTPREPU04HR,Development,W1118,Prepupae,-1,0.7895,4
147480_at,BECKSTPREPU04HR,Development,W1118,Prepupae,0,0.8681,4
147481_at,BECKSTPREPU04HR,Development,W1118,Prepupae,0,0.9714,4
147482_at,BECKSTPREPU04HR,Development,W1118,Prepupae,0,1.1286,4
147483_i_at,BECKSTPREPU04HR,Development,W1118,Prepupae,0,1.0159,4
147484_s_at,BECKSTPREPU04HR,Development,W1118,Prepupae,1,1.3493,4
147485_at,BECKSTPREPU04HR,Development,W1118,Prepupae,1,1.4004,4
147486_i_at,BECKSTPREPU04HR,Development,W1118,Prepupae,1,1.2678,4
147487_r_at,BECKSTPREPU04HR,Development,W1118,Prepupae,0,1.1101,4
147488_at,BECKSTPREPU04HR,Development,W1118,Prepupae,1,1.2408,4
147489_at,BECKSTPREPU04HR,Development,W1118,Prepupae,1,1.2383,4
147490_at,BECKSTPREPU04HR,Development,W1118,Prepupae,-1,0.329,4
147491_at,BECKSTPREPU04HR,Development,W1118,Prepupae,0,1.0158,4
147492_at,BECKSTPREPU04HR,Development,W1118,Prepupae,1,2.065,4
147493_at,BECKSTPREPU04HR,Development,W1118,Prepupae,-1,0.553,4
147494_at,BECKSTPREPU04HR,Development,W1118,Prepupae,1,1.3625,4
147495_at,BECKSTPREPU04HR,Development,W1118,Prepupae,0,1.1868,4
147496_at,BECKSTPREPU04HR,Development,W1118,Prepupae,0,0.9376,4
147497_at,BECKSTPREPU04HR,Development,W1118,Prepupae,-1,0.7706,4
147498_at,BECKSTPREPU04HR,Development,W1118,Prepupae,-1,0.7566,4
147499_at,BECKSTPREPU04HR,Development,W1118,Prepupae,0,0.8676,4
147500_at,BECKSTPREPU04HR,Development,W1118,Prepupae,0,1.0756,4
147501_at,BECKSTPREPU04HR,Development,W1118,Prepupae,1,1.3302,4
147502_at,BECKSTPREPU04HR,Development,W1118,Prepupae,0,0.8851,4
147503_at,BECKSTPREPU04HR,Development,W1118,Prepupae,0,0.9332,4
147504_at,BECKSTPREPU04HR,Development,W1118,Prepupae,0,0.9839,4
147505_at,BECKSTPREPU04HR,Development,W1118,Prepupae,0,1.0092,4
147506_at,BECKSTPREPU04HR,Development,W1118,Prepupae,1,1.4719,4
147507_s_at,BECKSTPREPU04HR,Development,W1118,Prepupae,1,1.2461,4
147508_at,BECKSTPREPU04HR,Development,W1118,Prepupae,-1,0.7775,4
147509_at,BECKSTPREPU04HR,Development,W1118,Prepupae,-1,0.7065,4
147510_at,BECKSTPREPU04HR,Development,W1118,Prepupae,0,1.1286,4
147511_at,BECKSTPREPU04HR,Development,W1118,Prepupae,-1,0.6729,4
147512_s_at,BECKSTPREPU04HR,Development,W1118,Prepupae,0,1.1926,4
147513_at,BECKSTPREPU04HR,Development,W1118,Prepupae,1,1.8572,4
147514_at,BECKSTPREPU04HR,Development,W1118,Prepupae,0,1.0498,4
147515_at,BECKSTPREPU04HR,Development,W1118,Prepupae,1,1.3687,4
147516_at,BECKSTPREPU04HR,Development,W1118,Prepupae,1,1.4069,4
147517_at,BECKSTPREPU04HR,Development,W1118,Prepupae,0,0.985,4
147518_at,BECKSTPREPU04HR,Development,W1118,Prepupae,0,0.9065,4
147519_at,BECKSTPREPU04HR,Development,W1118,Prepupae,0,1.1014,4
147520_at,BECKSTPREPU04HR,Development,W1118,Prepupae,1,1.3618,4
147521_at,BECKSTPREPU04HR,Development,W1118,Prepupae,0,1.0269,4
147522_at,BECKSTPREPU04HR,Development,W1118,Prepupae,1,1.3222,4
147523_at,BECKSTPREPU04HR,Development,W1118,Prepupae,0,0.9183,4
147524_at,BECKSTPREPU04HR,Development,W1118,Prepupae,0,1.0302,4
147525_at,BECKSTPREPU04HR,Development,W1118,Prepupae,0,0.9228,4
147526_at,BECKSTPREPU04HR,Development,W1118,Prepupae,0,1.0516,4
147527_at,BECKSTPREPU04HR,Development,W1118,Prepupae,1,1.3438,4
147528_at,BECKSTPREPU04HR,Development,W1118,Prepupae,1,1.2093,4
147529_at,BECKSTPREPU04HR,Development,W1118,Prepupae,0,0.9122,4
147530_at,BECKSTPREPU04HR,Development,W1118,Prepupae,1,1.493,4
147531_at,BECKSTPREPU04HR,Development,W1118,Prepupae,0,1.1782,4
147532_at,BECKSTPREPU04HR,Development,W1118,Prepupae,0,1.115,4
147533_at,BECKSTPREPU04HR,Development,W1118,Prepupae,0,1.1732,4
147534_at,BECKSTPREPU04HR,Development,W1118,Prepupae,0,0.9787,4
147535_at,BECKSTPREPU04HR,Development,W1118,Prepupae,1,1.2241,4
147536_at,BECKSTPREPU04HR,Development,W1118,Prepupae,1,1.4893,4
147537_at,BECKSTPREPU04HR,Development,W1118,Prepupae,1,1.2188,4
147538_at,BECKSTPREPU04HR,Development,W1118,Prepupae,0,0.8934,4
147539_at,BECKSTPREPU04HR,Development,W1118,Prepupae,0,1.1957,4
147540_at,BECKSTPREPU04HR,Development,W1118,Prepupae,0,1.1221,4
147541_at,BECKSTPREPU04HR,Development,W1118,Prepupae,1,1.3614,4
147542_at,BECKSTPREPU04HR,Development,W1118,Prepupae,0,0.8921,4
147543_at,BECKSTPREPU04HR,Development,W1118,Prepupae,0,0.9958,4
147544_at,BECKSTPREPU04HR,Development,W1118,Prepupae,1,2.7444,4
147545_at,BECKSTPREPU04HR,Development,W1118,Prepupae,0,1.141,4
147546_at,BECKSTPREPU04HR,Development,W1118,Prepupae,0,0.9941,4
147547_at,BECKSTPREPU04HR,Development,W1118,Prepupae,-1,0.4981,4
147548_at,BECKSTPREPU04HR,Development,W1118,Prepupae,1,2.4906,4
147549_at,BECKSTPREPU04HR,Development,W1118,Prepupae,0,1.1849,4
147550_at,BECKSTPREPU04HR,Development,W1118,Prepupae,1,1.2595,4
147551_at,BECKSTPREPU04HR,Development,W1118,Prepupae,0,1.1743,4
147552_at,BECKSTPREPU04HR,Development,W1118,Prepupae,0,1.0154,4
147553_at,BECKSTPREPU04HR,Development,W1118,Prepupae,1,1.3719,4
147554_at,BECKSTPREPU04HR,Development,W1118,Prepupae,0,0.8758,4
147555_at,BECKSTPREPU04HR,Development,W1118,Prepupae,0,1.1087,4
147556_at,BECKSTPREPU04HR,Development,W1118,Prepupae,1,1.4666,4
147557_at,BECKSTPREPU04HR,Development,W1118,Prepupae,1,1.36,4
147558_at,BECKSTPREPU04HR,Development,W1118,Prepupae,0,0.8948,4
147559_at,BECKSTPREPU04HR,Development,W1118,Prepupae,0,1.1059,4
147560_at,BECKSTPREPU04HR,Development,W1118,Prepupae,0,1.0669,4
147561_at,BECKSTPREPU04HR,Development,W1118,Prepupae,-1,0.7856,4
147562_at,BECKSTPREPU04HR,Development,W1118,Prepupae,0,0.864,4
147563_at,BECKSTPREPU04HR,Development,W1118,Prepupae,1,1.2699,4
147564_at,BECKSTPREPU04HR,Development,W1118,Prepupae,0,0.9592,4
147565_at,BECKSTPREPU04HR,Development,W1118,Prepupae,0,1.1822,4
147566_at,BECKSTPREPU04HR,Development,W1118,Prepupae,0,1.0504,4
147567_at,BECKSTPREPU04HR,Development,W1118,Prepupae,0,0.9783,4
147568_at,BECKSTPREPU04HR,Development,W1118,Prepupae,0,1.0141,4
147569_at,BECKSTPREPU04HR,Development,W1118,Prepupae,-1,0.778,4
147570_at,BECKSTPREPU04HR,Development,W1118,Prepupae,0,1.0243,4
147571_at,BECKSTPREPU04HR,Development,W1118,Prepupae,-1,0.7851,4
147572_at,BECKSTPREPU04HR,Development,W1118,Prepupae,0,1.0406,4
147573_at,BECKSTPREPU04HR,Development,W1118,Prepupae,0,1.1226,4
147574_at,BECKSTPREPU04HR,Development,W1118,Prepupae,1,1.2679,4
147575_at,BECKSTPREPU04HR,Development,W1118,Prepupae,1,1.6935,4
147576_at,BECKSTPREPU04HR,Development,W1118,Prepupae,1,1.7093,4
147577_at,BECKSTPREPU04HR,Development,W1118,Prepupae,1,6.934,4
147578_at,BECKSTPREPU04HR,Development,W1118,Prepupae,0,1.1051,4
147579_at,BECKSTPREPU04HR,Development,W1118,Prepupae,0,1.0116,4
147580_at,BECKSTPREPU04HR,Development,W1118,Prepupae,0,1.0822,4
147581_at,BECKSTPREPU04HR,Development,W1118,Prepupae,0,1.1944,4
147582_at,BECKSTPREPU04HR,Development,W1118,Prepupae,1,1.3918,4
147583_at,BECKSTPREPU04HR,Development,W1118,Prepupae,1,1.2005,4
147584_at,BECKSTPREPU04HR,Development,W1118,Prepupae,0,0.9337,4
147585_at,BECKSTPREPU04HR,Development,W1118,Prepupae,0,1.1254,4
147586_at,BECKSTPREPU04HR,Development,W1118,Prepupae,1,2.663,4
147587_at,BECKSTPREPU04HR,Development,W1118,Prepupae,0,0.8938,4
147588_at,BECKSTPREPU04HR,Development,W1118,Prepupae,-1,0.7502,4
147589_at,BECKSTPREPU04HR,Development,W1118,Prepupae,1,1.2678,4
147590_at,BECKSTPREPU04HR,Development,W1118,Prepupae,0,0.8144,4
147591_at,BECKSTPREPU04HR,Development,W1118,Prepupae,0,1.0573,4
147592_at,BECKSTPREPU04HR,Development,W1118,Prepupae,0,1.0676,4
147593_at,BECKSTPREPU04HR,Development,W1118,Prepupae,0,1.0069,4
147594_at,BECKSTPREPU04HR,Development,W1118,Prepupae,0,0.8978,4
147595_at,BECKSTPREPU04HR,Development,W1118,Prepupae,0,0.9413,4
147596_at,BECKSTPREPU04HR,Development,W1118,Prepupae,0,1.0481,4
147597_at,BECKSTPREPU04HR,Development,W1118,Prepupae,1,1.2042,4
147598_at,BECKSTPREPU04HR,Development,W1118,Prepupae,1,1.7008,4
147599_at,BECKSTPREPU04HR,Development,W1118,Prepupae,0,0.9769,4
147600_at,BECKSTPREPU04HR,Development,W1118,Prepupae,0,1.0943,4
147601_at,BECKSTPREPU04HR,Development,W1118,Prepupae,1,1.2484,4
147602_at,BECKSTPREPU04HR,Development,W1118,Prepupae,0,1.0122,4
147603_at,BECKSTPREPU04HR,Development,W1118,Prepupae,1,1.4482,4
147604_at,BECKSTPREPU04HR,Development,W1118,Prepupae,0,1.1185,4
147605_at,BECKSTPREPU04HR,Development,W1118,Prepupae,0,1.0016,4
147606_at,BECKSTPREPU04HR,Development,W1118,Prepupae,0,1.1547,4
147607_at,BECKSTPREPU04HR,Development,W1118,Prepupae,1,1.3046,4
147608_at,BECKSTPREPU04HR,Development,W1118,Prepupae,1,1.7753,4
147609_at,BECKSTPREPU04HR,Development,W1118,Prepupae,0,1.1297,4
147610_at,BECKSTPREPU04HR,Development,W1118,Prepupae,1,1.2442,4
147611_at,BECKSTPREPU04HR,Development,W1118,Prepupae,1,1.4039,4
147612_at,BECKSTPREPU04HR,Development,W1118,Prepupae,1,4.3322,4
147613_at,BECKSTPREPU04HR,Development,W1118,Prepupae,0,1.1483,4
147614_at,BECKSTPREPU04HR,Development,W1118,Prepupae,1,1.3367,4
147615_at,BECKSTPREPU04HR,Development,W1118,Prepupae,-1,0.6667,4
147616_at,BECKSTPREPU04HR,Development,W1118,Prepupae,1,1.2047,4
147617_at,BECKSTPREPU04HR,Development,W1118,Prepupae,0,0.8934,4
147618_at,BECKSTPREPU04HR,Development,W1118,Prepupae,0,1.0866,4
147619_at,BECKSTPREPU04HR,Development,W1118,Prepupae,1,1.3764,4
147620_at,BECKSTPREPU04HR,Development,W1118,Prepupae,1,1.9252,4
147621_at,BECKSTPREPU04HR,Development,W1118,Prepupae,0,1.0116,4
147622_at,BECKSTPREPU04HR,Development,W1118,Prepupae,0,1.0054,4
147623_at,BECKSTPREPU04HR,Development,W1118,Prepupae,0,1.1136,4
147624_at,BECKSTPREPU04HR,Development,W1118,Prepupae,1,1.2199,4
147625_at,BECKSTPREPU04HR,Development,W1118,Prepupae,0,1.0189,4
147626_at,BECKSTPREPU04HR,Development,W1118,Prepupae,0,0.8759,4
147627_at,BECKSTPREPU04HR,Development,W1118,Prepupae,1,1.6324,4
147628_at,BECKSTPREPU04HR,Development,W1118,Prepupae,0,0.9185,4
147629_at,BECKSTPREPU04HR,Development,W1118,Prepupae,1,1.5102,4
147630_at,BECKSTPREPU04HR,Development,W1118,Prepupae,0,0.8085,4
147631_at,BECKSTPREPU04HR,Development,W1118,Prepupae,1,1.9294,4
147632_at,BECKSTPREPU04HR,Development,W1118,Prepupae,1,2.2109,4
147633_at,BECKSTPREPU04HR,Development,W1118,Prepupae,0,1.1771,4
147634_at,BECKSTPREPU04HR,Development,W1118,Prepupae,0,1.0282,4
147635_at,BECKSTPREPU04HR,Development,W1118,Prepupae,-1,0.7222,4
147636_at,BECKSTPREPU04HR,Development,W1118,Prepupae,0,1.0546,4
147637_at,BECKSTPREPU04HR,Development,W1118,Prepupae,0,1.0705,4
147638_at,BECKSTPREPU04HR,Development,W1118,Prepupae,1,1.2094,4
147639_at,BECKSTPREPU04HR,Development,W1118,Prepupae,1,3.5415,4
147640_at,BECKSTPREPU04HR,Development,W1118,Prepupae,1,1.2915,4
147641_at,BECKSTPREPU04HR,Development,W1118,Prepupae,0,1.1633,4
147642_at,BECKSTPREPU04HR,Development,W1118,Prepupae,0,1.1852,4
147643_at,BECKSTPREPU04HR,Development,W1118,Prepupae,0,1.0952,4
147644_at,BECKSTPREPU04HR,Development,W1118,Prepupae,0,0.9638,4
147645_at,BECKSTPREPU04HR,Development,W1118,Prepupae,0,0.8951,4
147646_at,BECKSTPREPU04HR,Development,W1118,Prepupae,1,1.269,4
147647_at,BECKSTPREPU04HR,Development,W1118,Prepupae,0,1.1538,4
147648_at,BECKSTPREPU04HR,Development,W1118,Prepupae,0,0.9362,4
147649_at,BECKSTPREPU04HR,Development,W1118,Prepupae,1,1.8202,4
147650_at,BECKSTPREPU04HR,Development,W1118,Prepupae,0,1.1631,4
147651_at,BECKSTPREPU04HR,Development,W1118,Prepupae,0,0.9928,4
147652_at,BECKSTPREPU04HR,Development,W1118,Prepupae,0,0.9088,4
147653_at,BECKSTPREPU04HR,Development,W1118,Prepupae,1,1.3565,4
147654_at,BECKSTPREPU04HR,Development,W1118,Prepupae,1,1.3344,4
147655_at,BECKSTPREPU04HR,Development,W1118,Prepupae,0,0.9446,4
147656_at,BECKSTPREPU04HR,Development,W1118,Prepupae,0,1.1679,4
147657_at,BECKSTPREPU04HR,Development,W1118,Prepupae,0,1.1003,4
147658_at,BECKSTPREPU04HR,Development,W1118,Prepupae,0,1.0604,4
147659_at,BECKSTPREPU04HR,Development,W1118,Prepupae,1,1.3872,4
147660_at,BECKSTPREPU04HR,Development,W1118,Prepupae,1,1.2031,4
147661_at,BECKSTPREPU04HR,Development,W1118,Prepupae,1,1.2068,4
147662_at,BECKSTPREPU04HR,Development,W1118,Prepupae,-1,0.6929,4
147663_at,BECKSTPREPU04HR,Development,W1118,Prepupae,0,0.9166,4
147664_at,BECKSTPREPU04HR,Development,W1118,Prepupae,1,1.8031,4
147665_at,BECKSTPREPU04HR,Development,W1118,Prepupae,0,1.1432,4
147666_at,BECKSTPREPU04HR,Development,W1118,Prepupae,1,1.7636,4
147667_at,BECKSTPREPU04HR,Development,W1118,Prepupae,0,1.1043,4
147668_at,BECKSTPREPU04HR,Development,W1118,Prepupae,0,1.0037,4
147669_at,BECKSTPREPU04HR,Development,W1118,Prepupae,1,1.3557,4
147670_at,BECKSTPREPU04HR,Development,W1118,Prepupae,1,1.6122,4
147671_at,BECKSTPREPU04HR,Development,W1118,Prepupae,1,1.4359,4
147672_at,BECKSTPREPU04HR,Development,W1118,Prepupae,0,1.0898,4
147673_at,BECKSTPREPU04HR,Development,W1118,Prepupae,0,1.0703,4
147674_at,BECKSTPREPU04HR,Development,W1118,Prepupae,0,1.0107,4
147675_at,BECKSTPREPU04HR,Development,W1118,Prepupae,0,0.9439,4
147676_at,BECKSTPREPU04HR,Development,W1118,Prepupae,0,0.9674,4
147677_at,BECKSTPREPU04HR,Development,W1118,Prepupae,0,1.0769,4
147678_at,BECKSTPREPU04HR,Development,W1118,Prepupae,0,1.1227,4
147679_at,BECKSTPREPU04HR,Development,W1118,Prepupae,1,1.2851,4
147680_at,BECKSTPREPU04HR,Development,W1118,Prepupae,0,0.9226,4
147681_at,BECKSTPREPU04HR,Development,W1118,Prepupae,0,1.144,4
147682_at,BECKSTPREPU04HR,Development,W1118,Prepupae,0,0.8687,4
147683_at,BECKSTPREPU04HR,Development,W1118,Prepupae,0,1.1677,4
147684_f_at,BECKSTPREPU04HR,Development,W1118,Prepupae,0,0.94,4
147685_at,BECKSTPREPU04HR,Development,W1118,Prepupae,-1,0.5918,4
147686_at,BECKSTPREPU04HR,Development,W1118,Prepupae,0,0.9569,4
147687_at,BECKSTPREPU04HR,Development,W1118,Prepupae,0,0.997,4
147688_at,BECKSTPREPU04HR,Development,W1118,Prepupae,0,1.1196,4
147689_at,BECKSTPREPU04HR,Development,W1118,Prepupae,0,0.9667,4
147690_at,BECKSTPREPU04HR,Development,W1118,Prepupae,1,1.267,4
147691_at,BECKSTPREPU04HR,Development,W1118,Prepupae,0,0.856,4
147692_at,BECKSTPREPU04HR,Development,W1118,Prepupae,0,1.1183,4
147693_at,BECKSTPREPU04HR,Development,W1118,Prepupae,0,0.8606,4
147694_at,BECKSTPREPU04HR,Development,W1118,Prepupae,0,0.8376,4
147695_at,BECKSTPREPU04HR,Development,W1118,Prepupae,0,1.1619,4
147696_at,BECKSTPREPU04HR,Development,W1118,Prepupae,1,1.4363,4
147697_at,BECKSTPREPU04HR,Development,W1118,Prepupae,0,1.1994,4
147698_at,BECKSTPREPU04HR,Development,W1118,Prepupae,0,1.1614,4
147699_at,BECKSTPREPU04HR,Development,W1118,Prepupae,-1,0.6534,4
147700_at,BECKSTPREPU04HR,Development,W1118,Prepupae,0,1.0854,4
147701_at,BECKSTPREPU04HR,Development,W1118,Prepupae,0,1.1719,4
147702_at,BECKSTPREPU04HR,Development,W1118,Prepupae,0,1.0005,4
147703_at,BECKSTPREPU04HR,Development,W1118,Prepupae,-1,0.6685,4
147704_at,BECKSTPREPU04HR,Development,W1118,Prepupae,0,1.142,4
147705_at,BECKSTPREPU04HR,Development,W1118,Prepupae,0,1.1833,4
147706_at,BECKSTPREPU04HR,Development,W1118,Prepupae,1,1.3529,4
147707_at,BECKSTPREPU04HR,Development,W1118,Prepupae,0,0.9439,4
147708_at,BECKSTPREPU04HR,Development,W1118,Prepupae,0,1.0656,4
147709_at,BECKSTPREPU04HR,Development,W1118,Prepupae,1,1.4926,4
147710_at,BECKSTPREPU04HR,Development,W1118,Prepupae,1,1.209,4
147711_at,BECKSTPREPU04HR,Development,W1118,Prepupae,0,1.1978,4
147712_at,BECKSTPREPU04HR,Development,W1118,Prepupae,1,1.2807,4
147713_at,BECKSTPREPU04HR,Development,W1118,Prepupae,0,1.1987,4
147714_at,BECKSTPREPU04HR,Development,W1118,Prepupae,0,1.1652,4
147715_at,BECKSTPREPU04HR,Development,W1118,Prepupae,1,1.6004,4
147716_at,BECKSTPREPU04HR,Development,W1118,Prepupae,0,1.1814,4
147717_at,BECKSTPREPU04HR,Development,W1118,Prepupae,0,0.8793,4
147718_at,BECKSTPREPU04HR,Development,W1118,Prepupae,0,1.0273,4
147719_at,BECKSTPREPU04HR,Development,W1118,Prepupae,0,0.8726,4
147720_at,BECKSTPREPU04HR,Development,W1118,Prepupae,0,1.0788,4
147721_at,BECKSTPREPU04HR,Development,W1118,Prepupae,-1,0.5051,4
147722_at,BECKSTPREPU04HR,Development,W1118,Prepupae,1,1.7734,4
147723_at,BECKSTPREPU04HR,Development,W1118,Prepupae,1,1.5275,4
147724_at,BECKSTPREPU04HR,Development,W1118,Prepupae,0,1.0831,4
147725_at,BECKSTPREPU04HR,Development,W1118,Prepupae,0,1.1056,4
147726_at,BECKSTPREPU04HR,Development,W1118,Prepupae,1,1.4467,4
147727_at,BECKSTPREPU04HR,Development,W1118,Prepupae,0,0.9605,4
147728_at,BECKSTPREPU04HR,Development,W1118,Prepupae,0,1.1146,4
147729_at,BECKSTPREPU04HR,Development,W1118,Prepupae,1,1.3178,4
147730_at,BECKSTPREPU04HR,Development,W1118,Prepupae,1,1.2219,4
147731_at,BECKSTPREPU04HR,Development,W1118,Prepupae,0,0.9048,4
147732_i_at,BECKSTPREPU04HR,Development,W1118,Prepupae,1,1.4018,4
147733_r_at,BECKSTPREPU04HR,Development,W1118,Prepupae,0,0.813,4
147734_at,BECKSTPREPU04HR,Development,W1118,Prepupae,0,1.1583,4
147735_at,BECKSTPREPU04HR,Development,W1118,Prepupae,0,1.0624,4
147736_at,BECKSTPREPU04HR,Development,W1118,Prepupae,0,0.8825,4
147737_at,BECKSTPREPU04HR,Development,W1118,Prepupae,1,1.2355,4
147738_at,BECKSTPREPU04HR,Development,W1118,Prepupae,1,1.4333,4
147739_at,BECKSTPREPU04HR,Development,W1118,Prepupae,1,1.7178,4
147740_at,BECKSTPREPU04HR,Development,W1118,Prepupae,1,1.2987,4
147741_at,BECKSTPREPU04HR,Development,W1118,Prepupae,1,1.6627,4
147742_at,BECKSTPREPU04HR,Development,W1118,Prepupae,0,0.8355,4
147743_at,BECKSTPREPU04HR,Development,W1118,Prepupae,0,0.8919,4
147744_at,BECKSTPREPU04HR,Development,W1118,Prepupae,1,1.8851,4
147745_at,BECKSTPREPU04HR,Development,W1118,Prepupae,0,0.9756,4
147746_at,BECKSTPREPU04HR,Development,W1118,Prepupae,0,0.9403,4
147747_at,BECKSTPREPU04HR,Development,W1118,Prepupae,0,0.9482,4
147748_at,BECKSTPREPU04HR,Development,W1118,Prepupae,1,1.6511,4
147749_at,BECKSTPREPU04HR,Development,W1118,Prepupae,0,1.0697,4
147750_at,BECKSTPREPU04HR,Development,W1118,Prepupae,0,1.0948,4
147751_at,BECKSTPREPU04HR,Development,W1118,Prepupae,0,1.1143,4
147752_at,BECKSTPREPU04HR,Development,W1118,Prepupae,0,0.9582,4
147753_at,BECKSTPREPU04HR,Development,W1118,Prepupae,1,1.2473,4
147754_at,BECKSTPREPU04HR,Development,W1118,Prepupae,0,1.1539,4
147755_at,BECKSTPREPU04HR,Development,W1118,Prepupae,0,1.1703,4
147756_at,BECKSTPREPU04HR,Development,W1118,Prepupae,1,1.471,4
147757_at,BECKSTPREPU04HR,Development,W1118,Prepupae,0,0.834,4
147758_at,BECKSTPREPU04HR,Development,W1118,Prepupae,0,1.1031,4
147759_at,BECKSTPREPU04HR,Development,W1118,Prepupae,0,0.9937,4
147760_at,BECKSTPREPU04HR,Development,W1118,Prepupae,1,1.4324,4
147761_at,BECKSTPREPU04HR,Development,W1118,Prepupae,0,1.1619,4
147762_at,BECKSTPREPU04HR,Development,W1118,Prepupae,1,1.255,4
147763_at,BECKSTPREPU04HR,Development,W1118,Prepupae,0,0.8938,4
147764_at,BECKSTPREPU04HR,Development,W1118,Prepupae,1,1.4088,4
147765_at,BECKSTPREPU04HR,Development,W1118,Prepupae,1,1.2482,4
147766_at,BECKSTPREPU04HR,Development,W1118,Prepupae,0,1.053,4
147767_at,BECKSTPREPU04HR,Development,W1118,Prepupae,0,1.0839,4
147768_at,BECKSTPREPU04HR,Development,W1118,Prepupae,1,1.6063,4
147769_at,BECKSTPREPU04HR,Development,W1118,Prepupae,0,0.9453,4
147770_at,BECKSTPREPU04HR,Development,W1118,Prepupae,0,0.9965,4
147771_at,BECKSTPREPU04HR,Development,W1118,Prepupae,-1,0.7263,4
147772_at,BECKSTPREPU04HR,Development,W1118,Prepupae,0,1.0144,4
147773_at,BECKSTPREPU04HR,Development,W1118,Prepupae,1,1.4387,4
147774_at,BECKSTPREPU04HR,Development,W1118,Prepupae,1,1.3794,4
147775_at,BECKSTPREPU04HR,Development,W1118,Prepupae,-1,0.5345,4
147776_at,BECKSTPREPU04HR,Development,W1118,Prepupae,-1,0.6334,4
147777_at,BECKSTPREPU04HR,Development,W1118,Prepupae,-1,0.7471,4
147778_at,BECKSTPREPU04HR,Development,W1118,Prepupae,0,0.8676,4
147779_at,BECKSTPREPU04HR,Development,W1118,Prepupae,1,1.3533,4
147780_at,BECKSTPREPU04HR,Development,W1118,Prepupae,1,1.2506,4
147781_at,BECKSTPREPU04HR,Development,W1118,Prepupae,1,1.2167,4
147782_at,BECKSTPREPU04HR,Development,W1118,Prepupae,0,1.0122,4
147783_at,BECKSTPREPU04HR,Development,W1118,Prepupae,1,1.2883,4
147784_at,BECKSTPREPU04HR,Development,W1118,Prepupae,0,1.0552,4
147785_at,BECKSTPREPU04HR,Development,W1118,Prepupae,0,1.1276,4
147786_at,BECKSTPREPU04HR,Development,W1118,Prepupae,0,1.0605,4
147787_at,BECKSTPREPU04HR,Development,W1118,Prepupae,1,1.3108,4
147788_at,BECKSTPREPU04HR,Development,W1118,Prepupae,0,0.8794,4
147789_at,BECKSTPREPU04HR,Development,W1118,Prepupae,0,0.9759,4
147790_at,BECKSTPREPU04HR,Development,W1118,Prepupae,1,1.5456,4
147791_at,BECKSTPREPU04HR,Development,W1118,Prepupae,1,1.2414,4
147792_at,BECKSTPREPU04HR,Development,W1118,Prepupae,0,1.0398,4
147793_at,BECKSTPREPU04HR,Development,W1118,Prepupae,-1,0.6311,4
147794_at,BECKSTPREPU04HR,Development,W1118,Prepupae,1,1.2616,4
147795_at,BECKSTPREPU04HR,Development,W1118,Prepupae,1,1.2225,4
147796_at,BECKSTPREPU04HR,Development,W1118,Prepupae,0,0.8581,4
147797_at,BECKSTPREPU04HR,Development,W1118,Prepupae,1,1.3197,4
147798_at,BECKSTPREPU04HR,Development,W1118,Prepupae,0,0.9079,4
147799_at,BECKSTPREPU04HR,Development,W1118,Prepupae,-1,0.4761,4
147800_at,BECKSTPREPU04HR,Development,W1118,Prepupae,1,1.3572,4
147801_at,BECKSTPREPU04HR,Development,W1118,Prepupae,1,1.2731,4
147802_at,BECKSTPREPU04HR,Development,W1118,Prepupae,0,1.1242,4
147803_at,BECKSTPREPU04HR,Development,W1118,Prepupae,1,1.7426,4
147804_at,BECKSTPREPU04HR,Development,W1118,Prepupae,0,1.0354,4
147805_at,BECKSTPREPU04HR,Development,W1118,Prepupae,1,1.3394,4
147806_at,BECKSTPREPU04HR,Development,W1118,Prepupae,0,1.174,4
147807_at,BECKSTPREPU04HR,Development,W1118,Prepupae,0,1.0155,4
147808_at,BECKSTPREPU04HR,Development,W1118,Prepupae,1,1.22,4
147809_at,BECKSTPREPU04HR,Development,W1118,Prepupae,0,1.0127,4
147810_at,BECKSTPREPU04HR,Development,W1118,Prepupae,-1,0.784,4
147811_at,BECKSTPREPU04HR,Development,W1118,Prepupae,1,1.2752,4
147812_at,BECKSTPREPU04HR,Development,W1118,Prepupae,0,0.8537,4
147813_at,BECKSTPREPU04HR,Development,W1118,Prepupae,0,1.1717,4
147814_at,BECKSTPREPU04HR,Development,W1118,Prepupae,0,1.1466,4
147815_at,BECKSTPREPU04HR,Development,W1118,Prepupae,1,1.3496,4
147816_at,BECKSTPREPU04HR,Development,W1118,Prepupae,1,1.2205,4
147817_at,BECKSTPREPU04HR,Development,W1118,Prepupae,1,1.2423,4
147818_at,BECKSTPREPU04HR,Development,W1118,Prepupae,1,1.2319,4
147819_at,BECKSTPREPU04HR,Development,W1118,Prepupae,0,1.0489,4
147820_at,BECKSTPREPU04HR,Development,W1118,Prepupae,1,1.2463,4
147821_at,BECKSTPREPU04HR,Development,W1118,Prepupae,1,2.4837,4
147822_at,BECKSTPREPU04HR,Development,W1118,Prepupae,0,1.0332,4
147823_at,BECKSTPREPU04HR,Development,W1118,Prepupae,0,0.8771,4
147824_at,BECKSTPREPU04HR,Development,W1118,Prepupae,0,0.8819,4
147825_at,BECKSTPREPU04HR,Development,W1118,Prepupae,0,1.1906,4
147826_at,BECKSTPREPU04HR,Development,W1118,Prepupae,1,1.4872,4
147827_at,BECKSTPREPU04HR,Development,W1118,Prepupae,1,1.3962,4
147828_at,BECKSTPREPU04HR,Development,W1118,Prepupae,1,1.6561,4
147829_at,BECKSTPREPU04HR,Development,W1118,Prepupae,0,1.1397,4
147830_at,BECKSTPREPU04HR,Development,W1118,Prepupae,-1,0.5933,4
147831_at,BECKSTPREPU04HR,Development,W1118,Prepupae,0,0.9447,4
147832_at,BECKSTPREPU04HR,Development,W1118,Prepupae,0,1.0406,4
147833_at,BECKSTPREPU04HR,Development,W1118,Prepupae,1,1.3823,4
147834_at,BECKSTPREPU04HR,Development,W1118,Prepupae,0,0.8146,4
147835_at,BECKSTPREPU04HR,Development,W1118,Prepupae,0,0.9641,4
147836_at,BECKSTPREPU04HR,Development,W1118,Prepupae,-1,0.6893,4
147837_at,BECKSTPREPU04HR,Development,W1118,Prepupae,1,1.482,4
147838_at,BECKSTPREPU04HR,Development,W1118,Prepupae,1,1.378,4
147839_at,BECKSTPREPU04HR,Development,W1118,Prepupae,0,0.9537,4
147840_at,BECKSTPREPU04HR,Development,W1118,Prepupae,0,1.0071,4
147841_at,BECKSTPREPU04HR,Development,W1118,Prepupae,1,1.3166,4
147842_at,BECKSTPREPU04HR,Development,W1118,Prepupae,0,1.1059,4
147843_at,BECKSTPREPU04HR,Development,W1118,Prepupae,0,0.9772,4
147844_at,BECKSTPREPU04HR,Development,W1118,Prepupae,0,0.9173,4
147845_at,BECKSTPREPU04HR,Development,W1118,Prepupae,0,1.0825,4
147846_at,BECKSTPREPU04HR,Development,W1118,Prepupae,0,1.1429,4
147847_at,BECKSTPREPU04HR,Development,W1118,Prepupae,1,1.4322,4
147848_at,BECKSTPREPU04HR,Development,W1118,Prepupae,1,1.5682,4
147849_at,BECKSTPREPU04HR,Development,W1118,Prepupae,0,0.9312,4
147850_at,BECKSTPREPU04HR,Development,W1118,Prepupae,1,1.4552,4
147851_at,BECKSTPREPU04HR,Development,W1118,Prepupae,0,0.9194,4
147852_at,BECKSTPREPU04HR,Development,W1118,Prepupae,1,1.9078,4
147853_at,BECKSTPREPU04HR,Development,W1118,Prepupae,0,0.9451,4
147854_at,BECKSTPREPU04HR,Development,W1118,Prepupae,1,1.6437,4
147855_at,BECKSTPREPU04HR,Development,W1118,Prepupae,0,1.1152,4
147856_at,BECKSTPREPU04HR,Development,W1118,Prepupae,0,0.8799,4
147857_at,BECKSTPREPU04HR,Development,W1118,Prepupae,0,1.0391,4
147858_at,BECKSTPREPU04HR,Development,W1118,Prepupae,0,0.9963,4
147859_at,BECKSTPREPU04HR,Development,W1118,Prepupae,0,1.0937,4
147860_at,BECKSTPREPU04HR,Development,W1118,Prepupae,1,1.4066,4
147861_at,BECKSTPREPU04HR,Development,W1118,Prepupae,0,0.9832,4
147862_at,BECKSTPREPU04HR,Development,W1118,Prepupae,0,1.034,4
147863_at,BECKSTPREPU04HR,Development,W1118,Prepupae,1,1.671,4
147864_at,BECKSTPREPU04HR,Development,W1118,Prepupae,0,1.036,4
147865_at,BECKSTPREPU04HR,Development,W1118,Prepupae,1,1.3009,4
147866_at,BECKSTPREPU04HR,Development,W1118,Prepupae,0,0.8479,4
147867_at,BECKSTPREPU04HR,Development,W1118,Prepupae,0,1.1981,4
147868_at,BECKSTPREPU04HR,Development,W1118,Prepupae,0,0.9986,4
147869_at,BECKSTPREPU04HR,Development,W1118,Prepupae,1,1.542,4
147870_at,BECKSTPREPU04HR,Development,W1118,Prepupae,0,0.9543,4
147871_at,BECKSTPREPU04HR,Development,W1118,Prepupae,0,1.0566,4
147872_at,BECKSTPREPU04HR,Development,W1118,Prepupae,0,1.0537,4
147873_at,BECKSTPREPU04HR,Development,W1118,Prepupae,0,0.9946,4
147874_at,BECKSTPREPU04HR,Development,W1118,Prepupae,0,0.9763,4
147875_at,BECKSTPREPU04HR,Development,W1118,Prepupae,-1,0.7668,4
147876_at,BECKSTPREPU04HR,Development,W1118,Prepupae,1,1.3115,4
147877_at,BECKSTPREPU04HR,Development,W1118,Prepupae,1,1.3135,4
147878_at,BECKSTPREPU04HR,Development,W1118,Prepupae,0,1.0263,4
147879_at,BECKSTPREPU04HR,Development,W1118,Prepupae,1,1.5052,4
147880_at,BECKSTPREPU04HR,Development,W1118,Prepupae,0,1.1454,4
147881_at,BECKSTPREPU04HR,Development,W1118,Prepupae,0,1.0141,4
147882_at,BECKSTPREPU04HR,Development,W1118,Prepupae,-1,0.5151,4
147883_at,BECKSTPREPU04HR,Development,W1118,Prepupae,0,1.1452,4
147884_at,BECKSTPREPU04HR,Development,W1118,Prepupae,0,0.919,4
147885_at,BECKSTPREPU04HR,Development,W1118,Prepupae,0,1.1972,4
147886_at,BECKSTPREPU04HR,Development,W1118,Prepupae,1,1.5016,4
147887_at,BECKSTPREPU04HR,Development,W1118,Prepupae,0,1.1402,4
147888_at,BECKSTPREPU04HR,Development,W1118,Prepupae,0,1.0073,4
147889_at,BECKSTPREPU04HR,Development,W1118,Prepupae,0,1.0597,4
147890_at,BECKSTPREPU04HR,Development,W1118,Prepupae,0,1.0164,4
147891_at,BECKSTPREPU04HR,Development,W1118,Prepupae,1,1.3658,4
147892_at,BECKSTPREPU04HR,Development,W1118,Prepupae,1,1.8351,4
147893_at,BECKSTPREPU04HR,Development,W1118,Prepupae,1,1.3582,4
147894_at,BECKSTPREPU04HR,Development,W1118,Prepupae,0,1.1623,4
147895_at,BECKSTPREPU04HR,Development,W1118,Prepupae,0,1.0224,4
147896_at,BECKSTPREPU04HR,Development,W1118,Prepupae,0,0.837,4
147897_at,BECKSTPREPU04HR,Development,W1118,Prepupae,1,1.6572,4
147898_at,BECKSTPREPU04HR,Development,W1118,Prepupae,1,1.5978,4
147899_at,BECKSTPREPU04HR,Development,W1118,Prepupae,0,0.9775,4
147900_at,BECKSTPREPU04HR,Development,W1118,Prepupae,1,1.3546,4
147901_at,BECKSTPREPU04HR,Development,W1118,Prepupae,1,1.5752,4
147902_at,BECKSTPREPU04HR,Development,W1118,Prepupae,1,1.2913,4
147903_at,BECKSTPREPU04HR,Development,W1118,Prepupae,1,1.2017,4
147904_at,BECKSTPREPU04HR,Development,W1118,Prepupae,1,1.2971,4
147905_at,BECKSTPREPU04HR,Development,W1118,Prepupae,1,1.4723,4
147906_at,BECKSTPREPU04HR,Development,W1118,Prepupae,0,0.9011,4
147907_at,BECKSTPREPU04HR,Development,W1118,Prepupae,1,1.2908,4
147908_at,BECKSTPREPU04HR,Development,W1118,Prepupae,1,2.0211,4
147909_at,BECKSTPREPU04HR,Development,W1118,Prepupae,0,1.1912,4
147910_at,BECKSTPREPU04HR,Development,W1118,Prepupae,0,1.1885,4
147911_at,BECKSTPREPU04HR,Development,W1118,Prepupae,0,0.9034,4
147912_at,BECKSTPREPU04HR,Development,W1118,Prepupae,1,1.4682,4
147913_at,BECKSTPREPU04HR,Development,W1118,Prepupae,0,0.9838,4
147914_at,BECKSTPREPU04HR,Development,W1118,Prepupae,-1,0.7807,4
147915_at,BECKSTPREPU04HR,Development,W1118,Prepupae,0,0.9668,4
147916_at,BECKSTPREPU04HR,Development,W1118,Prepupae,0,1.1995,4
147917_at,BECKSTPREPU04HR,Development,W1118,Prepupae,-1,0.7644,4
147918_at,BECKSTPREPU04HR,Development,W1118,Prepupae,0,0.8653,4
147919_at,BECKSTPREPU04HR,Development,W1118,Prepupae,-1,0.5322,4
147920_at,BECKSTPREPU04HR,Development,W1118,Prepupae,1,1.2443,4
147921_at,BECKSTPREPU04HR,Development,W1118,Prepupae,1,1.6429,4
147922_at,BECKSTPREPU04HR,Development,W1118,Prepupae,1,1.5839,4
147923_at,BECKSTPREPU04HR,Development,W1118,Prepupae,1,1.2472,4
147924_at,BECKSTPREPU04HR,Development,W1118,Prepupae,1,1.5253,4
147925_at,BECKSTPREPU04HR,Development,W1118,Prepupae,0,1.1533,4
147926_at,BECKSTPREPU04HR,Development,W1118,Prepupae,1,1.5491,4
147927_at,BECKSTPREPU04HR,Development,W1118,Prepupae,0,1.1248,4
147928_at,BECKSTPREPU04HR,Development,W1118,Prepupae,0,0.993,4
147929_at,BECKSTPREPU04HR,Development,W1118,Prepupae,0,0.91,4
147930_at,BECKSTPREPU04HR,Development,W1118,Prepupae,0,0.8518,4
147931_at,BECKSTPREPU04HR,Development,W1118,Prepupae,1,1.2732,4
147932_at,BECKSTPREPU04HR,Development,W1118,Prepupae,0,0.9001,4
147933_at,BECKSTPREPU04HR,Development,W1118,Prepupae,0,1.1588,4
147934_at,BECKSTPREPU04HR,Development,W1118,Prepupae,0,1.0204,4
147935_at,BECKSTPREPU04HR,Development,W1118,Prepupae,0,0.9311,4
147936_at,BECKSTPREPU04HR,Development,W1118,Prepupae,0,1.0978,4
147937_at,BECKSTPREPU04HR,Development,W1118,Prepupae,-1,0.7442,4
147938_at,BECKSTPREPU04HR,Development,W1118,Prepupae,0,1.1034,4
147939_at,BECKSTPREPU04HR,Development,W1118,Prepupae,0,0.8942,4
147940_at,BECKSTPREPU04HR,Development,W1118,Prepupae,0,0.9321,4
147941_at,BECKSTPREPU04HR,Development,W1118,Prepupae,1,1.2048,4
147942_at,BECKSTPREPU04HR,Development,W1118,Prepupae,0,1.0909,4
147943_at,BECKSTPREPU04HR,Development,W1118,Prepupae,1,1.4819,4
147944_at,BECKSTPREPU04HR,Development,W1118,Prepupae,1,1.3956,4
147945_at,BECKSTPREPU04HR,Development,W1118,Prepupae,0,1.0718,4
147946_at,BECKSTPREPU04HR,Development,W1118,Prepupae,0,1.0692,4
147947_at,BECKSTPREPU04HR,Development,W1118,Prepupae,1,1.5868,4
147948_at,BECKSTPREPU04HR,Development,W1118,Prepupae,0,1.0952,4
147949_at,BECKSTPREPU04HR,Development,W1118,Prepupae,0,0.9045,4
147950_at,BECKSTPREPU04HR,Development,W1118,Prepupae,0,0.966,4
147951_at,BECKSTPREPU04HR,Development,W1118,Prepupae,0,0.9069,4
147952_at,BECKSTPREPU04HR,Development,W1118,Prepupae,1,1.2679,4
147953_at,BECKSTPREPU04HR,Development,W1118,Prepupae,0,1.0188,4
147954_at,BECKSTPREPU04HR,Development,W1118,Prepupae,0,0.9518,4
147955_at,BECKSTPREPU04HR,Development,W1118,Prepupae,0,1.1004,4
147956_at,BECKSTPREPU04HR,Development,W1118,Prepupae,0,1.019,4
147957_at,BECKSTPREPU04HR,Development,W1118,Prepupae,0,0.998,4
147958_at,BECKSTPREPU04HR,Development,W1118,Prepupae,1,1.2247,4
147959_at,BECKSTPREPU04HR,Development,W1118,Prepupae,1,1.2272,4
147960_at,BECKSTPREPU04HR,Development,W1118,Prepupae,0,1.1526,4
147961_at,BECKSTPREPU04HR,Development,W1118,Prepupae,0,0.9222,4
147962_at,BECKSTPREPU04HR,Development,W1118,Prepupae,1,2.7315,4
147963_at,BECKSTPREPU04HR,Development,W1118,Prepupae,0,1.1078,4
147964_at,BECKSTPREPU04HR,Development,W1118,Prepupae,0,0.8279,4
147965_at,BECKSTPREPU04HR,Development,W1118,Prepupae,0,0.9617,4
147966_at,BECKSTPREPU04HR,Development,W1118,Prepupae,1,1.3266,4
147967_at,BECKSTPREPU04HR,Development,W1118,Prepupae,0,0.9883,4
147968_at,BECKSTPREPU04HR,Development,W1118,Prepupae,0,0.9055,4
147969_at,BECKSTPREPU04HR,Development,W1118,Prepupae,1,1.4589,4
147970_at,BECKSTPREPU04HR,Development,W1118,Prepupae,0,0.8954,4
147971_at,BECKSTPREPU04HR,Development,W1118,Prepupae,0,0.8408,4
147972_at,BECKSTPREPU04HR,Development,W1118,Prepupae,0,0.8142,4
147973_at,BECKSTPREPU04HR,Development,W1118,Prepupae,0,1.0239,4
147974_at,BECKSTPREPU04HR,Development,W1118,Prepupae,0,1.0925,4
147975_at,BECKSTPREPU04HR,Development,W1118,Prepupae,0,1.0251,4
147976_at,BECKSTPREPU04HR,Development,W1118,Prepupae,0,1.1334,4
147977_at,BECKSTPREPU04HR,Development,W1118,Prepupae,1,1.3828,4
147978_at,BECKSTPREPU04HR,Development,W1118,Prepupae,1,1.7707,4
147979_at,BECKSTPREPU04HR,Development,W1118,Prepupae,1,1.2797,4
147980_at,BECKSTPREPU04HR,Development,W1118,Prepupae,0,1.0188,4
147981_at,BECKSTPREPU04HR,Development,W1118,Prepupae,0,0.9809,4
147982_at,BECKSTPREPU04HR,Development,W1118,Prepupae,0,0.8294,4
147983_at,BECKSTPREPU04HR,Development,W1118,Prepupae,0,0.9523,4
147984_at,BECKSTPREPU04HR,Development,W1118,Prepupae,0,0.8787,4
147985_at,BECKSTPREPU04HR,Development,W1118,Prepupae,0,0.982,4
147986_at,BECKSTPREPU04HR,Development,W1118,Prepupae,0,0.833,4
147987_at,BECKSTPREPU04HR,Development,W1118,Prepupae,1,1.4035,4
147988_at,BECKSTPREPU04HR,Development,W1118,Prepupae,1,2.1155,4
147989_at,BECKSTPREPU04HR,Development,W1118,Prepupae,1,1.2094,4
147990_at,BECKSTPREPU04HR,Development,W1118,Prepupae,0,1.0713,4
147991_at,BECKSTPREPU04HR,Development,W1118,Prepupae,0,1.0064,4
147992_at,BECKSTPREPU04HR,Development,W1118,Prepupae,1,1.2558,4
147993_at,BECKSTPREPU04HR,Development,W1118,Prepupae,0,0.8428,4
147994_at,BECKSTPREPU04HR,Development,W1118,Prepupae,0,1.0476,4
147995_at,BECKSTPREPU04HR,Development,W1118,Prepupae,0,1.0399,4
147996_at,BECKSTPREPU04HR,Development,W1118,Prepupae,1,2.0293,4
147997_at,BECKSTPREPU04HR,Development,W1118,Prepupae,1,1.2537,4
147998_at,BECKSTPREPU04HR,Development,W1118,Prepupae,0,0.9788,4
147999_at,BECKSTPREPU04HR,Development,W1118,Prepupae,1,1.5114,4
148000_at,BECKSTPREPU04HR,Development,W1118,Prepupae,1,1.2304,4
148001_at,BECKSTPREPU04HR,Development,W1118,Prepupae,1,1.2525,4
148002_at,BECKSTPREPU04HR,Development,W1118,Prepupae,0,0.8389,4
148003_at,BECKSTPREPU04HR,Development,W1118,Prepupae,0,0.9325,4
148004_at,BECKSTPREPU04HR,Development,W1118,Prepupae,1,1.3734,4
148005_at,BECKSTPREPU04HR,Development,W1118,Prepupae,-1,0.4069,4
148006_at,BECKSTPREPU04HR,Development,W1118,Prepupae,0,1.024,4
148007_at,BECKSTPREPU04HR,Development,W1118,Prepupae,0,1.0727,4
148008_at,BECKSTPREPU04HR,Development,W1118,Prepupae,1,1.4971,4
148009_at,BECKSTPREPU04HR,Development,W1118,Prepupae,1,1.236,4
148010_at,BECKSTPREPU04HR,Development,W1118,Prepupae,0,0.8037,4
148011_at,BECKSTPREPU04HR,Development,W1118,Prepupae,0,1.0847,4
148012_at,BECKSTPREPU04HR,Development,W1118,Prepupae,0,0.9868,4
148013_at,BECKSTPREPU04HR,Development,W1118,Prepupae,0,1.05,4
148014_at,BECKSTPREPU04HR,Development,W1118,Prepupae,0,1.1201,4
148015_at,BECKSTPREPU04HR,Development,W1118,Prepupae,1,1.2968,4
148016_at,BECKSTPREPU04HR,Development,W1118,Prepupae,0,0.891,4
148017_at,BECKSTPREPU04HR,Development,W1118,Prepupae,1,1.2628,4
148018_at,BECKSTPREPU04HR,Development,W1118,Prepupae,0,1.1446,4
148019_at,BECKSTPREPU04HR,Development,W1118,Prepupae,1,2.0382,4
148020_at,BECKSTPREPU04HR,Development,W1118,Prepupae,-1,0.7811,4
148021_at,BECKSTPREPU04HR,Development,W1118,Prepupae,1,1.3673,4
148022_at,BECKSTPREPU04HR,Development,W1118,Prepupae,1,1.383,4
148023_at,BECKSTPREPU04HR,Development,W1118,Prepupae,0,1.1169,4
148024_at,BECKSTPREPU04HR,Development,W1118,Prepupae,0,1.1081,4
148025_at,BECKSTPREPU04HR,Development,W1118,Prepupae,0,0.9901,4
148026_at,BECKSTPREPU04HR,Development,W1118,Prepupae,0,0.9932,4
148027_at,BECKSTPREPU04HR,Development,W1118,Prepupae,1,1.7264,4
148028_at,BECKSTPREPU04HR,Development,W1118,Prepupae,1,1.4608,4
148029_at,BECKSTPREPU04HR,Development,W1118,Prepupae,1,1.4454,4
148030_at,BECKSTPREPU04HR,Development,W1118,Prepupae,0,1.1293,4
148031_at,BECKSTPREPU04HR,Development,W1118,Prepupae,1,1.5288,4
148032_at,BECKSTPREPU04HR,Development,W1118,Prepupae,0,0.8075,4
148033_at,BECKSTPREPU04HR,Development,W1118,Prepupae,1,1.562,4
148034_at,BECKSTPREPU04HR,Development,W1118,Prepupae,1,1.2156,4
148035_at,BECKSTPREPU04HR,Development,W1118,Prepupae,1,1.6451,4
148036_at,BECKSTPREPU04HR,Development,W1118,Prepupae,0,1.1995,4
148037_at,BECKSTPREPU04HR,Development,W1118,Prepupae,0,0.9023,4
148038_at,BECKSTPREPU04HR,Development,W1118,Prepupae,0,0.9189,4
148039_at,BECKSTPREPU04HR,Development,W1118,Prepupae,0,0.9567,4
148040_at,BECKSTPREPU04HR,Development,W1118,Prepupae,0,0.8461,4
148041_at,BECKSTPREPU04HR,Development,W1118,Prepupae,0,1.1397,4
148042_at,BECKSTPREPU04HR,Development,W1118,Prepupae,0,0.9416,4
148043_at,BECKSTPREPU04HR,Development,W1118,Prepupae,0,0.8488,4
148044_at,BECKSTPREPU04HR,Development,W1118,Prepupae,1,1.2244,4
148045_at,BECKSTPREPU04HR,Development,W1118,Prepupae,1,1.4752,4
148046_at,BECKSTPREPU04HR,Development,W1118,Prepupae,0,0.9804,4
148047_at,BECKSTPREPU04HR,Development,W1118,Prepupae,0,1.0464,4
148048_at,BECKSTPREPU04HR,Development,W1118,Prepupae,0,0.9859,4
148049_at,BECKSTPREPU04HR,Development,W1118,Prepupae,0,0.9259,4
148050_at,BECKSTPREPU04HR,Development,W1118,Prepupae,0,0.9785,4
148051_at,BECKSTPREPU04HR,Development,W1118,Prepupae,-1,0.6104,4
148052_at,BECKSTPREPU04HR,Development,W1118,Prepupae,0,0.8879,4
148053_at,BECKSTPREPU04HR,Development,W1118,Prepupae,1,1.5185,4
148054_at,BECKSTPREPU04HR,Development,W1118,Prepupae,0,1.0118,4
148055_at,BECKSTPREPU04HR,Development,W1118,Prepupae,1,1.5252,4
148056_at,BECKSTPREPU04HR,Development,W1118,Prepupae,0,1.1074,4
148057_at,BECKSTPREPU04HR,Development,W1118,Prepupae,0,1.109,4
148058_at,BECKSTPREPU04HR,Development,W1118,Prepupae,0,0.8912,4
148059_at,BECKSTPREPU04HR,Development,W1118,Prepupae,0,1.1618,4
148060_at,BECKSTPREPU04HR,Development,W1118,Prepupae,1,2.0825,4
148061_at,BECKSTPREPU04HR,Development,W1118,Prepupae,0,1.1278,4
148062_at,BECKSTPREPU04HR,Development,W1118,Prepupae,1,1.4513,4
148063_at,BECKSTPREPU04HR,Development,W1118,Prepupae,0,1.1262,4
148064_at,BECKSTPREPU04HR,Development,W1118,Prepupae,0,1.1384,4
148065_at,BECKSTPREPU04HR,Development,W1118,Prepupae,0,1.0829,4
148066_at,BECKSTPREPU04HR,Development,W1118,Prepupae,0,1.1981,4
148067_at,BECKSTPREPU04HR,Development,W1118,Prepupae,0,1.164,4
148068_at,BECKSTPREPU04HR,Development,W1118,Prepupae,0,1.0271,4
148069_at,BECKSTPREPU04HR,Development,W1118,Prepupae,0,1.0946,4
148070_at,BECKSTPREPU04HR,Development,W1118,Prepupae,0,1.0061,4
148071_at,BECKSTPREPU04HR,Development,W1118,Prepupae,1,1.2904,4
148072_at,BECKSTPREPU04HR,Development,W1118,Prepupae,1,1.4399,4
148073_at,BECKSTPREPU04HR,Development,W1118,Prepupae,1,1.5094,4
148074_at,BECKSTPREPU04HR,Development,W1118,Prepupae,1,1.627,4
148075_at,BECKSTPREPU04HR,Development,W1118,Prepupae,1,1.2676,4
148076_at,BECKSTPREPU04HR,Development,W1118,Prepupae,0,0.8917,4
148077_at,BECKSTPREPU04HR,Development,W1118,Prepupae,0,1.1343,4
148078_at,BECKSTPREPU04HR,Development,W1118,Prepupae,0,1.1131,4
148079_at,BECKSTPREPU04HR,Development,W1118,Prepupae,0,0.8833,4
148080_at,BECKSTPREPU04HR,Development,W1118,Prepupae,-1,0.7783,4
148081_at,BECKSTPREPU04HR,Development,W1118,Prepupae,0,1.0286,4
148082_at,BECKSTPREPU04HR,Development,W1118,Prepupae,0,0.9613,4
148083_at,BECKSTPREPU04HR,Development,W1118,Prepupae,0,1.0607,4
148084_at,BECKSTPREPU04HR,Development,W1118,Prepupae,0,0.8315,4
148085_at,BECKSTPREPU04HR,Development,W1118,Prepupae,1,1.3975,4
148086_at,BECKSTPREPU04HR,Development,W1118,Prepupae,0,1.1403,4
148087_at,BECKSTPREPU04HR,Development,W1118,Prepupae,-1,0.4979,4
148088_at,BECKSTPREPU04HR,Development,W1118,Prepupae,0,1.195,4
148089_at,BECKSTPREPU04HR,Development,W1118,Prepupae,1,1.3296,4
148090_at,BECKSTPREPU04HR,Development,W1118,Prepupae,0,1.0805,4
148091_at,BECKSTPREPU04HR,Development,W1118,Prepupae,0,1.1572,4
148092_at,BECKSTPREPU04HR,Development,W1118,Prepupae,1,1.9874,4
148093_at,BECKSTPREPU04HR,Development,W1118,Prepupae,0,1.1319,4
148094_at,BECKSTPREPU04HR,Development,W1118,Prepupae,0,0.9635,4
148095_at,BECKSTPREPU04HR,Development,W1118,Prepupae,0,0.8273,4
148096_at,BECKSTPREPU04HR,Development,W1118,Prepupae,1,1.6381,4
148097_at,BECKSTPREPU04HR,Development,W1118,Prepupae,1,1.2354,4
148098_at,BECKSTPREPU04HR,Development,W1118,Prepupae,1,1.9606,4
148099_at,BECKSTPREPU04HR,Development,W1118,Prepupae,1,1.2237,4
148100_at,BECKSTPREPU04HR,Development,W1118,Prepupae,1,1.2056,4
148101_at,BECKSTPREPU04HR,Development,W1118,Prepupae,0,0.84,4
148102_at,BECKSTPREPU04HR,Development,W1118,Prepupae,-1,0.2568,4
148103_at,BECKSTPREPU04HR,Development,W1118,Prepupae,-1,0.5082,4
148104_at,BECKSTPREPU04HR,Development,W1118,Prepupae,0,1.1077,4
148105_at,BECKSTPREPU04HR,Development,W1118,Prepupae,1,1.2378,4
148106_s_at,BECKSTPREPU04HR,Development,W1118,Prepupae,0,0.8694,4
148107_at,BECKSTPREPU04HR,Development,W1118,Prepupae,0,1.0646,4
148108_at,BECKSTPREPU04HR,Development,W1118,Prepupae,0,1.0497,4
148109_at,BECKSTPREPU04HR,Development,W1118,Prepupae,0,1.1477,4
148110_i_at,BECKSTPREPU04HR,Development,W1118,Prepupae,1,2.1366,4
148111_r_at,BECKSTPREPU04HR,Development,W1118,Prepupae,1,2.4636,4
148112_at,BECKSTPREPU04HR,Development,W1118,Prepupae,0,0.96,4
148113_at,BECKSTPREPU04HR,Development,W1118,Prepupae,0,0.869,4
148114_at,BECKSTPREPU04HR,Development,W1118,Prepupae,0,0.8058,4
148115_at,BECKSTPREPU04HR,Development,W1118,Prepupae,0,0.9654,4
148116_at,BECKSTPREPU04HR,Development,W1118,Prepupae,1,1.3869,4
148117_at,BECKSTPREPU04HR,Development,W1118,Prepupae,0,0.9691,4
148118_at,BECKSTPREPU04HR,Development,W1118,Prepupae,0,1.0144,4
148119_at,BECKSTPREPU04HR,Development,W1118,Prepupae,1,1.2322,4
148120_at,BECKSTPREPU04HR,Development,W1118,Prepupae,1,1.2808,4
148121_at,BECKSTPREPU04HR,Development,W1118,Prepupae,1,1.2135,4
148122_at,BECKSTPREPU04HR,Development,W1118,Prepupae,0,1.195,4
148123_at,BECKSTPREPU04HR,Development,W1118,Prepupae,0,0.9993,4
148124_at,BECKSTPREPU04HR,Development,W1118,Prepupae,1,1.2038,4
148125_at,BECKSTPREPU04HR,Development,W1118,Prepupae,0,0.8401,4
148126_at,BECKSTPREPU04HR,Development,W1118,Prepupae,0,0.9354,4
148127_at,BECKSTPREPU04HR,Development,W1118,Prepupae,1,1.3182,4
148128_at,BECKSTPREPU04HR,Development,W1118,Prepupae,-1,0.6923,4
148129_at,BECKSTPREPU04HR,Development,W1118,Prepupae,0,1.0597,4
148130_at,BECKSTPREPU04HR,Development,W1118,Prepupae,1,1.4556,4
148131_at,BECKSTPREPU04HR,Development,W1118,Prepupae,0,0.9928,4
148132_at,BECKSTPREPU04HR,Development,W1118,Prepupae,0,0.9708,4
148133_at,BECKSTPREPU04HR,Development,W1118,Prepupae,0,0.9995,4
148134_at,BECKSTPREPU04HR,Development,W1118,Prepupae,0,0.9773,4
148135_at,BECKSTPREPU04HR,Development,W1118,Prepupae,0,0.873,4
148136_at,BECKSTPREPU04HR,Development,W1118,Prepupae,1,1.2175,4
148137_at,BECKSTPREPU04HR,Development,W1118,Prepupae,-1,0.7741,4
148138_at,BECKSTPREPU04HR,Development,W1118,Prepupae,0,0.8736,4
148139_at,BECKSTPREPU04HR,Development,W1118,Prepupae,1,1.299,4
148140_at,BECKSTPREPU04HR,Development,W1118,Prepupae,1,1.6464,4
148141_at,BECKSTPREPU04HR,Development,W1118,Prepupae,0,0.8227,4
148142_at,BECKSTPREPU04HR,Development,W1118,Prepupae,0,1.1088,4
148143_at,BECKSTPREPU04HR,Development,W1118,Prepupae,1,1.5399,4
148144_at,BECKSTPREPU04HR,Development,W1118,Prepupae,1,1.4443,4
148145_at,BECKSTPREPU04HR,Development,W1118,Prepupae,0,1.0457,4
148146_at,BECKSTPREPU04HR,Development,W1118,Prepupae,1,1.564,4
148147_at,BECKSTPREPU04HR,Development,W1118,Prepupae,0,1.0649,4
148148_at,BECKSTPREPU04HR,Development,W1118,Prepupae,0,0.8867,4
148149_at,BECKSTPREPU04HR,Development,W1118,Prepupae,1,1.269,4
148150_at,BECKSTPREPU04HR,Development,W1118,Prepupae,1,1.7634,4
148151_at,BECKSTPREPU04HR,Development,W1118,Prepupae,0,0.8843,4
148152_at,BECKSTPREPU04HR,Development,W1118,Prepupae,1,1.4497,4
148153_at,BECKSTPREPU04HR,Development,W1118,Prepupae,1,1.5874,4
148154_at,BECKSTPREPU04HR,Development,W1118,Prepupae,0,1.1716,4
148155_at,BECKSTPREPU04HR,Development,W1118,Prepupae,1,1.2585,4
148156_at,BECKSTPREPU04HR,Development,W1118,Prepupae,0,1.0466,4
148157_at,BECKSTPREPU04HR,Development,W1118,Prepupae,1,1.2717,4
148158_at,BECKSTPREPU04HR,Development,W1118,Prepupae,1,1.5802,4
148159_at,BECKSTPREPU04HR,Development,W1118,Prepupae,0,0.9298,4
148160_at,BECKSTPREPU04HR,Development,W1118,Prepupae,0,0.8719,4
148161_at,BECKSTPREPU04HR,Development,W1118,Prepupae,0,1.0991,4
148162_at,BECKSTPREPU04HR,Development,W1118,Prepupae,0,1.0382,4
148163_at,BECKSTPREPU04HR,Development,W1118,Prepupae,0,1.1787,4
148164_at,BECKSTPREPU04HR,Development,W1118,Prepupae,1,1.9425,4
148165_at,BECKSTPREPU04HR,Development,W1118,Prepupae,0,0.9132,4
148166_at,BECKSTPREPU04HR,Development,W1118,Prepupae,0,0.8119,4
148167_at,BECKSTPREPU04HR,Development,W1118,Prepupae,1,1.296,4
148168_at,BECKSTPREPU04HR,Development,W1118,Prepupae,0,0.9996,4
148169_at,BECKSTPREPU04HR,Development,W1118,Prepupae,0,0.9807,4
148170_at,BECKSTPREPU04HR,Development,W1118,Prepupae,1,1.2518,4
148171_at,BECKSTPREPU04HR,Development,W1118,Prepupae,0,0.8169,4
148172_at,BECKSTPREPU04HR,Development,W1118,Prepupae,0,0.8711,4
148173_at,BECKSTPREPU04HR,Development,W1118,Prepupae,-1,0.6998,4
148174_at,BECKSTPREPU04HR,Development,W1118,Prepupae,1,1.5734,4
148175_at,BECKSTPREPU04HR,Development,W1118,Prepupae,0,1.0568,4
148176_at,BECKSTPREPU04HR,Development,W1118,Prepupae,0,0.9897,4
148177_at,BECKSTPREPU04HR,Development,W1118,Prepupae,0,1.1936,4
148178_at,BECKSTPREPU04HR,Development,W1118,Prepupae,1,1.5427,4
148179_at,BECKSTPREPU04HR,Development,W1118,Prepupae,0,1.0952,4
148180_at,BECKSTPREPU04HR,Development,W1118,Prepupae,1,1.4712,4
148181_at,BECKSTPREPU04HR,Development,W1118,Prepupae,1,2.2602,4
148182_at,BECKSTPREPU04HR,Development,W1118,Prepupae,0,1.1205,4
148183_at,BECKSTPREPU04HR,Development,W1118,Prepupae,1,1.3216,4
148184_at,BECKSTPREPU04HR,Development,W1118,Prepupae,1,1.9787,4
148185_at,BECKSTPREPU04HR,Development,W1118,Prepupae,1,1.4324,4
148186_at,BECKSTPREPU04HR,Development,W1118,Prepupae,1,1.539,4
148187_at,BECKSTPREPU04HR,Development,W1118,Prepupae,0,1.1517,4
148188_at,BECKSTPREPU04HR,Development,W1118,Prepupae,0,1.0691,4
148189_at,BECKSTPREPU04HR,Development,W1118,Prepupae,0,1.0525,4
148190_at,BECKSTPREPU04HR,Development,W1118,Prepupae,0,0.926,4
148191_at,BECKSTPREPU04HR,Development,W1118,Prepupae,1,1.5898,4
148192_at,BECKSTPREPU04HR,Development,W1118,Prepupae,0,1.0784,4
148193_at,BECKSTPREPU04HR,Development,W1118,Prepupae,1,1.2815,4
148194_at,BECKSTPREPU04HR,Development,W1118,Prepupae,0,1.0493,4
148195_at,BECKSTPREPU04HR,Development,W1118,Prepupae,1,1.3044,4
148196_at,BECKSTPREPU04HR,Development,W1118,Prepupae,0,1.1171,4
148197_at,BECKSTPREPU04HR,Development,W1118,Prepupae,1,1.2686,4
148198_at,BECKSTPREPU04HR,Development,W1118,Prepupae,1,1.523,4
148199_at,BECKSTPREPU04HR,Development,W1118,Prepupae,1,1.5116,4
148200_at,BECKSTPREPU04HR,Development,W1118,Prepupae,1,1.2576,4
148201_at,BECKSTPREPU04HR,Development,W1118,Prepupae,-1,0.4677,4
148202_at,BECKSTPREPU04HR,Development,W1118,Prepupae,1,1.2948,4
148203_at,BECKSTPREPU04HR,Development,W1118,Prepupae,1,1.4147,4
148204_at,BECKSTPREPU04HR,Development,W1118,Prepupae,1,1.2131,4
148205_at,BECKSTPREPU04HR,Development,W1118,Prepupae,0,1.1477,4
148206_at,BECKSTPREPU04HR,Development,W1118,Prepupae,-1,0.7947,4
148207_at,BECKSTPREPU04HR,Development,W1118,Prepupae,0,0.936,4
148208_at,BECKSTPREPU04HR,Development,W1118,Prepupae,0,0.8361,4
148209_at,BECKSTPREPU04HR,Development,W1118,Prepupae,1,1.2766,4
148210_at,BECKSTPREPU04HR,Development,W1118,Prepupae,1,1.3956,4
148211_at,BECKSTPREPU04HR,Development,W1118,Prepupae,-1,0.7823,4
148212_at,BECKSTPREPU04HR,Development,W1118,Prepupae,0,0.9728,4
148213_at,BECKSTPREPU04HR,Development,W1118,Prepupae,0,0.9822,4
148214_at,BECKSTPREPU04HR,Development,W1118,Prepupae,0,1.044,4
148215_at,BECKSTPREPU04HR,Development,W1118,Prepupae,0,1.0549,4
148216_at,BECKSTPREPU04HR,Development,W1118,Prepupae,0,0.8226,4
148217_at,BECKSTPREPU04HR,Development,W1118,Prepupae,0,0.9477,4
148218_at,BECKSTPREPU04HR,Development,W1118,Prepupae,-1,0.582,4
148219_at,BECKSTPREPU04HR,Development,W1118,Prepupae,1,1.6826,4
148220_at,BECKSTPREPU04HR,Development,W1118,Prepupae,1,2.4654,4
148221_at,BECKSTPREPU04HR,Development,W1118,Prepupae,1,1.539,4
148222_at,BECKSTPREPU04HR,Development,W1118,Prepupae,1,1.8679,4
148223_at,BECKSTPREPU04HR,Development,W1118,Prepupae,0,1.0347,4
148224_at,BECKSTPREPU04HR,Development,W1118,Prepupae,1,1.3146,4
148225_at,BECKSTPREPU04HR,Development,W1118,Prepupae,0,0.9875,4
148226_at,BECKSTPREPU04HR,Development,W1118,Prepupae,1,1.4608,4
148227_at,BECKSTPREPU04HR,Development,W1118,Prepupae,1,1.6335,4
148228_at,BECKSTPREPU04HR,Development,W1118,Prepupae,1,2.4792,4
148229_at,BECKSTPREPU04HR,Development,W1118,Prepupae,0,0.8829,4
148230_at,BECKSTPREPU04HR,Development,W1118,Prepupae,-1,0.7923,4
148231_at,BECKSTPREPU04HR,Development,W1118,Prepupae,0,1.055,4
148232_at,BECKSTPREPU04HR,Development,W1118,Prepupae,-1,0.5814,4
148233_at,BECKSTPREPU04HR,Development,W1118,Prepupae,0,1.0439,4
148234_at,BECKSTPREPU04HR,Development,W1118,Prepupae,0,0.8961,4
148235_at,BECKSTPREPU04HR,Development,W1118,Prepupae,0,0.8711,4
148236_at,BECKSTPREPU04HR,Development,W1118,Prepupae,0,1.0381,4
148237_at,BECKSTPREPU04HR,Development,W1118,Prepupae,0,0.9314,4
148238_at,BECKSTPREPU04HR,Development,W1118,Prepupae,1,1.2638,4
148239_at,BECKSTPREPU04HR,Development,W1118,Prepupae,1,1.4125,4
148240_at,BECKSTPREPU04HR,Development,W1118,Prepupae,1,1.2345,4
148241_at,BECKSTPREPU04HR,Development,W1118,Prepupae,0,0.9519,4
148242_at,BECKSTPREPU04HR,Development,W1118,Prepupae,0,1.0662,4
148243_at,BECKSTPREPU04HR,Development,W1118,Prepupae,1,1.4354,4
148244_at,BECKSTPREPU04HR,Development,W1118,Prepupae,-1,0.6441,4
148245_at,BECKSTPREPU04HR,Development,W1118,Prepupae,0,1.0665,4
148246_at,BECKSTPREPU04HR,Development,W1118,Prepupae,1,1.5824,4
148247_at,BECKSTPREPU04HR,Development,W1118,Prepupae,0,1.1174,4
148248_s_at,BECKSTPREPU04HR,Development,W1118,Prepupae,0,1.0023,4
148249_at,BECKSTPREPU04HR,Development,W1118,Prepupae,0,0.9893,4
148250_at,BECKSTPREPU04HR,Development,W1118,Prepupae,1,1.485,4
148251_at,BECKSTPREPU04HR,Development,W1118,Prepupae,0,0.9592,4
148252_at,BECKSTPREPU04HR,Development,W1118,Prepupae,1,1.2436,4
148253_at,BECKSTPREPU04HR,Development,W1118,Prepupae,1,1.3799,4
148254_at,BECKSTPREPU04HR,Development,W1118,Prepupae,1,1.5454,4
148255_at,BECKSTPREPU04HR,Development,W1118,Prepupae,0,1.1108,4
148256_at,BECKSTPREPU04HR,Development,W1118,Prepupae,1,1.8041,4
148257_at,BECKSTPREPU04HR,Development,W1118,Prepupae,-1,0.5122,4
148258_at,BECKSTPREPU04HR,Development,W1118,Prepupae,-1,0.3885,4
148259_at,BECKSTPREPU04HR,Development,W1118,Prepupae,1,2.0657,4
148260_at,BECKSTPREPU04HR,Development,W1118,Prepupae,0,0.8569,4
148261_at,BECKSTPREPU04HR,Development,W1118,Prepupae,-1,0.6381,4
148262_at,BECKSTPREPU04HR,Development,W1118,Prepupae,1,1.4553,4
148263_at,BECKSTPREPU04HR,Development,W1118,Prepupae,1,1.3432,4
148264_at,BECKSTPREPU04HR,Development,W1118,Prepupae,0,1.1017,4
148265_at,BECKSTPREPU04HR,Development,W1118,Prepupae,0,0.854,4
148266_at,BECKSTPREPU04HR,Development,W1118,Prepupae,1,1.2461,4
148267_at,BECKSTPREPU04HR,Development,W1118,Prepupae,0,1.175,4
148268_at,BECKSTPREPU04HR,Development,W1118,Prepupae,0,1.1281,4
148269_at,BECKSTPREPU04HR,Development,W1118,Prepupae,1,1.4514,4
148270_at,BECKSTPREPU04HR,Development,W1118,Prepupae,1,1.4197,4
148271_at,BECKSTPREPU04HR,Development,W1118,Prepupae,1,1.2665,4
148272_at,BECKSTPREPU04HR,Development,W1118,Prepupae,0,1.1785,4
148273_at,BECKSTPREPU04HR,Development,W1118,Prepupae,-1,0.6075,4
148274_at,BECKSTPREPU04HR,Development,W1118,Prepupae,1,1.6683,4
148275_at,BECKSTPREPU04HR,Development,W1118,Prepupae,1,2.191,4
148276_at,BECKSTPREPU04HR,Development,W1118,Prepupae,0,1.061,4
148277_at,BECKSTPREPU04HR,Development,W1118,Prepupae,0,1.0702,4
148278_at,BECKSTPREPU04HR,Development,W1118,Prepupae,1,1.3354,4
148279_at,BECKSTPREPU04HR,Development,W1118,Prepupae,1,1.3381,4
148280_at,BECKSTPREPU04HR,Development,W1118,Prepupae,1,1.2934,4
148281_at,BECKSTPREPU04HR,Development,W1118,Prepupae,0,1.0968,4
148282_at,BECKSTPREPU04HR,Development,W1118,Prepupae,0,1.0748,4
148283_at,BECKSTPREPU04HR,Development,W1118,Prepupae,0,0.9152,4
148284_at,BECKSTPREPU04HR,Development,W1118,Prepupae,1,1.9378,4
148285_at,BECKSTPREPU04HR,Development,W1118,Prepupae,0,0.9745,4
148286_at,BECKSTPREPU04HR,Development,W1118,Prepupae,0,1.134,4
148287_at,BECKSTPREPU04HR,Development,W1118,Prepupae,0,1.1501,4
148288_at,BECKSTPREPU04HR,Development,W1118,Prepupae,1,1.3816,4
148289_at,BECKSTPREPU04HR,Development,W1118,Prepupae,1,1.4181,4
148290_at,BECKSTPREPU04HR,Development,W1118,Prepupae,1,1.3155,4
148291_at,BECKSTPREPU04HR,Development,W1118,Prepupae,0,0.8788,4
148292_at,BECKSTPREPU04HR,Development,W1118,Prepupae,0,0.9255,4
148293_at,BECKSTPREPU04HR,Development,W1118,Prepupae,0,1.1886,4
148294_at,BECKSTPREPU04HR,Development,W1118,Prepupae,1,1.6485,4
148295_at,BECKSTPREPU04HR,Development,W1118,Prepupae,0,1.1375,4
148296_at,BECKSTPREPU04HR,Development,W1118,Prepupae,1,1.5346,4
148297_at,BECKSTPREPU04HR,Development,W1118,Prepupae,1,1.2566,4
148298_at,BECKSTPREPU04HR,Development,W1118,Prepupae,0,0.9231,4
148299_at,BECKSTPREPU04HR,Development,W1118,Prepupae,1,1.3982,4
148300_at,BECKSTPREPU04HR,Development,W1118,Prepupae,1,1.5673,4
148301_at,BECKSTPREPU04HR,Development,W1118,Prepupae,1,1.2879,4
148302_at,BECKSTPREPU04HR,Development,W1118,Prepupae,0,1.0659,4
148303_at,BECKSTPREPU04HR,Development,W1118,Prepupae,1,1.3377,4
148304_at,BECKSTPREPU04HR,Development,W1118,Prepupae,0,1.1556,4
148305_at,BECKSTPREPU04HR,Development,W1118,Prepupae,-1,0.7786,4
148306_at,BECKSTPREPU04HR,Development,W1118,Prepupae,0,1.0739,4
148307_i_at,BECKSTPREPU04HR,Development,W1118,Prepupae,0,0.9374,4
148308_f_at,BECKSTPREPU04HR,Development,W1118,Prepupae,1,1.9302,4
148309_at,BECKSTPREPU04HR,Development,W1118,Prepupae,1,1.9401,4
148310_i_at,BECKSTPREPU04HR,Development,W1118,Prepupae,-1,0.7755,4
148311_f_at,BECKSTPREPU04HR,Development,W1118,Prepupae,0,0.9581,4
148312_at,BECKSTPREPU04HR,Development,W1118,Prepupae,1,1.2838,4
148313_at,BECKSTPREPU04HR,Development,W1118,Prepupae,1,1.3187,4
148314_at,BECKSTPREPU04HR,Development,W1118,Prepupae,1,1.6286,4
148315_at,BECKSTPREPU04HR,Development,W1118,Prepupae,0,0.9527,4
148316_at,BECKSTPREPU04HR,Development,W1118,Prepupae,0,1.0372,4
148317_at,BECKSTPREPU04HR,Development,W1118,Prepupae,-1,0.7411,4
148318_at,BECKSTPREPU04HR,Development,W1118,Prepupae,0,1.0323,4
148319_at,BECKSTPREPU04HR,Development,W1118,Prepupae,1,1.7805,4
148320_at,BECKSTPREPU04HR,Development,W1118,Prepupae,1,1.4763,4
148321_at,BECKSTPREPU04HR,Development,W1118,Prepupae,1,2.1545,4
148322_at,BECKSTPREPU04HR,Development,W1118,Prepupae,1,1.2892,4
148323_at,BECKSTPREPU04HR,Development,W1118,Prepupae,0,0.9442,4
148324_at,BECKSTPREPU04HR,Development,W1118,Prepupae,0,1.1912,4
148325_at,BECKSTPREPU04HR,Development,W1118,Prepupae,0,1.1442,4
148326_at,BECKSTPREPU04HR,Development,W1118,Prepupae,0,1.1052,4
148327_at,BECKSTPREPU04HR,Development,W1118,Prepupae,0,0.8359,4
148328_at,BECKSTPREPU04HR,Development,W1118,Prepupae,1,1.3126,4
148329_at,BECKSTPREPU04HR,Development,W1118,Prepupae,0,0.9621,4
148330_at,BECKSTPREPU04HR,Development,W1118,Prepupae,0,1.0995,4
148331_at,BECKSTPREPU04HR,Development,W1118,Prepupae,0,1.1797,4
148332_at,BECKSTPREPU04HR,Development,W1118,Prepupae,1,1.3423,4
148333_at,BECKSTPREPU04HR,Development,W1118,Prepupae,1,1.3671,4
148334_at,BECKSTPREPU04HR,Development,W1118,Prepupae,0,1.0996,4
148335_at,BECKSTPREPU04HR,Development,W1118,Prepupae,1,2.4065,4
148336_at,BECKSTPREPU04HR,Development,W1118,Prepupae,1,1.3837,4
148337_at,BECKSTPREPU04HR,Development,W1118,Prepupae,0,1.0464,4
148338_at,BECKSTPREPU04HR,Development,W1118,Prepupae,0,0.9883,4
148339_at,BECKSTPREPU04HR,Development,W1118,Prepupae,1,1.738,4
148340_at,BECKSTPREPU04HR,Development,W1118,Prepupae,-1,0.7642,4
148341_at,BECKSTPREPU04HR,Development,W1118,Prepupae,0,1.0669,4
148342_at,BECKSTPREPU04HR,Development,W1118,Prepupae,1,1.9773,4
148343_at,BECKSTPREPU04HR,Development,W1118,Prepupae,1,1.4323,4
148344_at,BECKSTPREPU04HR,Development,W1118,Prepupae,1,1.3219,4
148345_at,BECKSTPREPU04HR,Development,W1118,Prepupae,1,2.6422,4
148346_at,BECKSTPREPU04HR,Development,W1118,Prepupae,0,1.1042,4
148347_at,BECKSTPREPU04HR,Development,W1118,Prepupae,1,1.2211,4
148348_at,BECKSTPREPU04HR,Development,W1118,Prepupae,1,1.4276,4
148349_at,BECKSTPREPU04HR,Development,W1118,Prepupae,1,1.3564,4
148350_at,BECKSTPREPU04HR,Development,W1118,Prepupae,-1,0.7952,4
148351_at,BECKSTPREPU04HR,Development,W1118,Prepupae,0,1.1958,4
148352_at,BECKSTPREPU04HR,Development,W1118,Prepupae,0,0.9614,4
148353_at,BECKSTPREPU04HR,Development,W1118,Prepupae,0,0.9372,4
148354_at,BECKSTPREPU04HR,Development,W1118,Prepupae,0,0.9353,4
148355_at,BECKSTPREPU04HR,Development,W1118,Prepupae,0,0.8265,4
148356_at,BECKSTPREPU04HR,Development,W1118,Prepupae,1,1.7231,4
148357_at,BECKSTPREPU04HR,Development,W1118,Prepupae,0,1.0171,4
148358_at,BECKSTPREPU04HR,Development,W1118,Prepupae,1,1.2852,4
148359_at,BECKSTPREPU04HR,Development,W1118,Prepupae,1,1.2684,4
148360_at,BECKSTPREPU04HR,Development,W1118,Prepupae,1,1.3134,4
148361_at,BECKSTPREPU04HR,Development,W1118,Prepupae,1,1.2568,4
148362_at,BECKSTPREPU04HR,Development,W1118,Prepupae,0,0.9419,4
148363_at,BECKSTPREPU04HR,Development,W1118,Prepupae,0,1.1719,4
148364_at,BECKSTPREPU04HR,Development,W1118,Prepupae,0,0.9421,4
148365_at,BECKSTPREPU04HR,Development,W1118,Prepupae,1,1.5392,4
148366_at,BECKSTPREPU04HR,Development,W1118,Prepupae,0,0.9858,4
148367_at,BECKSTPREPU04HR,Development,W1118,Prepupae,0,0.9409,4
148368_at,BECKSTPREPU04HR,Development,W1118,Prepupae,1,1.3364,4
148369_at,BECKSTPREPU04HR,Development,W1118,Prepupae,0,0.9229,4
148370_at,BECKSTPREPU04HR,Development,W1118,Prepupae,0,0.8703,4
148371_at,BECKSTPREPU04HR,Development,W1118,Prepupae,1,1.4633,4
148372_at,BECKSTPREPU04HR,Development,W1118,Prepupae,1,1.3742,4
148373_at,BECKSTPREPU04HR,Development,W1118,Prepupae,1,1.4046,4
148374_at,BECKSTPREPU04HR,Development,W1118,Prepupae,0,0.9783,4
148375_at,BECKSTPREPU04HR,Development,W1118,Prepupae,0,0.9021,4
148376_at,BECKSTPREPU04HR,Development,W1118,Prepupae,1,1.3862,4
148377_at,BECKSTPREPU04HR,Development,W1118,Prepupae,0,0.9465,4
148378_at,BECKSTPREPU04HR,Development,W1118,Prepupae,0,0.9953,4
148379_at,BECKSTPREPU04HR,Development,W1118,Prepupae,1,1.2285,4
148380_at,BECKSTPREPU04HR,Development,W1118,Prepupae,0,1.0383,4
148381_r_at,BECKSTPREPU04HR,Development,W1118,Prepupae,1,1.3759,4
148382_f_at,BECKSTPREPU04HR,Development,W1118,Prepupae,1,1.2823,4
148383_r_at,BECKSTPREPU04HR,Development,W1118,Prepupae,1,1.2647,4
148384_f_at,BECKSTPREPU04HR,Development,W1118,Prepupae,1,1.2628,4
148385_at,BECKSTPREPU04HR,Development,W1118,Prepupae,0,1.1278,4
148386_at,BECKSTPREPU04HR,Development,W1118,Prepupae,1,1.2352,4
148387_at,BECKSTPREPU04HR,Development,W1118,Prepupae,1,2.0638,4
148388_at,BECKSTPREPU04HR,Development,W1118,Prepupae,1,2.594,4
148389_at,BECKSTPREPU04HR,Development,W1118,Prepupae,1,1.2569,4
148390_at,BECKSTPREPU04HR,Development,W1118,Prepupae,-1,0.7145,4
148391_at,BECKSTPREPU04HR,Development,W1118,Prepupae,1,1.2788,4
148392_at,BECKSTPREPU04HR,Development,W1118,Prepupae,1,1.5028,4
148393_at,BECKSTPREPU04HR,Development,W1118,Prepupae,1,1.2596,4
148394_at,BECKSTPREPU04HR,Development,W1118,Prepupae,0,0.8354,4
148395_at,BECKSTPREPU04HR,Development,W1118,Prepupae,1,1.4061,4
148396_f_at,BECKSTPREPU04HR,Development,W1118,Prepupae,0,0.8912,4
148397_at,BECKSTPREPU04HR,Development,W1118,Prepupae,0,1.1285,4
148398_at,BECKSTPREPU04HR,Development,W1118,Prepupae,0,0.9137,4
148399_at,BECKSTPREPU04HR,Development,W1118,Prepupae,0,0.8653,4
148400_at,BECKSTPREPU04HR,Development,W1118,Prepupae,1,4.3486,4
148401_at,BECKSTPREPU04HR,Development,W1118,Prepupae,1,2.9372,4
148402_at,BECKSTPREPU04HR,Development,W1118,Prepupae,1,1.6456,4
148403_at,BECKSTPREPU04HR,Development,W1118,Prepupae,0,0.9135,4
148404_at,BECKSTPREPU04HR,Development,W1118,Prepupae,0,1.0796,4
148405_at,BECKSTPREPU04HR,Development,W1118,Prepupae,1,1.8142,4
148406_at,BECKSTPREPU04HR,Development,W1118,Prepupae,0,0.956,4
148407_at,BECKSTPREPU04HR,Development,W1118,Prepupae,1,1.7916,4
148408_at,BECKSTPREPU04HR,Development,W1118,Prepupae,0,0.9422,4
148409_at,BECKSTPREPU04HR,Development,W1118,Prepupae,0,1.1066,4
148410_at,BECKSTPREPU04HR,Development,W1118,Prepupae,0,0.8197,4
148411_at,BECKSTPREPU04HR,Development,W1118,Prepupae,0,0.8991,4
148412_at,BECKSTPREPU04HR,Development,W1118,Prepupae,0,0.8428,4
148413_at,BECKSTPREPU04HR,Development,W1118,Prepupae,0,0.9569,4
148414_at,BECKSTPREPU04HR,Development,W1118,Prepupae,0,0.9259,4
148415_at,BECKSTPREPU04HR,Development,W1118,Prepupae,1,1.4508,4
148416_at,BECKSTPREPU04HR,Development,W1118,Prepupae,0,0.9604,4
148417_at,BECKSTPREPU04HR,Development,W1118,Prepupae,1,1.2108,4
148418_at,BECKSTPREPU04HR,Development,W1118,Prepupae,0,1.1718,4
148419_at,BECKSTPREPU04HR,Development,W1118,Prepupae,0,0.8226,4
148420_at,BECKSTPREPU04HR,Development,W1118,Prepupae,0,1.104,4
148421_at,BECKSTPREPU04HR,Development,W1118,Prepupae,0,1.1215,4
148422_at,BECKSTPREPU04HR,Development,W1118,Prepupae,0,0.9811,4
148423_at,BECKSTPREPU04HR,Development,W1118,Prepupae,1,1.7136,4
148424_at,BECKSTPREPU04HR,Development,W1118,Prepupae,0,0.9194,4
148425_at,BECKSTPREPU04HR,Development,W1118,Prepupae,1,1.485,4
148426_at,BECKSTPREPU04HR,Development,W1118,Prepupae,0,1.0912,4
148427_at,BECKSTPREPU04HR,Development,W1118,Prepupae,0,1.0743,4
148428_at,BECKSTPREPU04HR,Development,W1118,Prepupae,1,3.4885,4
148429_at,BECKSTPREPU04HR,Development,W1118,Prepupae,0,1.136,4
148430_at,BECKSTPREPU04HR,Development,W1118,Prepupae,0,1.1322,4
148431_at,BECKSTPREPU04HR,Development,W1118,Prepupae,0,1.0287,4
148432_at,BECKSTPREPU04HR,Development,W1118,Prepupae,0,0.819,4
148433_at,BECKSTPREPU04HR,Development,W1118,Prepupae,0,1.0516,4
148434_at,BECKSTPREPU04HR,Development,W1118,Prepupae,1,1.618,4
148435_at,BECKSTPREPU04HR,Development,W1118,Prepupae,0,1.0156,4
148436_at,BECKSTPREPU04HR,Development,W1118,Prepupae,0,1.1612,4
148437_at,BECKSTPREPU04HR,Development,W1118,Prepupae,1,1.2223,4
148438_at,BECKSTPREPU04HR,Development,W1118,Prepupae,1,1.5668,4
148439_at,BECKSTPREPU04HR,Development,W1118,Prepupae,0,0.8023,4
148440_at,BECKSTPREPU04HR,Development,W1118,Prepupae,0,1.1652,4
148441_at,BECKSTPREPU04HR,Development,W1118,Prepupae,1,1.2183,4
148442_at,BECKSTPREPU04HR,Development,W1118,Prepupae,0,0.9572,4
148443_at,BECKSTPREPU04HR,Development,W1118,Prepupae,1,1.2292,4
148444_at,BECKSTPREPU04HR,Development,W1118,Prepupae,0,1.0869,4
148445_at,BECKSTPREPU04HR,Development,W1118,Prepupae,1,1.4421,4
148446_at,BECKSTPREPU04HR,Development,W1118,Prepupae,-1,0.7943,4
148447_at,BECKSTPREPU04HR,Development,W1118,Prepupae,1,1.32,4
148448_at,BECKSTPREPU04HR,Development,W1118,Prepupae,0,0.8415,4
148449_at,BECKSTPREPU04HR,Development,W1118,Prepupae,0,0.926,4
148450_at,BECKSTPREPU04HR,Development,W1118,Prepupae,-1,0.7819,4
148451_at,BECKSTPREPU04HR,Development,W1118,Prepupae,0,1.0384,4
148452_at,BECKSTPREPU04HR,Development,W1118,Prepupae,1,1.6708,4
148453_at,BECKSTPREPU04HR,Development,W1118,Prepupae,1,1.6572,4
148454_at,BECKSTPREPU04HR,Development,W1118,Prepupae,0,1.1061,4
148455_at,BECKSTPREPU04HR,Development,W1118,Prepupae,1,1.4934,4
148456_at,BECKSTPREPU04HR,Development,W1118,Prepupae,1,1.3289,4
148457_at,BECKSTPREPU04HR,Development,W1118,Prepupae,-1,0.4925,4
148458_at,BECKSTPREPU04HR,Development,W1118,Prepupae,0,0.9739,4
148459_at,BECKSTPREPU04HR,Development,W1118,Prepupae,0,1.1369,4
148460_at,BECKSTPREPU04HR,Development,W1118,Prepupae,1,1.5117,4
148461_at,BECKSTPREPU04HR,Development,W1118,Prepupae,0,0.8759,4
148462_at,BECKSTPREPU04HR,Development,W1118,Prepupae,1,1.3858,4
148463_at,BECKSTPREPU04HR,Development,W1118,Prepupae,0,0.9645,4
148464_at,BECKSTPREPU04HR,Development,W1118,Prepupae,0,1.0264,4
148465_at,BECKSTPREPU04HR,Development,W1118,Prepupae,1,1.2399,4
148466_at,BECKSTPREPU04HR,Development,W1118,Prepupae,0,0.866,4
148467_at,BECKSTPREPU04HR,Development,W1118,Prepupae,0,1.1237,4
148468_at,BECKSTPREPU04HR,Development,W1118,Prepupae,1,1.3487,4
148469_at,BECKSTPREPU04HR,Development,W1118,Prepupae,0,0.8383,4
148470_at,BECKSTPREPU04HR,Development,W1118,Prepupae,1,1.8242,4
148471_at,BECKSTPREPU04HR,Development,W1118,Prepupae,1,1.2604,4
148472_at,BECKSTPREPU04HR,Development,W1118,Prepupae,0,1.1557,4
148473_at,BECKSTPREPU04HR,Development,W1118,Prepupae,0,1.1694,4
148474_at,BECKSTPREPU04HR,Development,W1118,Prepupae,1,1.3581,4
148475_at,BECKSTPREPU04HR,Development,W1118,Prepupae,1,1.6554,4
148476_at,BECKSTPREPU04HR,Development,W1118,Prepupae,1,1.5212,4
148477_at,BECKSTPREPU04HR,Development,W1118,Prepupae,-1,0.7103,4
148478_at,BECKSTPREPU04HR,Development,W1118,Prepupae,1,1.605,4
148479_at,BECKSTPREPU04HR,Development,W1118,Prepupae,-1,0.6394,4
148480_at,BECKSTPREPU04HR,Development,W1118,Prepupae,1,1.4279,4
148481_at,BECKSTPREPU04HR,Development,W1118,Prepupae,0,0.9529,4
148482_at,BECKSTPREPU04HR,Development,W1118,Prepupae,1,1.7234,4
148483_at,BECKSTPREPU04HR,Development,W1118,Prepupae,0,1.037,4
148484_at,BECKSTPREPU04HR,Development,W1118,Prepupae,-1,0.6578,4
148485_at,BECKSTPREPU04HR,Development,W1118,Prepupae,0,0.9531,4
148486_at,BECKSTPREPU04HR,Development,W1118,Prepupae,0,1.0081,4
148487_at,BECKSTPREPU04HR,Development,W1118,Prepupae,0,0.8383,4
148488_at,BECKSTPREPU04HR,Development,W1118,Prepupae,0,0.9685,4
148489_at,BECKSTPREPU04HR,Development,W1118,Prepupae,1,1.5668,4
148490_at,BECKSTPREPU04HR,Development,W1118,Prepupae,1,1.573,4
148491_at,BECKSTPREPU04HR,Development,W1118,Prepupae,0,0.9027,4
148492_at,BECKSTPREPU04HR,Development,W1118,Prepupae,1,1.245,4
148493_at,BECKSTPREPU04HR,Development,W1118,Prepupae,-1,0.788,4
148494_at,BECKSTPREPU04HR,Development,W1118,Prepupae,1,1.2465,4
148495_at,BECKSTPREPU04HR,Development,W1118,Prepupae,1,1.4772,4
148496_at,BECKSTPREPU04HR,Development,W1118,Prepupae,0,1.1551,4
148497_at,BECKSTPREPU04HR,Development,W1118,Prepupae,1,1.4845,4
148498_at,BECKSTPREPU04HR,Development,W1118,Prepupae,1,1.2026,4
148499_at,BECKSTPREPU04HR,Development,W1118,Prepupae,0,0.9942,4
148500_at,BECKSTPREPU04HR,Development,W1118,Prepupae,0,0.991,4
148501_at,BECKSTPREPU04HR,Development,W1118,Prepupae,0,0.9033,4
148502_at,BECKSTPREPU04HR,Development,W1118,Prepupae,0,1.0842,4
148503_at,BECKSTPREPU04HR,Development,W1118,Prepupae,1,1.5363,4
148504_at,BECKSTPREPU04HR,Development,W1118,Prepupae,0,0.909,4
148505_at,BECKSTPREPU04HR,Development,W1118,Prepupae,0,1.0779,4
148506_at,BECKSTPREPU04HR,Development,W1118,Prepupae,0,1.0027,4
148507_at,BECKSTPREPU04HR,Development,W1118,Prepupae,0,1.092,4
148508_at,BECKSTPREPU04HR,Development,W1118,Prepupae,1,2.2955,4
148509_at,BECKSTPREPU04HR,Development,W1118,Prepupae,1,1.4101,4
148510_at,BECKSTPREPU04HR,Development,W1118,Prepupae,1,2.2032,4
148511_at,BECKSTPREPU04HR,Development,W1118,Prepupae,0,0.9429,4
148512_at,BECKSTPREPU04HR,Development,W1118,Prepupae,1,1.258,4
148513_at,BECKSTPREPU04HR,Development,W1118,Prepupae,1,1.8626,4
148514_at,BECKSTPREPU04HR,Development,W1118,Prepupae,1,1.7118,4
148515_at,BECKSTPREPU04HR,Development,W1118,Prepupae,0,1.0765,4
148516_at,BECKSTPREPU04HR,Development,W1118,Prepupae,0,1.1565,4
148517_at,BECKSTPREPU04HR,Development,W1118,Prepupae,1,1.563,4
148518_at,BECKSTPREPU04HR,Development,W1118,Prepupae,1,1.2816,4
148519_at,BECKSTPREPU04HR,Development,W1118,Prepupae,0,1.1061,4
148520_at,BECKSTPREPU04HR,Development,W1118,Prepupae,-1,0.696,4
148521_at,BECKSTPREPU04HR,Development,W1118,Prepupae,1,1.941,4
148522_at,BECKSTPREPU04HR,Development,W1118,Prepupae,0,0.9526,4
148523_at,BECKSTPREPU04HR,Development,W1118,Prepupae,1,1.2385,4
148524_at,BECKSTPREPU04HR,Development,W1118,Prepupae,1,2.3884,4
148525_at,BECKSTPREPU04HR,Development,W1118,Prepupae,0,1.0122,4
148526_at,BECKSTPREPU04HR,Development,W1118,Prepupae,1,1.3649,4
148527_at,BECKSTPREPU04HR,Development,W1118,Prepupae,-1,0.7305,4
148528_at,BECKSTPREPU04HR,Development,W1118,Prepupae,1,1.3393,4
148529_at,BECKSTPREPU04HR,Development,W1118,Prepupae,1,1.6302,4
148530_at,BECKSTPREPU04HR,Development,W1118,Prepupae,-1,0.767,4
148531_at,BECKSTPREPU04HR,Development,W1118,Prepupae,0,1.1025,4
148532_at,BECKSTPREPU04HR,Development,W1118,Prepupae,0,0.8963,4
148533_at,BECKSTPREPU04HR,Development,W1118,Prepupae,-1,0.5371,4
148534_at,BECKSTPREPU04HR,Development,W1118,Prepupae,1,1.3626,4
148535_at,BECKSTPREPU04HR,Development,W1118,Prepupae,-1,0.6201,4
148536_at,BECKSTPREPU04HR,Development,W1118,Prepupae,0,0.81,4
148537_s_at,BECKSTPREPU04HR,Development,W1118,Prepupae,0,1.1382,4
148538_at,BECKSTPREPU04HR,Development,W1118,Prepupae,1,1.4813,4
148539_at,BECKSTPREPU04HR,Development,W1118,Prepupae,0,0.9941,4
148540_at,BECKSTPREPU04HR,Development,W1118,Prepupae,0,0.9202,4
148541_at,BECKSTPREPU04HR,Development,W1118,Prepupae,0,1.0127,4
148542_at,BECKSTPREPU04HR,Development,W1118,Prepupae,0,0.8923,4
148543_at,BECKSTPREPU04HR,Development,W1118,Prepupae,1,1.2226,4
148544_at,BECKSTPREPU04HR,Development,W1118,Prepupae,0,0.832,4
148545_at,BECKSTPREPU04HR,Development,W1118,Prepupae,1,1.4051,4
148546_at,BECKSTPREPU04HR,Development,W1118,Prepupae,0,0.8157,4
148547_at,BECKSTPREPU04HR,Development,W1118,Prepupae,0,1.1909,4
148548_at,BECKSTPREPU04HR,Development,W1118,Prepupae,0,0.8928,4
148549_at,BECKSTPREPU04HR,Development,W1118,Prepupae,1,1.3479,4
148550_at,BECKSTPREPU04HR,Development,W1118,Prepupae,-1,0.4152,4
148551_at,BECKSTPREPU04HR,Development,W1118,Prepupae,1,1.343,4
148552_at,BECKSTPREPU04HR,Development,W1118,Prepupae,1,1.2171,4
148553_at,BECKSTPREPU04HR,Development,W1118,Prepupae,1,1.579,4
148554_at,BECKSTPREPU04HR,Development,W1118,Prepupae,1,1.7676,4
148555_at,BECKSTPREPU04HR,Development,W1118,Prepupae,0,0.9816,4
148556_at,BECKSTPREPU04HR,Development,W1118,Prepupae,1,1.2404,4
148557_at,BECKSTPREPU04HR,Development,W1118,Prepupae,1,1.3004,4
148558_at,BECKSTPREPU04HR,Development,W1118,Prepupae,0,1.194,4
148559_at,BECKSTPREPU04HR,Development,W1118,Prepupae,1,2.1981,4
148560_at,BECKSTPREPU04HR,Development,W1118,Prepupae,0,0.9065,4
148561_at,BECKSTPREPU04HR,Development,W1118,Prepupae,0,0.9109,4
148562_at,BECKSTPREPU04HR,Development,W1118,Prepupae,1,1.3959,4
148563_at,BECKSTPREPU04HR,Development,W1118,Prepupae,1,1.2325,4
148564_at,BECKSTPREPU04HR,Development,W1118,Prepupae,0,1.0544,4
148565_at,BECKSTPREPU04HR,Development,W1118,Prepupae,1,1.316,4
148566_at,BECKSTPREPU04HR,Development,W1118,Prepupae,0,0.8773,4
148567_at,BECKSTPREPU04HR,Development,W1118,Prepupae,1,2.1924,4
148568_at,BECKSTPREPU04HR,Development,W1118,Prepupae,0,0.9854,4
148569_at,BECKSTPREPU04HR,Development,W1118,Prepupae,0,1.0988,4
148570_at,BECKSTPREPU04HR,Development,W1118,Prepupae,1,1.2971,4
148571_at,BECKSTPREPU04HR,Development,W1118,Prepupae,0,1.0697,4
148572_at,BECKSTPREPU04HR,Development,W1118,Prepupae,0,1.0841,4
148573_at,BECKSTPREPU04HR,Development,W1118,Prepupae,0,0.8826,4
148574_at,BECKSTPREPU04HR,Development,W1118,Prepupae,0,1.1374,4
148575_at,BECKSTPREPU04HR,Development,W1118,Prepupae,1,1.372,4
148576_at,BECKSTPREPU04HR,Development,W1118,Prepupae,0,1.1912,4
148577_at,BECKSTPREPU04HR,Development,W1118,Prepupae,1,1.2828,4
148578_at,BECKSTPREPU04HR,Development,W1118,Prepupae,0,0.9025,4
148579_at,BECKSTPREPU04HR,Development,W1118,Prepupae,1,1.3059,4
148580_f_at,BECKSTPREPU04HR,Development,W1118,Prepupae,1,1.3494,4
148581_at,BECKSTPREPU04HR,Development,W1118,Prepupae,1,1.205,4
148582_r_at,BECKSTPREPU04HR,Development,W1118,Prepupae,-1,0.6858,4
148583_at,BECKSTPREPU04HR,Development,W1118,Prepupae,0,0.9403,4
148584_at,BECKSTPREPU04HR,Development,W1118,Prepupae,0,1.1989,4
148585_s_at,BECKSTPREPU04HR,Development,W1118,Prepupae,0,1.1791,4
148586_at,BECKSTPREPU04HR,Development,W1118,Prepupae,1,1.7579,4
148587_at,BECKSTPREPU04HR,Development,W1118,Prepupae,1,1.2962,4
148588_at,BECKSTPREPU04HR,Development,W1118,Prepupae,1,2.1516,4
148589_at,BECKSTPREPU04HR,Development,W1118,Prepupae,0,0.9165,4
148590_at,BECKSTPREPU04HR,Development,W1118,Prepupae,0,0.8231,4
148591_at,BECKSTPREPU04HR,Development,W1118,Prepupae,0,1.0809,4
148592_at,BECKSTPREPU04HR,Development,W1118,Prepupae,1,1.2525,4
148593_at,BECKSTPREPU04HR,Development,W1118,Prepupae,0,1.1375,4
148594_at,BECKSTPREPU04HR,Development,W1118,Prepupae,0,1.1233,4
148595_at,BECKSTPREPU04HR,Development,W1118,Prepupae,-1,0.4766,4
148596_at,BECKSTPREPU04HR,Development,W1118,Prepupae,0,0.8171,4
148597_at,BECKSTPREPU04HR,Development,W1118,Prepupae,-1,0.6658,4
148598_at,BECKSTPREPU04HR,Development,W1118,Prepupae,1,1.2092,4
148599_at,BECKSTPREPU04HR,Development,W1118,Prepupae,1,1.3514,4
148600_at,BECKSTPREPU04HR,Development,W1118,Prepupae,1,1.2265,4
148601_at,BECKSTPREPU04HR,Development,W1118,Prepupae,0,1.0921,4
148602_at,BECKSTPREPU04HR,Development,W1118,Prepupae,0,0.8848,4
148603_at,BECKSTPREPU04HR,Development,W1118,Prepupae,1,1.5522,4
148604_at,BECKSTPREPU04HR,Development,W1118,Prepupae,0,1.0188,4
148605_at,BECKSTPREPU04HR,Development,W1118,Prepupae,1,1.2984,4
148606_at,BECKSTPREPU04HR,Development,W1118,Prepupae,0,0.9498,4
148607_at,BECKSTPREPU04HR,Development,W1118,Prepupae,1,1.3012,4
148608_at,BECKSTPREPU04HR,Development,W1118,Prepupae,0,0.9754,4
148609_at,BECKSTPREPU04HR,Development,W1118,Prepupae,0,1.1937,4
148610_at,BECKSTPREPU04HR,Development,W1118,Prepupae,1,1.2293,4
148611_at,BECKSTPREPU04HR,Development,W1118,Prepupae,0,0.9845,4
148612_at,BECKSTPREPU04HR,Development,W1118,Prepupae,0,1.0725,4
148613_at,BECKSTPREPU04HR,Development,W1118,Prepupae,1,1.3586,4
148614_at,BECKSTPREPU04HR,Development,W1118,Prepupae,1,1.7393,4
148615_at,BECKSTPREPU04HR,Development,W1118,Prepupae,0,1.0304,4
148616_at,BECKSTPREPU04HR,Development,W1118,Prepupae,0,0.9917,4
148617_at,BECKSTPREPU04HR,Development,W1118,Prepupae,0,1.1798,4
148618_at,BECKSTPREPU04HR,Development,W1118,Prepupae,0,1.0477,4
148619_at,BECKSTPREPU04HR,Development,W1118,Prepupae,1,1.3323,4
148620_at,BECKSTPREPU04HR,Development,W1118,Prepupae,1,3.8759,4
148621_at,BECKSTPREPU04HR,Development,W1118,Prepupae,1,2.5231,4
148622_at,BECKSTPREPU04HR,Development,W1118,Prepupae,1,2.0142,4
148623_at,BECKSTPREPU04HR,Development,W1118,Prepupae,1,2.0995,4
148624_at,BECKSTPREPU04HR,Development,W1118,Prepupae,1,2.0806,4
148625_at,BECKSTPREPU04HR,Development,W1118,Prepupae,1,1.4468,4
148626_at,BECKSTPREPU04HR,Development,W1118,Prepupae,0,1.0297,4
148627_at,BECKSTPREPU04HR,Development,W1118,Prepupae,1,1.6918,4
148628_at,BECKSTPREPU04HR,Development,W1118,Prepupae,1,1.4617,4
148629_at,BECKSTPREPU04HR,Development,W1118,Prepupae,0,0.8819,4
148630_at,BECKSTPREPU04HR,Development,W1118,Prepupae,-1,0.4973,4
148631_at,BECKSTPREPU04HR,Development,W1118,Prepupae,1,1.3898,4
148632_at,BECKSTPREPU04HR,Development,W1118,Prepupae,0,1.0574,4
148633_at,BECKSTPREPU04HR,Development,W1118,Prepupae,0,0.8362,4
148634_at,BECKSTPREPU04HR,Development,W1118,Prepupae,0,0.8214,4
148635_at,BECKSTPREPU04HR,Development,W1118,Prepupae,0,1.0845,4
148636_at,BECKSTPREPU04HR,Development,W1118,Prepupae,1,1.4529,4
148637_at,BECKSTPREPU04HR,Development,W1118,Prepupae,1,1.5385,4
148638_at,BECKSTPREPU04HR,Development,W1118,Prepupae,-1,0.7018,4
148639_at,BECKSTPREPU04HR,Development,W1118,Prepupae,1,2.4016,4
148640_at,BECKSTPREPU04HR,Development,W1118,Prepupae,1,4.0473,4
148641_at,BECKSTPREPU04HR,Development,W1118,Prepupae,0,0.9337,4
148642_at,BECKSTPREPU04HR,Development,W1118,Prepupae,0,1.013,4
148643_at,BECKSTPREPU04HR,Development,W1118,Prepupae,0,1.0433,4
148644_at,BECKSTPREPU04HR,Development,W1118,Prepupae,0,1.1779,4
148645_at,BECKSTPREPU04HR,Development,W1118,Prepupae,1,1.3115,4
148646_at,BECKSTPREPU04HR,Development,W1118,Prepupae,0,1.0585,4
148647_at,BECKSTPREPU04HR,Development,W1118,Prepupae,1,1.2564,4
148648_at,BECKSTPREPU04HR,Development,W1118,Prepupae,0,1.0737,4
148649_at,BECKSTPREPU04HR,Development,W1118,Prepupae,0,1.0856,4
148650_at,BECKSTPREPU04HR,Development,W1118,Prepupae,1,1.4589,4
148651_at,BECKSTPREPU04HR,Development,W1118,Prepupae,1,1.4366,4
148652_at,BECKSTPREPU04HR,Development,W1118,Prepupae,1,2.3421,4
148653_at,BECKSTPREPU04HR,Development,W1118,Prepupae,0,1.0069,4
148654_at,BECKSTPREPU04HR,Development,W1118,Prepupae,0,0.9729,4
148655_at,BECKSTPREPU04HR,Development,W1118,Prepupae,0,1.0657,4
148656_at,BECKSTPREPU04HR,Development,W1118,Prepupae,0,1.1311,4
148657_at,BECKSTPREPU04HR,Development,W1118,Prepupae,0,1.1624,4
148658_at,BECKSTPREPU04HR,Development,W1118,Prepupae,0,1.1726,4
148659_at,BECKSTPREPU04HR,Development,W1118,Prepupae,1,1.2272,4
148660_at,BECKSTPREPU04HR,Development,W1118,Prepupae,0,1.0114,4
148661_at,BECKSTPREPU04HR,Development,W1118,Prepupae,1,1.2148,4
148662_at,BECKSTPREPU04HR,Development,W1118,Prepupae,0,0.933,4
148663_at,BECKSTPREPU04HR,Development,W1118,Prepupae,0,0.9635,4
148664_at,BECKSTPREPU04HR,Development,W1118,Prepupae,0,0.866,4
148665_at,BECKSTPREPU04HR,Development,W1118,Prepupae,0,1.0256,4
148666_at,BECKSTPREPU04HR,Development,W1118,Prepupae,0,0.8823,4
148667_at,BECKSTPREPU04HR,Development,W1118,Prepupae,0,1.0724,4
148668_at,BECKSTPREPU04HR,Development,W1118,Prepupae,-1,0.643,4
148669_at,BECKSTPREPU04HR,Development,W1118,Prepupae,0,0.9415,4
148670_at,BECKSTPREPU04HR,Development,W1118,Prepupae,-1,0.5472,4
148671_at,BECKSTPREPU04HR,Development,W1118,Prepupae,1,1.8427,4
148672_at,BECKSTPREPU04HR,Development,W1118,Prepupae,0,1.0249,4
148673_at,BECKSTPREPU04HR,Development,W1118,Prepupae,0,0.9762,4
148674_at,BECKSTPREPU04HR,Development,W1118,Prepupae,0,1.1844,4
148675_at,BECKSTPREPU04HR,Development,W1118,Prepupae,0,1.1633,4
148676_at,BECKSTPREPU04HR,Development,W1118,Prepupae,0,0.8671,4
148677_at,BECKSTPREPU04HR,Development,W1118,Prepupae,-1,0.297,4
148678_at,BECKSTPREPU04HR,Development,W1118,Prepupae,1,1.3424,4
148679_at,BECKSTPREPU04HR,Development,W1118,Prepupae,1,1.2131,4
148680_at,BECKSTPREPU04HR,Development,W1118,Prepupae,1,1.6616,4
148681_at,BECKSTPREPU04HR,Development,W1118,Prepupae,0,0.9717,4
148682_at,BECKSTPREPU04HR,Development,W1118,Prepupae,1,1.3722,4
148683_at,BECKSTPREPU04HR,Development,W1118,Prepupae,0,1.0269,4
148684_at,BECKSTPREPU04HR,Development,W1118,Prepupae,0,1.1534,4
148685_at,BECKSTPREPU04HR,Development,W1118,Prepupae,0,0.9639,4
148686_at,BECKSTPREPU04HR,Development,W1118,Prepupae,0,1.0135,4
148687_at,BECKSTPREPU04HR,Development,W1118,Prepupae,1,1.2114,4
148688_at,BECKSTPREPU04HR,Development,W1118,Prepupae,1,1.2397,4
148689_at,BECKSTPREPU04HR,Development,W1118,Prepupae,0,0.9306,4
148690_at,BECKSTPREPU04HR,Development,W1118,Prepupae,0,1.1108,4
148691_at,BECKSTPREPU04HR,Development,W1118,Prepupae,0,1.1749,4
148692_at,BECKSTPREPU04HR,Development,W1118,Prepupae,0,1.0066,4
148693_at,BECKSTPREPU04HR,Development,W1118,Prepupae,0,1.0491,4
148694_at,BECKSTPREPU04HR,Development,W1118,Prepupae,-1,0.6057,4
148695_at,BECKSTPREPU04HR,Development,W1118,Prepupae,0,0.8335,4
148696_at,BECKSTPREPU04HR,Development,W1118,Prepupae,0,1.0351,4
148697_at,BECKSTPREPU04HR,Development,W1118,Prepupae,0,0.9281,4
148698_at,BECKSTPREPU04HR,Development,W1118,Prepupae,0,1.1305,4
148699_at,BECKSTPREPU04HR,Development,W1118,Prepupae,1,1.2742,4
148700_at,BECKSTPREPU04HR,Development,W1118,Prepupae,0,1.0051,4
148701_at,BECKSTPREPU04HR,Development,W1118,Prepupae,1,1.3861,4
148702_at,BECKSTPREPU04HR,Development,W1118,Prepupae,1,1.8127,4
148703_at,BECKSTPREPU04HR,Development,W1118,Prepupae,1,1.3615,4
148704_at,BECKSTPREPU04HR,Development,W1118,Prepupae,0,1.1073,4
148705_at,BECKSTPREPU04HR,Development,W1118,Prepupae,1,1.7016,4
148706_at,BECKSTPREPU04HR,Development,W1118,Prepupae,1,1.2895,4
148707_at,BECKSTPREPU04HR,Development,W1118,Prepupae,0,0.92,4
148708_at,BECKSTPREPU04HR,Development,W1118,Prepupae,1,1.9414,4
148709_at,BECKSTPREPU04HR,Development,W1118,Prepupae,1,2.0709,4
148710_at,BECKSTPREPU04HR,Development,W1118,Prepupae,0,0.9854,4
148711_at,BECKSTPREPU04HR,Development,W1118,Prepupae,1,2.2548,4
148712_at,BECKSTPREPU04HR,Development,W1118,Prepupae,1,1.2814,4
148713_at,BECKSTPREPU04HR,Development,W1118,Prepupae,-1,0.6804,4
148714_at,BECKSTPREPU04HR,Development,W1118,Prepupae,1,1.5322,4
148715_at,BECKSTPREPU04HR,Development,W1118,Prepupae,0,0.9901,4
148716_at,BECKSTPREPU04HR,Development,W1118,Prepupae,1,1.3105,4
148717_at,BECKSTPREPU04HR,Development,W1118,Prepupae,-1,0.7353,4
148718_at,BECKSTPREPU04HR,Development,W1118,Prepupae,1,1.4755,4
148719_at,BECKSTPREPU04HR,Development,W1118,Prepupae,0,0.8695,4
148720_at,BECKSTPREPU04HR,Development,W1118,Prepupae,0,1.0015,4
148721_at,BECKSTPREPU04HR,Development,W1118,Prepupae,0,0.9226,4
148722_at,BECKSTPREPU04HR,Development,W1118,Prepupae,1,1.6396,4
148723_at,BECKSTPREPU04HR,Development,W1118,Prepupae,0,0.9888,4
148724_at,BECKSTPREPU04HR,Development,W1118,Prepupae,1,1.5829,4
148725_at,BECKSTPREPU04HR,Development,W1118,Prepupae,-1,0.6276,4
148726_at,BECKSTPREPU04HR,Development,W1118,Prepupae,0,1.1095,4
148727_at,BECKSTPREPU04HR,Development,W1118,Prepupae,1,1.294,4
148728_at,BECKSTPREPU04HR,Development,W1118,Prepupae,-1,0.6691,4
148729_at,BECKSTPREPU04HR,Development,W1118,Prepupae,0,1.041,4
148730_at,BECKSTPREPU04HR,Development,W1118,Prepupae,1,1.6114,4
148731_at,BECKSTPREPU04HR,Development,W1118,Prepupae,0,0.8879,4
148732_at,BECKSTPREPU04HR,Development,W1118,Prepupae,1,1.6618,4
148733_at,BECKSTPREPU04HR,Development,W1118,Prepupae,0,1.0909,4
148734_at,BECKSTPREPU04HR,Development,W1118,Prepupae,-1,0.7847,4
148735_at,BECKSTPREPU04HR,Development,W1118,Prepupae,1,4.0385,4
148736_at,BECKSTPREPU04HR,Development,W1118,Prepupae,1,5.2725,4
148737_at,BECKSTPREPU04HR,Development,W1118,Prepupae,0,1.0458,4
148738_at,BECKSTPREPU04HR,Development,W1118,Prepupae,1,1.2177,4
148739_at,BECKSTPREPU04HR,Development,W1118,Prepupae,-1,0.7197,4
148740_at,BECKSTPREPU04HR,Development,W1118,Prepupae,0,1.044,4
148741_at,BECKSTPREPU04HR,Development,W1118,Prepupae,0,1.1502,4
148742_at,BECKSTPREPU04HR,Development,W1118,Prepupae,-1,0.7419,4
148743_at,BECKSTPREPU04HR,Development,W1118,Prepupae,-1,0.7603,4
148744_at,BECKSTPREPU04HR,Development,W1118,Prepupae,0,1.1165,4
148745_at,BECKSTPREPU04HR,Development,W1118,Prepupae,0,1.101,4
148746_at,BECKSTPREPU04HR,Development,W1118,Prepupae,1,1.4705,4
148747_at,BECKSTPREPU04HR,Development,W1118,Prepupae,-1,0.5042,4
148748_at,BECKSTPREPU04HR,Development,W1118,Prepupae,1,1.2596,4
148749_at,BECKSTPREPU04HR,Development,W1118,Prepupae,-1,0.7958,4
148750_at,BECKSTPREPU04HR,Development,W1118,Prepupae,0,1.1977,4
148751_at,BECKSTPREPU04HR,Development,W1118,Prepupae,0,1.016,4
148752_at,BECKSTPREPU04HR,Development,W1118,Prepupae,0,1.0141,4
148753_at,BECKSTPREPU04HR,Development,W1118,Prepupae,-1,0.6114,4
148754_at,BECKSTPREPU04HR,Development,W1118,Prepupae,1,1.4239,4
148755_at,BECKSTPREPU04HR,Development,W1118,Prepupae,1,1.6518,4
148756_at,BECKSTPREPU04HR,Development,W1118,Prepupae,1,1.6319,4
148757_at,BECKSTPREPU04HR,Development,W1118,Prepupae,1,1.2843,4
148758_at,BECKSTPREPU04HR,Development,W1118,Prepupae,0,1.0684,4
148759_at,BECKSTPREPU04HR,Development,W1118,Prepupae,1,1.3537,4
148760_at,BECKSTPREPU04HR,Development,W1118,Prepupae,0,1.0782,4
148761_at,BECKSTPREPU04HR,Development,W1118,Prepupae,0,1.0097,4
148762_at,BECKSTPREPU04HR,Development,W1118,Prepupae,1,1.7448,4
148763_at,BECKSTPREPU04HR,Development,W1118,Prepupae,0,1.0957,4
148764_at,BECKSTPREPU04HR,Development,W1118,Prepupae,0,1.1158,4
148765_at,BECKSTPREPU04HR,Development,W1118,Prepupae,1,1.8208,4
148766_at,BECKSTPREPU04HR,Development,W1118,Prepupae,1,1.3616,4
148767_at,BECKSTPREPU04HR,Development,W1118,Prepupae,0,1.1257,4
148768_at,BECKSTPREPU04HR,Development,W1118,Prepupae,1,1.3592,4
148769_at,BECKSTPREPU04HR,Development,W1118,Prepupae,1,2.1879,4
148770_at,BECKSTPREPU04HR,Development,W1118,Prepupae,0,1.1329,4
148771_at,BECKSTPREPU04HR,Development,W1118,Prepupae,0,1.1174,4
148772_at,BECKSTPREPU04HR,Development,W1118,Prepupae,0,1.029,4
148773_s_at,BECKSTPREPU04HR,Development,W1118,Prepupae,0,0.8717,4
148774_at,BECKSTPREPU04HR,Development,W1118,Prepupae,1,1.3289,4
148775_at,BECKSTPREPU04HR,Development,W1118,Prepupae,-1,0.7834,4
148776_at,BECKSTPREPU04HR,Development,W1118,Prepupae,0,0.8285,4
148777_at,BECKSTPREPU04HR,Development,W1118,Prepupae,1,1.3359,4
148778_at,BECKSTPREPU04HR,Development,W1118,Prepupae,1,1.2509,4
148779_at,BECKSTPREPU04HR,Development,W1118,Prepupae,0,1.0257,4
148780_at,BECKSTPREPU04HR,Development,W1118,Prepupae,1,2.9796,4
148781_at,BECKSTPREPU04HR,Development,W1118,Prepupae,1,2.8285,4
148782_at,BECKSTPREPU04HR,Development,W1118,Prepupae,0,0.9969,4
148783_at,BECKSTPREPU04HR,Development,W1118,Prepupae,1,2.7376,4
148784_at,BECKSTPREPU04HR,Development,W1118,Prepupae,1,2.1472,4
148785_at,BECKSTPREPU04HR,Development,W1118,Prepupae,1,3.3253,4
148786_at,BECKSTPREPU04HR,Development,W1118,Prepupae,0,1.0342,4
148787_at,BECKSTPREPU04HR,Development,W1118,Prepupae,1,1.3123,4
148788_at,BECKSTPREPU04HR,Development,W1118,Prepupae,0,1.0384,4
148789_at,BECKSTPREPU04HR,Development,W1118,Prepupae,1,1.4488,4
148790_at,BECKSTPREPU04HR,Development,W1118,Prepupae,0,0.9941,4
148791_at,BECKSTPREPU04HR,Development,W1118,Prepupae,0,1.1429,4
148792_at,BECKSTPREPU04HR,Development,W1118,Prepupae,1,1.2637,4
148793_at,BECKSTPREPU04HR,Development,W1118,Prepupae,1,1.3944,4
148794_at,BECKSTPREPU04HR,Development,W1118,Prepupae,0,1.1093,4
148795_at,BECKSTPREPU04HR,Development,W1118,Prepupae,1,1.4573,4
148796_at,BECKSTPREPU04HR,Development,W1118,Prepupae,0,0.8117,4
148797_at,BECKSTPREPU04HR,Development,W1118,Prepupae,0,1.1357,4
148798_at,BECKSTPREPU04HR,Development,W1118,Prepupae,1,1.2016,4
148799_at,BECKSTPREPU04HR,Development,W1118,Prepupae,1,1.5165,4
148800_at,BECKSTPREPU04HR,Development,W1118,Prepupae,1,1.7508,4
148801_at,BECKSTPREPU04HR,Development,W1118,Prepupae,-1,0.7373,4
148802_at,BECKSTPREPU04HR,Development,W1118,Prepupae,0,1.0518,4
148803_at,BECKSTPREPU04HR,Development,W1118,Prepupae,0,0.9547,4
148804_at,BECKSTPREPU04HR,Development,W1118,Prepupae,1,1.2084,4
148805_at,BECKSTPREPU04HR,Development,W1118,Prepupae,0,1.0482,4
148806_at,BECKSTPREPU04HR,Development,W1118,Prepupae,0,1.1273,4
148807_at,BECKSTPREPU04HR,Development,W1118,Prepupae,1,1.6252,4
148808_at,BECKSTPREPU04HR,Development,W1118,Prepupae,1,1.2226,4
148809_at,BECKSTPREPU04HR,Development,W1118,Prepupae,-1,0.6747,4
148810_at,BECKSTPREPU04HR,Development,W1118,Prepupae,0,0.8041,4
148811_at,BECKSTPREPU04HR,Development,W1118,Prepupae,1,1.3257,4
148812_at,BECKSTPREPU04HR,Development,W1118,Prepupae,0,1.0973,4
148813_at,BECKSTPREPU04HR,Development,W1118,Prepupae,1,1.2304,4
148814_at,BECKSTPREPU04HR,Development,W1118,Prepupae,0,1.1278,4
148815_at,BECKSTPREPU04HR,Development,W1118,Prepupae,0,1.0308,4
148816_at,BECKSTPREPU04HR,Development,W1118,Prepupae,-1,0.7759,4
148817_at,BECKSTPREPU04HR,Development,W1118,Prepupae,-1,0.7621,4
148818_at,BECKSTPREPU04HR,Development,W1118,Prepupae,1,1.3925,4
148819_at,BECKSTPREPU04HR,Development,W1118,Prepupae,1,1.3731,4
148820_at,BECKSTPREPU04HR,Development,W1118,Prepupae,-1,0.7842,4
148821_at,BECKSTPREPU04HR,Development,W1118,Prepupae,0,1.0923,4
148822_at,BECKSTPREPU04HR,Development,W1118,Prepupae,0,0.8274,4
148823_at,BECKSTPREPU04HR,Development,W1118,Prepupae,1,1.4502,4
148824_at,BECKSTPREPU04HR,Development,W1118,Prepupae,1,2.5697,4
148825_at,BECKSTPREPU04HR,Development,W1118,Prepupae,-1,0.7081,4
148826_at,BECKSTPREPU04HR,Development,W1118,Prepupae,0,1.0401,4
148827_s_at,BECKSTPREPU04HR,Development,W1118,Prepupae,-1,0.6242,4
148828_at,BECKSTPREPU04HR,Development,W1118,Prepupae,0,0.9964,4
148829_at,BECKSTPREPU04HR,Development,W1118,Prepupae,1,1.3884,4
148830_at,BECKSTPREPU04HR,Development,W1118,Prepupae,0,0.9307,4
148831_at,BECKSTPREPU04HR,Development,W1118,Prepupae,0,0.9492,4
148832_at,BECKSTPREPU04HR,Development,W1118,Prepupae,0,1.0317,4
148833_at,BECKSTPREPU04HR,Development,W1118,Prepupae,0,1.1494,4
148834_at,BECKSTPREPU04HR,Development,W1118,Prepupae,1,1.2524,4
148835_at,BECKSTPREPU04HR,Development,W1118,Prepupae,0,0.9561,4
148836_at,BECKSTPREPU04HR,Development,W1118,Prepupae,0,1.0975,4
148837_at,BECKSTPREPU04HR,Development,W1118,Prepupae,0,1.1653,4
148838_at,BECKSTPREPU04HR,Development,W1118,Prepupae,0,1.1738,4
148839_at,BECKSTPREPU04HR,Development,W1118,Prepupae,0,1.0069,4
148840_at,BECKSTPREPU04HR,Development,W1118,Prepupae,1,1.4287,4
148841_at,BECKSTPREPU04HR,Development,W1118,Prepupae,1,1.7624,4
148842_at,BECKSTPREPU04HR,Development,W1118,Prepupae,1,1.7031,4
148843_at,BECKSTPREPU04HR,Development,W1118,Prepupae,0,1.0853,4
148844_at,BECKSTPREPU04HR,Development,W1118,Prepupae,0,0.8221,4
148845_at,BECKSTPREPU04HR,Development,W1118,Prepupae,0,1.1844,4
148846_at,BECKSTPREPU04HR,Development,W1118,Prepupae,0,0.9809,4
148847_at,BECKSTPREPU04HR,Development,W1118,Prepupae,0,0.8004,4
148848_at,BECKSTPREPU04HR,Development,W1118,Prepupae,-1,0.7364,4
148849_at,BECKSTPREPU04HR,Development,W1118,Prepupae,-1,0.658,4
148850_at,BECKSTPREPU04HR,Development,W1118,Prepupae,1,1.2223,4
148851_at,BECKSTPREPU04HR,Development,W1118,Prepupae,1,1.2744,4
148852_at,BECKSTPREPU04HR,Development,W1118,Prepupae,0,1.1121,4
148853_at,BECKSTPREPU04HR,Development,W1118,Prepupae,-1,0.7148,4
148854_at,BECKSTPREPU04HR,Development,W1118,Prepupae,-1,0.6157,4
148855_at,BECKSTPREPU04HR,Development,W1118,Prepupae,1,1.3698,4
148856_at,BECKSTPREPU04HR,Development,W1118,Prepupae,0,1.0704,4
148857_at,BECKSTPREPU04HR,Development,W1118,Prepupae,1,1.2498,4
148858_at,BECKSTPREPU04HR,Development,W1118,Prepupae,0,1.0882,4
148859_at,BECKSTPREPU04HR,Development,W1118,Prepupae,0,1.0699,4
148860_at,BECKSTPREPU04HR,Development,W1118,Prepupae,-1,0.7408,4
148861_at,BECKSTPREPU04HR,Development,W1118,Prepupae,0,1.1058,4
148862_at,BECKSTPREPU04HR,Development,W1118,Prepupae,0,1.0474,4
148863_at,BECKSTPREPU04HR,Development,W1118,Prepupae,1,1.225,4
148864_at,BECKSTPREPU04HR,Development,W1118,Prepupae,0,1.0904,4
148865_at,BECKSTPREPU04HR,Development,W1118,Prepupae,0,1.1992,4
148866_at,BECKSTPREPU04HR,Development,W1118,Prepupae,0,1.0086,4
148867_at,BECKSTPREPU04HR,Development,W1118,Prepupae,0,1.1079,4
148868_at,BECKSTPREPU04HR,Development,W1118,Prepupae,1,1.3567,4
148869_at,BECKSTPREPU04HR,Development,W1118,Prepupae,1,1.2635,4
148870_at,BECKSTPREPU04HR,Development,W1118,Prepupae,1,1.6722,4
148871_at,BECKSTPREPU04HR,Development,W1118,Prepupae,0,1.1007,4
148872_at,BECKSTPREPU04HR,Development,W1118,Prepupae,1,1.3112,4
148873_at,BECKSTPREPU04HR,Development,W1118,Prepupae,0,1.1577,4
148874_at,BECKSTPREPU04HR,Development,W1118,Prepupae,0,1.1149,4
148875_at,BECKSTPREPU04HR,Development,W1118,Prepupae,0,1.1522,4
148876_at,BECKSTPREPU04HR,Development,W1118,Prepupae,0,0.9947,4
148877_at,BECKSTPREPU04HR,Development,W1118,Prepupae,0,1.0426,4
148878_s_at,BECKSTPREPU04HR,Development,W1118,Prepupae,1,1.4011,4
148879_r_at,BECKSTPREPU04HR,Development,W1118,Prepupae,1,1.3103,4
148880_r_at,BECKSTPREPU04HR,Development,W1118,Prepupae,1,1.7663,4
148881_at,BECKSTPREPU04HR,Development,W1118,Prepupae,0,1.1633,4
148882_at,BECKSTPREPU04HR,Development,W1118,Prepupae,0,1.0132,4
148883_at,BECKSTPREPU04HR,Development,W1118,Prepupae,0,1.0382,4
148884_at,BECKSTPREPU04HR,Development,W1118,Prepupae,0,1.0006,4
148885_at,BECKSTPREPU04HR,Development,W1118,Prepupae,1,1.4057,4
148886_at,BECKSTPREPU04HR,Development,W1118,Prepupae,0,1.0099,4
148887_at,BECKSTPREPU04HR,Development,W1118,Prepupae,0,0.9207,4
148888_at,BECKSTPREPU04HR,Development,W1118,Prepupae,-1,0.4658,4
148889_at,BECKSTPREPU04HR,Development,W1118,Prepupae,1,1.8134,4
148890_at,BECKSTPREPU04HR,Development,W1118,Prepupae,0,1.0305,4
148891_at,BECKSTPREPU04HR,Development,W1118,Prepupae,0,0.8178,4
148892_at,BECKSTPREPU04HR,Development,W1118,Prepupae,0,0.9991,4
148893_at,BECKSTPREPU04HR,Development,W1118,Prepupae,0,1.1527,4
148894_at,BECKSTPREPU04HR,Development,W1118,Prepupae,1,1.3279,4
148895_at,BECKSTPREPU04HR,Development,W1118,Prepupae,0,0.8162,4
148896_at,BECKSTPREPU04HR,Development,W1118,Prepupae,1,1.2058,4
148897_at,BECKSTPREPU04HR,Development,W1118,Prepupae,1,2.8568,4
148898_at,BECKSTPREPU04HR,Development,W1118,Prepupae,0,1.1771,4
148899_at,BECKSTPREPU04HR,Development,W1118,Prepupae,0,1.1107,4
148900_at,BECKSTPREPU04HR,Development,W1118,Prepupae,1,1.4241,4
148901_at,BECKSTPREPU04HR,Development,W1118,Prepupae,-1,0.7642,4
148902_at,BECKSTPREPU04HR,Development,W1118,Prepupae,0,0.9155,4
148903_at,BECKSTPREPU04HR,Development,W1118,Prepupae,-1,0.7904,4
148904_s_at,BECKSTPREPU04HR,Development,W1118,Prepupae,0,0.9604,4
148905_r_at,BECKSTPREPU04HR,Development,W1118,Prepupae,1,1.2439,4
148906_s_at,BECKSTPREPU04HR,Development,W1118,Prepupae,1,2.074,4
148907_at,BECKSTPREPU04HR,Development,W1118,Prepupae,-1,0.7649,4
148908_at,BECKSTPREPU04HR,Development,W1118,Prepupae,1,1.5536,4
148909_at,BECKSTPREPU04HR,Development,W1118,Prepupae,0,0.8263,4
148910_at,BECKSTPREPU04HR,Development,W1118,Prepupae,0,1.1668,4
148911_at,BECKSTPREPU04HR,Development,W1118,Prepupae,1,1.2425,4
148912_at,BECKSTPREPU04HR,Development,W1118,Prepupae,-1,0.2208,4
148913_at,BECKSTPREPU04HR,Development,W1118,Prepupae,-1,0.1284,4
148914_at,BECKSTPREPU04HR,Development,W1118,Prepupae,0,1.0512,4
148915_at,BECKSTPREPU04HR,Development,W1118,Prepupae,-1,0.5682,4
148916_at,BECKSTPREPU04HR,Development,W1118,Prepupae,0,1.0728,4
148917_at,BECKSTPREPU04HR,Development,W1118,Prepupae,0,0.9112,4
148918_at,BECKSTPREPU04HR,Development,W1118,Prepupae,0,1.1672,4
148919_at,BECKSTPREPU04HR,Development,W1118,Prepupae,0,0.9921,4
148920_at,BECKSTPREPU04HR,Development,W1118,Prepupae,1,1.4985,4
148921_at,BECKSTPREPU04HR,Development,W1118,Prepupae,0,1.1529,4
148922_at,BECKSTPREPU04HR,Development,W1118,Prepupae,-1,0.6081,4
148923_at,BECKSTPREPU04HR,Development,W1118,Prepupae,0,1.0036,4
148924_at,BECKSTPREPU04HR,Development,W1118,Prepupae,1,1.4204,4
148925_at,BECKSTPREPU04HR,Development,W1118,Prepupae,1,1.4296,4
148926_at,BECKSTPREPU04HR,Development,W1118,Prepupae,1,2.2355,4
148927_at,BECKSTPREPU04HR,Development,W1118,Prepupae,1,1.4063,4
148928_at,BECKSTPREPU04HR,Development,W1118,Prepupae,-1,0.1871,4
148929_at,BECKSTPREPU04HR,Development,W1118,Prepupae,1,1.2541,4
148930_at,BECKSTPREPU04HR,Development,W1118,Prepupae,0,1.1053,4
148931_at,BECKSTPREPU04HR,Development,W1118,Prepupae,0,0.9499,4
148932_at,BECKSTPREPU04HR,Development,W1118,Prepupae,-1,0.6651,4
148933_at,BECKSTPREPU04HR,Development,W1118,Prepupae,0,1.1291,4
148934_at,BECKSTPREPU04HR,Development,W1118,Prepupae,1,1.2838,4
148935_at,BECKSTPREPU04HR,Development,W1118,Prepupae,0,0.9723,4
148936_at,BECKSTPREPU04HR,Development,W1118,Prepupae,1,1.2258,4
148937_at,BECKSTPREPU04HR,Development,W1118,Prepupae,0,1.039,4
148938_at,BECKSTPREPU04HR,Development,W1118,Prepupae,0,1.0192,4
148939_at,BECKSTPREPU04HR,Development,W1118,Prepupae,0,1.1543,4
148940_at,BECKSTPREPU04HR,Development,W1118,Prepupae,0,0.9474,4
148941_at,BECKSTPREPU04HR,Development,W1118,Prepupae,0,1.1543,4
148942_at,BECKSTPREPU04HR,Development,W1118,Prepupae,0,1.1425,4
148943_at,BECKSTPREPU04HR,Development,W1118,Prepupae,1,1.311,4
148944_at,BECKSTPREPU04HR,Development,W1118,Prepupae,0,1.0486,4
148945_at,BECKSTPREPU04HR,Development,W1118,Prepupae,1,1.4411,4
148946_at,BECKSTPREPU04HR,Development,W1118,Prepupae,1,1.3899,4
148947_at,BECKSTPREPU04HR,Development,W1118,Prepupae,0,1.115,4
148948_at,BECKSTPREPU04HR,Development,W1118,Prepupae,0,1.0997,4
148949_at,BECKSTPREPU04HR,Development,W1118,Prepupae,1,1.2282,4
148950_at,BECKSTPREPU04HR,Development,W1118,Prepupae,-1,0.4866,4
148951_at,BECKSTPREPU04HR,Development,W1118,Prepupae,1,1.5933,4
148952_at,BECKSTPREPU04HR,Development,W1118,Prepupae,0,1.1416,4
148953_at,BECKSTPREPU04HR,Development,W1118,Prepupae,0,0.9759,4
148954_at,BECKSTPREPU04HR,Development,W1118,Prepupae,1,1.5906,4
148955_at,BECKSTPREPU04HR,Development,W1118,Prepupae,0,0.8077,4
148956_at,BECKSTPREPU04HR,Development,W1118,Prepupae,0,1.0618,4
148957_at,BECKSTPREPU04HR,Development,W1118,Prepupae,0,0.9191,4
148958_at,BECKSTPREPU04HR,Development,W1118,Prepupae,1,1.2087,4
148959_at,BECKSTPREPU04HR,Development,W1118,Prepupae,0,1.0136,4
148960_at,BECKSTPREPU04HR,Development,W1118,Prepupae,0,1.0032,4
148961_at,BECKSTPREPU04HR,Development,W1118,Prepupae,0,1.026,4
148962_at,BECKSTPREPU04HR,Development,W1118,Prepupae,0,0.893,4
148963_at,BECKSTPREPU04HR,Development,W1118,Prepupae,1,2.3324,4
148964_at,BECKSTPREPU04HR,Development,W1118,Prepupae,1,1.7531,4
148965_at,BECKSTPREPU04HR,Development,W1118,Prepupae,-1,0.5901,4
148966_at,BECKSTPREPU04HR,Development,W1118,Prepupae,0,0.865,4
148967_at,BECKSTPREPU04HR,Development,W1118,Prepupae,0,1.1569,4
148968_at,BECKSTPREPU04HR,Development,W1118,Prepupae,1,1.3215,4
148969_at,BECKSTPREPU04HR,Development,W1118,Prepupae,0,0.9829,4
148970_at,BECKSTPREPU04HR,Development,W1118,Prepupae,1,1.2634,4
148971_at,BECKSTPREPU04HR,Development,W1118,Prepupae,0,1.0274,4
148972_at,BECKSTPREPU04HR,Development,W1118,Prepupae,1,1.3678,4
148973_at,BECKSTPREPU04HR,Development,W1118,Prepupae,0,0.9754,4
148974_at,BECKSTPREPU04HR,Development,W1118,Prepupae,1,1.4201,4
148975_at,BECKSTPREPU04HR,Development,W1118,Prepupae,1,1.4006,4
148976_at,BECKSTPREPU04HR,Development,W1118,Prepupae,1,2.1577,4
148977_at,BECKSTPREPU04HR,Development,W1118,Prepupae,1,1.6526,4
148978_at,BECKSTPREPU04HR,Development,W1118,Prepupae,0,1.0605,4
148979_at,BECKSTPREPU04HR,Development,W1118,Prepupae,0,1.0048,4
148980_at,BECKSTPREPU04HR,Development,W1118,Prepupae,1,1.239,4
148981_at,BECKSTPREPU04HR,Development,W1118,Prepupae,1,1.2114,4
148982_at,BECKSTPREPU04HR,Development,W1118,Prepupae,1,1.9347,4
148983_at,BECKSTPREPU04HR,Development,W1118,Prepupae,1,1.2848,4
148984_at,BECKSTPREPU04HR,Development,W1118,Prepupae,-1,0.7645,4
148985_at,BECKSTPREPU04HR,Development,W1118,Prepupae,0,1.0111,4
148986_at,BECKSTPREPU04HR,Development,W1118,Prepupae,0,0.8217,4
148987_at,BECKSTPREPU04HR,Development,W1118,Prepupae,0,1.0495,4
148988_at,BECKSTPREPU04HR,Development,W1118,Prepupae,0,1.1831,4
148989_at,BECKSTPREPU04HR,Development,W1118,Prepupae,1,1.2697,4
148990_at,BECKSTPREPU04HR,Development,W1118,Prepupae,1,2.268,4
148991_at,BECKSTPREPU04HR,Development,W1118,Prepupae,1,1.3663,4
148992_at,BECKSTPREPU04HR,Development,W1118,Prepupae,0,1.0739,4
148993_at,BECKSTPREPU04HR,Development,W1118,Prepupae,0,1.175,4
148994_at,BECKSTPREPU04HR,Development,W1118,Prepupae,0,1.1859,4
148995_at,BECKSTPREPU04HR,Development,W1118,Prepupae,0,0.8841,4
148996_at,BECKSTPREPU04HR,Development,W1118,Prepupae,0,0.9613,4
148997_at,BECKSTPREPU04HR,Development,W1118,Prepupae,0,0.9901,4
148998_s_at,BECKSTPREPU04HR,Development,W1118,Prepupae,1,1.2009,4
148999_at,BECKSTPREPU04HR,Development,W1118,Prepupae,0,0.9222,4
149000_at,BECKSTPREPU04HR,Development,W1118,Prepupae,1,1.4919,4
149001_at,BECKSTPREPU04HR,Development,W1118,Prepupae,-1,0.6101,4
149002_at,BECKSTPREPU04HR,Development,W1118,Prepupae,0,1.1933,4
149003_at,BECKSTPREPU04HR,Development,W1118,Prepupae,1,1.4734,4
149004_at,BECKSTPREPU04HR,Development,W1118,Prepupae,1,2.038,4
149005_at,BECKSTPREPU04HR,Development,W1118,Prepupae,0,1.0634,4
149006_at,BECKSTPREPU04HR,Development,W1118,Prepupae,0,1.1826,4
149007_at,BECKSTPREPU04HR,Development,W1118,Prepupae,0,1.0842,4
149008_at,BECKSTPREPU04HR,Development,W1118,Prepupae,0,1.1046,4
149009_at,BECKSTPREPU04HR,Development,W1118,Prepupae,0,1.084,4
149010_at,BECKSTPREPU04HR,Development,W1118,Prepupae,1,1.6642,4
149011_at,BECKSTPREPU04HR,Development,W1118,Prepupae,-1,0.7738,4
149012_at,BECKSTPREPU04HR,Development,W1118,Prepupae,0,0.8141,4
149013_at,BECKSTPREPU04HR,Development,W1118,Prepupae,1,1.2431,4
149014_at,BECKSTPREPU04HR,Development,W1118,Prepupae,1,1.457,4
149015_at,BECKSTPREPU04HR,Development,W1118,Prepupae,1,1.6841,4
149016_at,BECKSTPREPU04HR,Development,W1118,Prepupae,0,0.9447,4
149017_at,BECKSTPREPU04HR,Development,W1118,Prepupae,1,1.3078,4
149018_at,BECKSTPREPU04HR,Development,W1118,Prepupae,-1,0.7898,4
149019_at,BECKSTPREPU04HR,Development,W1118,Prepupae,0,0.9783,4
149020_at,BECKSTPREPU04HR,Development,W1118,Prepupae,-1,0.7865,4
149021_at,BECKSTPREPU04HR,Development,W1118,Prepupae,-1,0.763,4
149022_at,BECKSTPREPU04HR,Development,W1118,Prepupae,0,1.1681,4
149023_at,BECKSTPREPU04HR,Development,W1118,Prepupae,1,1.3399,4
149024_at,BECKSTPREPU04HR,Development,W1118,Prepupae,1,3.3757,4
149025_at,BECKSTPREPU04HR,Development,W1118,Prepupae,0,1.0802,4
149026_at,BECKSTPREPU04HR,Development,W1118,Prepupae,0,1.162,4
149027_at,BECKSTPREPU04HR,Development,W1118,Prepupae,0,1.0349,4
149028_at,BECKSTPREPU04HR,Development,W1118,Prepupae,1,1.4989,4
149029_at,BECKSTPREPU04HR,Development,W1118,Prepupae,-1,0.7496,4
149030_at,BECKSTPREPU04HR,Development,W1118,Prepupae,0,1.0345,4
149031_at,BECKSTPREPU04HR,Development,W1118,Prepupae,0,1.0726,4
149032_at,BECKSTPREPU04HR,Development,W1118,Prepupae,0,1.1761,4
149033_at,BECKSTPREPU04HR,Development,W1118,Prepupae,-1,0.6936,4
149034_at,BECKSTPREPU04HR,Development,W1118,Prepupae,0,0.9551,4
149035_at,BECKSTPREPU04HR,Development,W1118,Prepupae,-1,0.7222,4
149036_at,BECKSTPREPU04HR,Development,W1118,Prepupae,0,1.0105,4
149037_at,BECKSTPREPU04HR,Development,W1118,Prepupae,1,1.2852,4
149038_at,BECKSTPREPU04HR,Development,W1118,Prepupae,1,1.4983,4
149039_at,BECKSTPREPU04HR,Development,W1118,Prepupae,0,1.1417,4
149040_at,BECKSTPREPU04HR,Development,W1118,Prepupae,1,1.3694,4
149041_at,BECKSTPREPU04HR,Development,W1118,Prepupae,0,1.0723,4
149042_at,BECKSTPREPU04HR,Development,W1118,Prepupae,1,1.3619,4
149043_at,BECKSTPREPU04HR,Development,W1118,Prepupae,1,1.3707,4
149044_at,BECKSTPREPU04HR,Development,W1118,Prepupae,0,0.9526,4
149045_at,BECKSTPREPU04HR,Development,W1118,Prepupae,-1,0.7768,4
149046_at,BECKSTPREPU04HR,Development,W1118,Prepupae,1,1.2011,4
149047_s_at,BECKSTPREPU04HR,Development,W1118,Prepupae,1,1.2087,4
149048_r_at,BECKSTPREPU04HR,Development,W1118,Prepupae,0,0.8769,4
149049_r_at,BECKSTPREPU04HR,Development,W1118,Prepupae,0,1.0733,4
149050_r_at,BECKSTPREPU04HR,Development,W1118,Prepupae,1,1.4598,4
149051_at,BECKSTPREPU04HR,Development,W1118,Prepupae,1,1.5648,4
149052_at,BECKSTPREPU04HR,Development,W1118,Prepupae,-1,0.5049,4
149053_at,BECKSTPREPU04HR,Development,W1118,Prepupae,0,0.9378,4
149054_at,BECKSTPREPU04HR,Development,W1118,Prepupae,-1,0.5064,4
149055_at,BECKSTPREPU04HR,Development,W1118,Prepupae,1,1.2077,4
149056_at,BECKSTPREPU04HR,Development,W1118,Prepupae,1,2.4828,4
149057_at,BECKSTPREPU04HR,Development,W1118,Prepupae,1,1.3263,4
149058_at,BECKSTPREPU04HR,Development,W1118,Prepupae,0,1.053,4
149059_at,BECKSTPREPU04HR,Development,W1118,Prepupae,0,1.0282,4
149060_at,BECKSTPREPU04HR,Development,W1118,Prepupae,0,1.0671,4
149061_at,BECKSTPREPU04HR,Development,W1118,Prepupae,-1,0.754,4
149062_at,BECKSTPREPU04HR,Development,W1118,Prepupae,0,0.8633,4
149063_at,BECKSTPREPU04HR,Development,W1118,Prepupae,-1,0.7582,4
149064_at,BECKSTPREPU04HR,Development,W1118,Prepupae,0,1.0858,4
149065_at,BECKSTPREPU04HR,Development,W1118,Prepupae,0,1.1155,4
149066_at,BECKSTPREPU04HR,Development,W1118,Prepupae,1,1.506,4
149067_at,BECKSTPREPU04HR,Development,W1118,Prepupae,0,1.1709,4
149068_at,BECKSTPREPU04HR,Development,W1118,Prepupae,1,1.7878,4
149069_at,BECKSTPREPU04HR,Development,W1118,Prepupae,0,1.0069,4
149070_at,BECKSTPREPU04HR,Development,W1118,Prepupae,0,1.0665,4
149071_at,BECKSTPREPU04HR,Development,W1118,Prepupae,-1,0.7142,4
149072_at,BECKSTPREPU04HR,Development,W1118,Prepupae,0,1.0974,4
149073_at,BECKSTPREPU04HR,Development,W1118,Prepupae,1,1.3334,4
149074_at,BECKSTPREPU04HR,Development,W1118,Prepupae,1,1.4598,4
149075_at,BECKSTPREPU04HR,Development,W1118,Prepupae,1,1.4129,4
149076_at,BECKSTPREPU04HR,Development,W1118,Prepupae,0,0.9118,4
149077_at,BECKSTPREPU04HR,Development,W1118,Prepupae,0,0.9263,4
149078_at,BECKSTPREPU04HR,Development,W1118,Prepupae,0,0.9706,4
149079_at,BECKSTPREPU04HR,Development,W1118,Prepupae,1,1.232,4
149080_at,BECKSTPREPU04HR,Development,W1118,Prepupae,0,1.1703,4
149081_at,BECKSTPREPU04HR,Development,W1118,Prepupae,1,2.0761,4
149082_at,BECKSTPREPU04HR,Development,W1118,Prepupae,1,1.2659,4
149083_at,BECKSTPREPU04HR,Development,W1118,Prepupae,1,1.5021,4
149084_at,BECKSTPREPU04HR,Development,W1118,Prepupae,-1,0.6154,4
149085_at,BECKSTPREPU04HR,Development,W1118,Prepupae,1,1.2958,4
149086_at,BECKSTPREPU04HR,Development,W1118,Prepupae,-1,0.6265,4
149087_at,BECKSTPREPU04HR,Development,W1118,Prepupae,0,1.0391,4
149088_at,BECKSTPREPU04HR,Development,W1118,Prepupae,0,0.9568,4
149089_at,BECKSTPREPU04HR,Development,W1118,Prepupae,1,1.58,4
149090_at,BECKSTPREPU04HR,Development,W1118,Prepupae,0,1.0145,4
149091_at,BECKSTPREPU04HR,Development,W1118,Prepupae,1,1.8494,4
149092_at,BECKSTPREPU04HR,Development,W1118,Prepupae,0,1.0784,4
149093_at,BECKSTPREPU04HR,Development,W1118,Prepupae,1,1.3955,4
149094_at,BECKSTPREPU04HR,Development,W1118,Prepupae,1,1.2575,4
149095_at,BECKSTPREPU04HR,Development,W1118,Prepupae,0,0.9434,4
149096_at,BECKSTPREPU04HR,Development,W1118,Prepupae,0,1.1606,4
149097_at,BECKSTPREPU04HR,Development,W1118,Prepupae,0,1.1783,4
149098_at,BECKSTPREPU04HR,Development,W1118,Prepupae,0,0.9976,4
149099_at,BECKSTPREPU04HR,Development,W1118,Prepupae,1,1.8065,4
149100_at,BECKSTPREPU04HR,Development,W1118,Prepupae,1,1.3962,4
149101_at,BECKSTPREPU04HR,Development,W1118,Prepupae,1,1.823,4
149102_at,BECKSTPREPU04HR,Development,W1118,Prepupae,1,1.2597,4
149103_at,BECKSTPREPU04HR,Development,W1118,Prepupae,0,1.0525,4
149104_at,BECKSTPREPU04HR,Development,W1118,Prepupae,1,2.1333,4
149105_at,BECKSTPREPU04HR,Development,W1118,Prepupae,0,1.0617,4
149106_at,BECKSTPREPU04HR,Development,W1118,Prepupae,0,1.0013,4
149107_at,BECKSTPREPU04HR,Development,W1118,Prepupae,0,1.0263,4
149108_at,BECKSTPREPU04HR,Development,W1118,Prepupae,0,1.1057,4
149109_at,BECKSTPREPU04HR,Development,W1118,Prepupae,0,0.8736,4
149110_at,BECKSTPREPU04HR,Development,W1118,Prepupae,0,1.0556,4
149111_at,BECKSTPREPU04HR,Development,W1118,Prepupae,1,1.3589,4
149112_at,BECKSTPREPU04HR,Development,W1118,Prepupae,0,0.9604,4
149113_at,BECKSTPREPU04HR,Development,W1118,Prepupae,0,0.8765,4
149114_at,BECKSTPREPU04HR,Development,W1118,Prepupae,0,0.9805,4
149115_at,BECKSTPREPU04HR,Development,W1118,Prepupae,1,1.3317,4
149116_at,BECKSTPREPU04HR,Development,W1118,Prepupae,1,1.5475,4
149117_at,BECKSTPREPU04HR,Development,W1118,Prepupae,1,1.3012,4
149118_at,BECKSTPREPU04HR,Development,W1118,Prepupae,0,1.0158,4
149119_at,BECKSTPREPU04HR,Development,W1118,Prepupae,0,1.0119,4
149120_at,BECKSTPREPU04HR,Development,W1118,Prepupae,0,0.9842,4
149121_at,BECKSTPREPU04HR,Development,W1118,Prepupae,-1,0.7638,4
149122_at,BECKSTPREPU04HR,Development,W1118,Prepupae,1,1.4355,4
149123_at,BECKSTPREPU04HR,Development,W1118,Prepupae,1,1.5331,4
149124_at,BECKSTPREPU04HR,Development,W1118,Prepupae,1,1.3681,4
149125_at,BECKSTPREPU04HR,Development,W1118,Prepupae,1,2.586,4
149126_at,BECKSTPREPU04HR,Development,W1118,Prepupae,0,1.0576,4
149127_at,BECKSTPREPU04HR,Development,W1118,Prepupae,-1,0.7555,4
149128_at,BECKSTPREPU04HR,Development,W1118,Prepupae,0,0.8755,4
149129_at,BECKSTPREPU04HR,Development,W1118,Prepupae,0,1.1981,4
149130_at,BECKSTPREPU04HR,Development,W1118,Prepupae,1,1.7529,4
149131_at,BECKSTPREPU04HR,Development,W1118,Prepupae,-1,0.7792,4
149132_at,BECKSTPREPU04HR,Development,W1118,Prepupae,0,0.9309,4
149133_at,BECKSTPREPU04HR,Development,W1118,Prepupae,0,0.9462,4
149134_at,BECKSTPREPU04HR,Development,W1118,Prepupae,0,0.8527,4
149135_at,BECKSTPREPU04HR,Development,W1118,Prepupae,1,1.7057,4
149136_at,BECKSTPREPU04HR,Development,W1118,Prepupae,-1,0.7996,4
149137_at,BECKSTPREPU04HR,Development,W1118,Prepupae,0,0.9465,4
149138_at,BECKSTPREPU04HR,Development,W1118,Prepupae,-1,0.7932,4
149139_at,BECKSTPREPU04HR,Development,W1118,Prepupae,0,0.9613,4
149140_at,BECKSTPREPU04HR,Development,W1118,Prepupae,1,1.2539,4
149141_at,BECKSTPREPU04HR,Development,W1118,Prepupae,1,1.3231,4
149142_at,BECKSTPREPU04HR,Development,W1118,Prepupae,0,1.0816,4
149143_at,BECKSTPREPU04HR,Development,W1118,Prepupae,0,1.0774,4
149144_at,BECKSTPREPU04HR,Development,W1118,Prepupae,0,0.949,4
149145_at,BECKSTPREPU04HR,Development,W1118,Prepupae,0,0.893,4
149146_at,BECKSTPREPU04HR,Development,W1118,Prepupae,0,0.8724,4
149147_at,BECKSTPREPU04HR,Development,W1118,Prepupae,0,0.9726,4
149148_at,BECKSTPREPU04HR,Development,W1118,Prepupae,1,1.237,4
149149_at,BECKSTPREPU04HR,Development,W1118,Prepupae,0,1.1651,4
149150_at,BECKSTPREPU04HR,Development,W1118,Prepupae,1,1.2151,4
149151_at,BECKSTPREPU04HR,Development,W1118,Prepupae,1,1.6027,4
149152_at,BECKSTPREPU04HR,Development,W1118,Prepupae,1,1.5017,4
149153_at,BECKSTPREPU04HR,Development,W1118,Prepupae,0,1.0723,4
149154_at,BECKSTPREPU04HR,Development,W1118,Prepupae,1,1.461,4
149155_at,BECKSTPREPU04HR,Development,W1118,Prepupae,0,0.9986,4
149156_at,BECKSTPREPU04HR,Development,W1118,Prepupae,1,1.6528,4
149157_at,BECKSTPREPU04HR,Development,W1118,Prepupae,1,1.5427,4
149158_at,BECKSTPREPU04HR,Development,W1118,Prepupae,0,1.0455,4
149159_at,BECKSTPREPU04HR,Development,W1118,Prepupae,0,1.0473,4
149160_at,BECKSTPREPU04HR,Development,W1118,Prepupae,1,1.2125,4
149161_at,BECKSTPREPU04HR,Development,W1118,Prepupae,0,0.9361,4
149162_at,BECKSTPREPU04HR,Development,W1118,Prepupae,0,1.0895,4
149163_at,BECKSTPREPU04HR,Development,W1118,Prepupae,-1,0.7892,4
149164_at,BECKSTPREPU04HR,Development,W1118,Prepupae,0,0.9364,4
149165_at,BECKSTPREPU04HR,Development,W1118,Prepupae,0,0.9737,4
149166_at,BECKSTPREPU04HR,Development,W1118,Prepupae,0,0.8506,4
149167_at,BECKSTPREPU04HR,Development,W1118,Prepupae,0,1.1058,4
149168_at,BECKSTPREPU04HR,Development,W1118,Prepupae,1,1.2263,4
149169_at,BECKSTPREPU04HR,Development,W1118,Prepupae,0,1.1672,4
149170_at,BECKSTPREPU04HR,Development,W1118,Prepupae,1,1.3171,4
149171_at,BECKSTPREPU04HR,Development,W1118,Prepupae,0,1.1487,4
149172_at,BECKSTPREPU04HR,Development,W1118,Prepupae,0,1.1781,4
149173_at,BECKSTPREPU04HR,Development,W1118,Prepupae,0,1.0401,4
149174_at,BECKSTPREPU04HR,Development,W1118,Prepupae,1,1.5867,4
149175_at,BECKSTPREPU04HR,Development,W1118,Prepupae,-1,0.7589,4
149176_at,BECKSTPREPU04HR,Development,W1118,Prepupae,0,0.9684,4
149177_at,BECKSTPREPU04HR,Development,W1118,Prepupae,0,1.1372,4
149178_at,BECKSTPREPU04HR,Development,W1118,Prepupae,1,1.2013,4
149179_at,BECKSTPREPU04HR,Development,W1118,Prepupae,1,1.3865,4
149180_at,BECKSTPREPU04HR,Development,W1118,Prepupae,1,1.4456,4
149181_at,BECKSTPREPU04HR,Development,W1118,Prepupae,0,1.1843,4
149182_at,BECKSTPREPU04HR,Development,W1118,Prepupae,0,1.0487,4
149183_at,BECKSTPREPU04HR,Development,W1118,Prepupae,0,0.9315,4
149184_at,BECKSTPREPU04HR,Development,W1118,Prepupae,0,0.9046,4
149185_at,BECKSTPREPU04HR,Development,W1118,Prepupae,0,1.1559,4
149186_at,BECKSTPREPU04HR,Development,W1118,Prepupae,-1,0.6691,4
149187_at,BECKSTPREPU04HR,Development,W1118,Prepupae,0,1.0662,4
149188_at,BECKSTPREPU04HR,Development,W1118,Prepupae,0,1.0082,4
149189_at,BECKSTPREPU04HR,Development,W1118,Prepupae,1,1.6406,4
149190_at,BECKSTPREPU04HR,Development,W1118,Prepupae,1,1.5968,4
149191_at,BECKSTPREPU04HR,Development,W1118,Prepupae,0,0.8099,4
149192_at,BECKSTPREPU04HR,Development,W1118,Prepupae,0,1.0664,4
149193_at,BECKSTPREPU04HR,Development,W1118,Prepupae,1,1.2643,4
149194_at,BECKSTPREPU04HR,Development,W1118,Prepupae,0,1.1759,4
149195_at,BECKSTPREPU04HR,Development,W1118,Prepupae,0,0.9972,4
149196_at,BECKSTPREPU04HR,Development,W1118,Prepupae,1,1.3605,4
149197_at,BECKSTPREPU04HR,Development,W1118,Prepupae,0,0.8064,4
149198_at,BECKSTPREPU04HR,Development,W1118,Prepupae,1,1.7578,4
149199_at,BECKSTPREPU04HR,Development,W1118,Prepupae,1,1.2686,4
149200_at,BECKSTPREPU04HR,Development,W1118,Prepupae,0,0.813,4
149201_at,BECKSTPREPU04HR,Development,W1118,Prepupae,0,1.0189,4
149202_at,BECKSTPREPU04HR,Development,W1118,Prepupae,1,3.2428,4
149203_at,BECKSTPREPU04HR,Development,W1118,Prepupae,1,1.264,4
149204_at,BECKSTPREPU04HR,Development,W1118,Prepupae,1,1.4621,4
149205_at,BECKSTPREPU04HR,Development,W1118,Prepupae,1,1.3334,4
149206_at,BECKSTPREPU04HR,Development,W1118,Prepupae,0,0.9373,4
149207_at,BECKSTPREPU04HR,Development,W1118,Prepupae,1,1.2387,4
149208_at,BECKSTPREPU04HR,Development,W1118,Prepupae,1,1.4914,4
149209_at,BECKSTPREPU04HR,Development,W1118,Prepupae,0,1.158,4
149210_at,BECKSTPREPU04HR,Development,W1118,Prepupae,0,1.0368,4
149211_at,BECKSTPREPU04HR,Development,W1118,Prepupae,1,1.4122,4
149212_at,BECKSTPREPU04HR,Development,W1118,Prepupae,1,1.2521,4
149213_at,BECKSTPREPU04HR,Development,W1118,Prepupae,1,1.4117,4
149214_at,BECKSTPREPU04HR,Development,W1118,Prepupae,1,1.4446,4
149215_at,BECKSTPREPU04HR,Development,W1118,Prepupae,0,1.155,4
149216_at,BECKSTPREPU04HR,Development,W1118,Prepupae,0,1.0672,4
149217_at,BECKSTPREPU04HR,Development,W1118,Prepupae,0,1.0058,4
149218_at,BECKSTPREPU04HR,Development,W1118,Prepupae,0,1.0817,4
149219_at,BECKSTPREPU04HR,Development,W1118,Prepupae,1,1.3789,4
149220_at,BECKSTPREPU04HR,Development,W1118,Prepupae,0,1.1208,4
149221_at,BECKSTPREPU04HR,Development,W1118,Prepupae,0,1.0432,4
149222_at,BECKSTPREPU04HR,Development,W1118,Prepupae,0,1.0661,4
149223_at,BECKSTPREPU04HR,Development,W1118,Prepupae,0,1.1391,4
149224_at,BECKSTPREPU04HR,Development,W1118,Prepupae,0,1.0825,4
149225_at,BECKSTPREPU04HR,Development,W1118,Prepupae,0,0.9498,4
149226_at,BECKSTPREPU04HR,Development,W1118,Prepupae,0,1.0319,4
149227_at,BECKSTPREPU04HR,Development,W1118,Prepupae,0,1.0543,4
149228_at,BECKSTPREPU04HR,Development,W1118,Prepupae,0,0.8094,4
149229_at,BECKSTPREPU04HR,Development,W1118,Prepupae,0,0.9279,4
149230_at,BECKSTPREPU04HR,Development,W1118,Prepupae,1,1.2117,4
149231_at,BECKSTPREPU04HR,Development,W1118,Prepupae,0,0.8131,4
149232_at,BECKSTPREPU04HR,Development,W1118,Prepupae,0,1.1418,4
149233_at,BECKSTPREPU04HR,Development,W1118,Prepupae,1,1.222,4
149234_at,BECKSTPREPU04HR,Development,W1118,Prepupae,0,0.982,4
149235_at,BECKSTPREPU04HR,Development,W1118,Prepupae,1,1.349,4
149236_at,BECKSTPREPU04HR,Development,W1118,Prepupae,0,1.1871,4
149237_at,BECKSTPREPU04HR,Development,W1118,Prepupae,0,1.0586,4
149238_at,BECKSTPREPU04HR,Development,W1118,Prepupae,1,1.6262,4
149239_at,BECKSTPREPU04HR,Development,W1118,Prepupae,1,1.4343,4
149240_at,BECKSTPREPU04HR,Development,W1118,Prepupae,1,1.9425,4
149241_at,BECKSTPREPU04HR,Development,W1118,Prepupae,0,1.1926,4
149242_at,BECKSTPREPU04HR,Development,W1118,Prepupae,0,1.0888,4
149243_at,BECKSTPREPU04HR,Development,W1118,Prepupae,0,1.1557,4
149244_at,BECKSTPREPU04HR,Development,W1118,Prepupae,0,1.1378,4
149245_at,BECKSTPREPU04HR,Development,W1118,Prepupae,0,0.8265,4
149246_at,BECKSTPREPU04HR,Development,W1118,Prepupae,1,2.18,4
149247_s_at,BECKSTPREPU04HR,Development,W1118,Prepupae,1,4.8898,4
149248_at,BECKSTPREPU04HR,Development,W1118,Prepupae,1,1.2499,4
149249_at,BECKSTPREPU04HR,Development,W1118,Prepupae,0,1.0253,4
149250_at,BECKSTPREPU04HR,Development,W1118,Prepupae,1,1.3,4
149251_at,BECKSTPREPU04HR,Development,W1118,Prepupae,1,1.3535,4
149252_at,BECKSTPREPU04HR,Development,W1118,Prepupae,0,1.0975,4
149253_at,BECKSTPREPU04HR,Development,W1118,Prepupae,0,0.8148,4
149254_at,BECKSTPREPU04HR,Development,W1118,Prepupae,1,1.3297,4
149255_at,BECKSTPREPU04HR,Development,W1118,Prepupae,1,1.2962,4
149256_at,BECKSTPREPU04HR,Development,W1118,Prepupae,1,1.2899,4
149257_at,BECKSTPREPU04HR,Development,W1118,Prepupae,1,1.4298,4
149258_at,BECKSTPREPU04HR,Development,W1118,Prepupae,0,0.9393,4
149259_at,BECKSTPREPU04HR,Development,W1118,Prepupae,-1,0.7985,4
149260_s_at,BECKSTPREPU04HR,Development,W1118,Prepupae,-1,0.7656,4
149261_at,BECKSTPREPU04HR,Development,W1118,Prepupae,1,1.2491,4
149262_at,BECKSTPREPU04HR,Development,W1118,Prepupae,1,1.331,4
149263_at,BECKSTPREPU04HR,Development,W1118,Prepupae,1,1.3954,4
149264_at,BECKSTPREPU04HR,Development,W1118,Prepupae,1,6.2408,4
149265_at,BECKSTPREPU04HR,Development,W1118,Prepupae,1,1.2665,4
149266_at,BECKSTPREPU04HR,Development,W1118,Prepupae,0,1.0055,4
149267_at,BECKSTPREPU04HR,Development,W1118,Prepupae,0,1.1665,4
149268_at,BECKSTPREPU04HR,Development,W1118,Prepupae,0,1.0323,4
149269_at,BECKSTPREPU04HR,Development,W1118,Prepupae,1,1.208,4
149270_at,BECKSTPREPU04HR,Development,W1118,Prepupae,0,0.8833,4
149271_at,BECKSTPREPU04HR,Development,W1118,Prepupae,0,1.0262,4
149272_at,BECKSTPREPU04HR,Development,W1118,Prepupae,0,1.1748,4
149273_at,BECKSTPREPU04HR,Development,W1118,Prepupae,0,1.0253,4
149274_at,BECKSTPREPU04HR,Development,W1118,Prepupae,0,0.9908,4
149275_at,BECKSTPREPU04HR,Development,W1118,Prepupae,-1,0.6161,4
149276_at,BECKSTPREPU04HR,Development,W1118,Prepupae,0,0.8927,4
149277_at,BECKSTPREPU04HR,Development,W1118,Prepupae,1,1.5081,4
149278_at,BECKSTPREPU04HR,Development,W1118,Prepupae,0,0.9996,4
149279_at,BECKSTPREPU04HR,Development,W1118,Prepupae,0,0.9668,4
149280_at,BECKSTPREPU04HR,Development,W1118,Prepupae,1,1.3151,4
149281_at,BECKSTPREPU04HR,Development,W1118,Prepupae,1,1.295,4
149282_at,BECKSTPREPU04HR,Development,W1118,Prepupae,1,1.7383,4
149283_at,BECKSTPREPU04HR,Development,W1118,Prepupae,0,1.0956,4
149284_at,BECKSTPREPU04HR,Development,W1118,Prepupae,1,1.2404,4
149285_at,BECKSTPREPU04HR,Development,W1118,Prepupae,1,1.6525,4
149286_at,BECKSTPREPU04HR,Development,W1118,Prepupae,1,1.8847,4
149287_at,BECKSTPREPU04HR,Development,W1118,Prepupae,1,1.3342,4
149288_at,BECKSTPREPU04HR,Development,W1118,Prepupae,1,1.2575,4
149289_at,BECKSTPREPU04HR,Development,W1118,Prepupae,1,2.2737,4
149290_at,BECKSTPREPU04HR,Development,W1118,Prepupae,1,1.2058,4
149291_at,BECKSTPREPU04HR,Development,W1118,Prepupae,0,1.1058,4
149292_at,BECKSTPREPU04HR,Development,W1118,Prepupae,1,1.3009,4
149293_at,BECKSTPREPU04HR,Development,W1118,Prepupae,1,4.034,4
149294_at,BECKSTPREPU04HR,Development,W1118,Prepupae,0,1.1651,4
149295_at,BECKSTPREPU04HR,Development,W1118,Prepupae,-1,0.7859,4
149296_at,BECKSTPREPU04HR,Development,W1118,Prepupae,1,1.7522,4
149297_at,BECKSTPREPU04HR,Development,W1118,Prepupae,1,3.095,4
149298_at,BECKSTPREPU04HR,Development,W1118,Prepupae,0,1.0763,4
149299_at,BECKSTPREPU04HR,Development,W1118,Prepupae,0,1.0195,4
149300_at,BECKSTPREPU04HR,Development,W1118,Prepupae,1,1.2034,4
149301_at,BECKSTPREPU04HR,Development,W1118,Prepupae,0,1.0902,4
149302_at,BECKSTPREPU04HR,Development,W1118,Prepupae,0,0.8125,4
149303_at,BECKSTPREPU04HR,Development,W1118,Prepupae,1,1.8557,4
149304_at,BECKSTPREPU04HR,Development,W1118,Prepupae,-1,0.4784,4
149305_at,BECKSTPREPU04HR,Development,W1118,Prepupae,0,0.937,4
149306_at,BECKSTPREPU04HR,Development,W1118,Prepupae,1,1.6448,4
149307_at,BECKSTPREPU04HR,Development,W1118,Prepupae,0,1.0663,4
149308_at,BECKSTPREPU04HR,Development,W1118,Prepupae,0,1.1093,4
149309_at,BECKSTPREPU04HR,Development,W1118,Prepupae,1,1.8098,4
149310_at,BECKSTPREPU04HR,Development,W1118,Prepupae,1,1.3374,4
149311_at,BECKSTPREPU04HR,Development,W1118,Prepupae,0,0.9534,4
149312_at,BECKSTPREPU04HR,Development,W1118,Prepupae,0,0.996,4
149313_at,BECKSTPREPU04HR,Development,W1118,Prepupae,0,0.9929,4
149314_at,BECKSTPREPU04HR,Development,W1118,Prepupae,1,1.4815,4
149315_at,BECKSTPREPU04HR,Development,W1118,Prepupae,1,1.8391,4
149316_at,BECKSTPREPU04HR,Development,W1118,Prepupae,0,0.9391,4
149317_at,BECKSTPREPU04HR,Development,W1118,Prepupae,0,1.1536,4
149318_at,BECKSTPREPU04HR,Development,W1118,Prepupae,1,1.2543,4
149319_at,BECKSTPREPU04HR,Development,W1118,Prepupae,0,1.0209,4
149320_at,BECKSTPREPU04HR,Development,W1118,Prepupae,0,0.8807,4
149321_at,BECKSTPREPU04HR,Development,W1118,Prepupae,0,0.909,4
149322_at,BECKSTPREPU04HR,Development,W1118,Prepupae,0,1.0555,4
149323_at,BECKSTPREPU04HR,Development,W1118,Prepupae,-1,0.64,4
149324_at,BECKSTPREPU04HR,Development,W1118,Prepupae,0,1.0155,4
149325_at,BECKSTPREPU04HR,Development,W1118,Prepupae,0,1.1113,4
149326_at,BECKSTPREPU04HR,Development,W1118,Prepupae,1,1.6246,4
149327_at,BECKSTPREPU04HR,Development,W1118,Prepupae,-1,0.6819,4
149328_at,BECKSTPREPU04HR,Development,W1118,Prepupae,0,1.1878,4
149329_at,BECKSTPREPU04HR,Development,W1118,Prepupae,0,1.0293,4
149330_at,BECKSTPREPU04HR,Development,W1118,Prepupae,0,1.1943,4
149331_at,BECKSTPREPU04HR,Development,W1118,Prepupae,1,1.2369,4
149332_at,BECKSTPREPU04HR,Development,W1118,Prepupae,0,0.9834,4
149333_at,BECKSTPREPU04HR,Development,W1118,Prepupae,0,1.0025,4
149334_at,BECKSTPREPU04HR,Development,W1118,Prepupae,0,1.0166,4
149335_at,BECKSTPREPU04HR,Development,W1118,Prepupae,0,1.1685,4
149336_at,BECKSTPREPU04HR,Development,W1118,Prepupae,0,0.9181,4
149337_at,BECKSTPREPU04HR,Development,W1118,Prepupae,0,0.9655,4
149338_at,BECKSTPREPU04HR,Development,W1118,Prepupae,0,0.9177,4
149339_at,BECKSTPREPU04HR,Development,W1118,Prepupae,0,1.1121,4
149340_at,BECKSTPREPU04HR,Development,W1118,Prepupae,1,1.4758,4
149341_at,BECKSTPREPU04HR,Development,W1118,Prepupae,0,0.8015,4
149342_at,BECKSTPREPU04HR,Development,W1118,Prepupae,-1,0.7446,4
149343_at,BECKSTPREPU04HR,Development,W1118,Prepupae,0,0.819,4
149344_at,BECKSTPREPU04HR,Development,W1118,Prepupae,1,1.5223,4
149345_at,BECKSTPREPU04HR,Development,W1118,Prepupae,0,0.946,4
149346_at,BECKSTPREPU04HR,Development,W1118,Prepupae,0,0.9787,4
149347_at,BECKSTPREPU04HR,Development,W1118,Prepupae,-1,0.7052,4
149348_at,BECKSTPREPU04HR,Development,W1118,Prepupae,0,0.9397,4
149349_at,BECKSTPREPU04HR,Development,W1118,Prepupae,1,1.2088,4
149350_at,BECKSTPREPU04HR,Development,W1118,Prepupae,0,0.9494,4
149351_at,BECKSTPREPU04HR,Development,W1118,Prepupae,0,0.8516,4
149352_at,BECKSTPREPU04HR,Development,W1118,Prepupae,0,0.9928,4
149353_at,BECKSTPREPU04HR,Development,W1118,Prepupae,0,0.9908,4
149354_at,BECKSTPREPU04HR,Development,W1118,Prepupae,0,0.9356,4
149355_at,BECKSTPREPU04HR,Development,W1118,Prepupae,1,1.2119,4
149356_at,BECKSTPREPU04HR,Development,W1118,Prepupae,0,0.9147,4
149357_at,BECKSTPREPU04HR,Development,W1118,Prepupae,0,1.0552,4
149358_at,BECKSTPREPU04HR,Development,W1118,Prepupae,0,1.0847,4
149359_at,BECKSTPREPU04HR,Development,W1118,Prepupae,0,0.8679,4
149360_at,BECKSTPREPU04HR,Development,W1118,Prepupae,0,1.113,4
149361_at,BECKSTPREPU04HR,Development,W1118,Prepupae,0,1.1399,4
149362_at,BECKSTPREPU04HR,Development,W1118,Prepupae,1,1.3984,4
149363_at,BECKSTPREPU04HR,Development,W1118,Prepupae,1,1.4108,4
149364_at,BECKSTPREPU04HR,Development,W1118,Prepupae,1,1.6959,4
149365_at,BECKSTPREPU04HR,Development,W1118,Prepupae,1,1.9383,4
149366_at,BECKSTPREPU04HR,Development,W1118,Prepupae,1,1.5343,4
149367_at,BECKSTPREPU04HR,Development,W1118,Prepupae,0,0.9936,4
149368_at,BECKSTPREPU04HR,Development,W1118,Prepupae,0,1.0491,4
149369_at,BECKSTPREPU04HR,Development,W1118,Prepupae,-1,0.7736,4
149370_at,BECKSTPREPU04HR,Development,W1118,Prepupae,0,0.8935,4
149371_at,BECKSTPREPU04HR,Development,W1118,Prepupae,1,1.3012,4
149372_at,BECKSTPREPU04HR,Development,W1118,Prepupae,0,0.9721,4
149373_at,BECKSTPREPU04HR,Development,W1118,Prepupae,1,1.9774,4
149374_at,BECKSTPREPU04HR,Development,W1118,Prepupae,0,1.1257,4
149375_at,BECKSTPREPU04HR,Development,W1118,Prepupae,0,0.8757,4
149376_at,BECKSTPREPU04HR,Development,W1118,Prepupae,1,1.345,4
149377_at,BECKSTPREPU04HR,Development,W1118,Prepupae,0,1.154,4
149378_at,BECKSTPREPU04HR,Development,W1118,Prepupae,0,0.951,4
149379_at,BECKSTPREPU04HR,Development,W1118,Prepupae,0,1.1616,4
149380_at,BECKSTPREPU04HR,Development,W1118,Prepupae,1,1.2106,4
149381_at,BECKSTPREPU04HR,Development,W1118,Prepupae,1,1.4748,4
149382_at,BECKSTPREPU04HR,Development,W1118,Prepupae,0,1.0777,4
149383_at,BECKSTPREPU04HR,Development,W1118,Prepupae,1,1.2198,4
149384_at,BECKSTPREPU04HR,Development,W1118,Prepupae,1,1.4426,4
149385_at,BECKSTPREPU04HR,Development,W1118,Prepupae,1,1.2316,4
149386_at,BECKSTPREPU04HR,Development,W1118,Prepupae,1,1.8798,4
149387_at,BECKSTPREPU04HR,Development,W1118,Prepupae,0,0.9439,4
149388_at,BECKSTPREPU04HR,Development,W1118,Prepupae,1,1.3315,4
149389_at,BECKSTPREPU04HR,Development,W1118,Prepupae,1,1.5656,4
149390_at,BECKSTPREPU04HR,Development,W1118,Prepupae,1,1.7943,4
149391_at,BECKSTPREPU04HR,Development,W1118,Prepupae,1,1.2503,4
149392_at,BECKSTPREPU04HR,Development,W1118,Prepupae,0,1.0563,4
149393_at,BECKSTPREPU04HR,Development,W1118,Prepupae,0,1.0453,4
149394_at,BECKSTPREPU04HR,Development,W1118,Prepupae,0,0.9809,4
149395_at,BECKSTPREPU04HR,Development,W1118,Prepupae,1,1.2461,4
149396_at,BECKSTPREPU04HR,Development,W1118,Prepupae,1,1.6228,4
149397_at,BECKSTPREPU04HR,Development,W1118,Prepupae,0,0.8242,4
149398_at,BECKSTPREPU04HR,Development,W1118,Prepupae,1,1.3949,4
149399_at,BECKSTPREPU04HR,Development,W1118,Prepupae,0,1.13,4
149400_at,BECKSTPREPU04HR,Development,W1118,Prepupae,1,1.2828,4
149401_at,BECKSTPREPU04HR,Development,W1118,Prepupae,0,1.0698,4
149402_at,BECKSTPREPU04HR,Development,W1118,Prepupae,0,1.0381,4
149403_at,BECKSTPREPU04HR,Development,W1118,Prepupae,1,1.7764,4
149404_at,BECKSTPREPU04HR,Development,W1118,Prepupae,0,0.9925,4
149405_at,BECKSTPREPU04HR,Development,W1118,Prepupae,0,0.9813,4
149406_at,BECKSTPREPU04HR,Development,W1118,Prepupae,0,1.0687,4
149407_at,BECKSTPREPU04HR,Development,W1118,Prepupae,1,1.4993,4
149408_at,BECKSTPREPU04HR,Development,W1118,Prepupae,0,1.0455,4
149409_at,BECKSTPREPU04HR,Development,W1118,Prepupae,1,1.2291,4
149410_at,BECKSTPREPU04HR,Development,W1118,Prepupae,0,0.8481,4
149411_at,BECKSTPREPU04HR,Development,W1118,Prepupae,0,0.9124,4
149412_at,BECKSTPREPU04HR,Development,W1118,Prepupae,0,0.8231,4
149413_at,BECKSTPREPU04HR,Development,W1118,Prepupae,0,0.9439,4
149414_at,BECKSTPREPU04HR,Development,W1118,Prepupae,1,1.4654,4
149415_at,BECKSTPREPU04HR,Development,W1118,Prepupae,1,1.36,4
149416_at,BECKSTPREPU04HR,Development,W1118,Prepupae,0,1.0186,4
149417_at,BECKSTPREPU04HR,Development,W1118,Prepupae,-1,0.7699,4
149418_at,BECKSTPREPU04HR,Development,W1118,Prepupae,1,1.3449,4
149419_at,BECKSTPREPU04HR,Development,W1118,Prepupae,0,1.103,4
149420_at,BECKSTPREPU04HR,Development,W1118,Prepupae,0,0.909,4
149421_at,BECKSTPREPU04HR,Development,W1118,Prepupae,-1,0.7925,4
149422_at,BECKSTPREPU04HR,Development,W1118,Prepupae,-1,0.5661,4
149423_at,BECKSTPREPU04HR,Development,W1118,Prepupae,0,0.9481,4
149424_at,BECKSTPREPU04HR,Development,W1118,Prepupae,0,0.9594,4
149425_at,BECKSTPREPU04HR,Development,W1118,Prepupae,1,1.3036,4
149426_at,BECKSTPREPU04HR,Development,W1118,Prepupae,1,1.4837,4
149427_at,BECKSTPREPU04HR,Development,W1118,Prepupae,1,1.6137,4
149428_at,BECKSTPREPU04HR,Development,W1118,Prepupae,0,0.9884,4
149429_at,BECKSTPREPU04HR,Development,W1118,Prepupae,0,0.9113,4
149430_at,BECKSTPREPU04HR,Development,W1118,Prepupae,0,1.1425,4
149431_at,BECKSTPREPU04HR,Development,W1118,Prepupae,0,0.8809,4
149432_at,BECKSTPREPU04HR,Development,W1118,Prepupae,0,0.9659,4
149433_at,BECKSTPREPU04HR,Development,W1118,Prepupae,1,1.2266,4
149434_at,BECKSTPREPU04HR,Development,W1118,Prepupae,0,1.0694,4
149435_at,BECKSTPREPU04HR,Development,W1118,Prepupae,1,1.3465,4
149436_at,BECKSTPREPU04HR,Development,W1118,Prepupae,1,1.8602,4
149437_at,BECKSTPREPU04HR,Development,W1118,Prepupae,0,1.0931,4
149438_at,BECKSTPREPU04HR,Development,W1118,Prepupae,0,1.1658,4
149439_at,BECKSTPREPU04HR,Development,W1118,Prepupae,0,1.1967,4
149440_at,BECKSTPREPU04HR,Development,W1118,Prepupae,1,1.2264,4
149441_at,BECKSTPREPU04HR,Development,W1118,Prepupae,1,1.4984,4
149442_at,BECKSTPREPU04HR,Development,W1118,Prepupae,0,1.1297,4
149443_at,BECKSTPREPU04HR,Development,W1118,Prepupae,1,1.6877,4
149444_at,BECKSTPREPU04HR,Development,W1118,Prepupae,0,1.1695,4
149445_at,BECKSTPREPU04HR,Development,W1118,Prepupae,0,1.0507,4
149446_at,BECKSTPREPU04HR,Development,W1118,Prepupae,0,0.9805,4
149447_at,BECKSTPREPU04HR,Development,W1118,Prepupae,1,2.6626,4
149448_at,BECKSTPREPU04HR,Development,W1118,Prepupae,1,2.6046,4
149449_at,BECKSTPREPU04HR,Development,W1118,Prepupae,0,1.0705,4
149450_at,BECKSTPREPU04HR,Development,W1118,Prepupae,1,3.2751,4
149451_at,BECKSTPREPU04HR,Development,W1118,Prepupae,1,1.3164,4
149452_at,BECKSTPREPU04HR,Development,W1118,Prepupae,-1,0.7993,4
149453_at,BECKSTPREPU04HR,Development,W1118,Prepupae,0,1.0571,4
149454_at,BECKSTPREPU04HR,Development,W1118,Prepupae,1,1.4375,4
149455_at,BECKSTPREPU04HR,Development,W1118,Prepupae,0,0.963,4
149456_at,BECKSTPREPU04HR,Development,W1118,Prepupae,1,1.4171,4
149457_at,BECKSTPREPU04HR,Development,W1118,Prepupae,1,1.2141,4
149458_at,BECKSTPREPU04HR,Development,W1118,Prepupae,0,1.1139,4
149459_at,BECKSTPREPU04HR,Development,W1118,Prepupae,1,1.3824,4
149460_at,BECKSTPREPU04HR,Development,W1118,Prepupae,1,1.3053,4
149461_at,BECKSTPREPU04HR,Development,W1118,Prepupae,0,0.9141,4
149462_at,BECKSTPREPU04HR,Development,W1118,Prepupae,0,1.0752,4
149463_at,BECKSTPREPU04HR,Development,W1118,Prepupae,0,0.9597,4
149464_at,BECKSTPREPU04HR,Development,W1118,Prepupae,1,1.218,4
149465_at,BECKSTPREPU04HR,Development,W1118,Prepupae,0,1.0078,4
149466_at,BECKSTPREPU04HR,Development,W1118,Prepupae,1,1.3768,4
149467_at,BECKSTPREPU04HR,Development,W1118,Prepupae,-1,0.7207,4
149468_at,BECKSTPREPU04HR,Development,W1118,Prepupae,1,1.8135,4
149469_at,BECKSTPREPU04HR,Development,W1118,Prepupae,0,1.0525,4
149470_at,BECKSTPREPU04HR,Development,W1118,Prepupae,0,0.969,4
149471_at,BECKSTPREPU04HR,Development,W1118,Prepupae,0,0.9638,4
149472_at,BECKSTPREPU04HR,Development,W1118,Prepupae,0,1.1121,4
149473_at,BECKSTPREPU04HR,Development,W1118,Prepupae,1,1.9115,4
149474_at,BECKSTPREPU04HR,Development,W1118,Prepupae,-1,0.7738,4
149475_at,BECKSTPREPU04HR,Development,W1118,Prepupae,0,1.1386,4
149476_at,BECKSTPREPU04HR,Development,W1118,Prepupae,0,1.1914,4
149477_at,BECKSTPREPU04HR,Development,W1118,Prepupae,0,1.1596,4
149478_at,BECKSTPREPU04HR,Development,W1118,Prepupae,1,1.4482,4
149479_at,BECKSTPREPU04HR,Development,W1118,Prepupae,1,1.3939,4
149480_at,BECKSTPREPU04HR,Development,W1118,Prepupae,1,1.2261,4
149481_at,BECKSTPREPU04HR,Development,W1118,Prepupae,0,0.9131,4
149482_at,BECKSTPREPU04HR,Development,W1118,Prepupae,0,1.1961,4
149483_at,BECKSTPREPU04HR,Development,W1118,Prepupae,1,1.229,4
149484_at,BECKSTPREPU04HR,Development,W1118,Prepupae,0,1.0971,4
149485_at,BECKSTPREPU04HR,Development,W1118,Prepupae,1,1.226,4
149486_at,BECKSTPREPU04HR,Development,W1118,Prepupae,0,0.9431,4
149487_at,BECKSTPREPU04HR,Development,W1118,Prepupae,0,0.8214,4
149488_at,BECKSTPREPU04HR,Development,W1118,Prepupae,1,1.5325,4
149489_at,BECKSTPREPU04HR,Development,W1118,Prepupae,-1,0.6079,4
149490_at,BECKSTPREPU04HR,Development,W1118,Prepupae,0,1.141,4
149491_at,BECKSTPREPU04HR,Development,W1118,Prepupae,0,0.9703,4
149492_at,BECKSTPREPU04HR,Development,W1118,Prepupae,0,1.1445,4
149493_at,BECKSTPREPU04HR,Development,W1118,Prepupae,0,0.9239,4
149494_at,BECKSTPREPU04HR,Development,W1118,Prepupae,0,0.8446,4
149495_at,BECKSTPREPU04HR,Development,W1118,Prepupae,-1,0.7389,4
149496_at,BECKSTPREPU04HR,Development,W1118,Prepupae,1,1.2865,4
149497_at,BECKSTPREPU04HR,Development,W1118,Prepupae,1,1.2816,4
149498_at,BECKSTPREPU04HR,Development,W1118,Prepupae,0,1.0257,4
149499_at,BECKSTPREPU04HR,Development,W1118,Prepupae,0,0.893,4
149500_at,BECKSTPREPU04HR,Development,W1118,Prepupae,0,1.1118,4
149501_at,BECKSTPREPU04HR,Development,W1118,Prepupae,1,1.239,4
149502_at,BECKSTPREPU04HR,Development,W1118,Prepupae,1,1.4175,4
149503_at,BECKSTPREPU04HR,Development,W1118,Prepupae,0,1.0245,4
149504_at,BECKSTPREPU04HR,Development,W1118,Prepupae,1,1.3552,4
149505_at,BECKSTPREPU04HR,Development,W1118,Prepupae,0,0.9752,4
149506_at,BECKSTPREPU04HR,Development,W1118,Prepupae,1,1.3044,4
149507_at,BECKSTPREPU04HR,Development,W1118,Prepupae,0,1.094,4
149508_at,BECKSTPREPU04HR,Development,W1118,Prepupae,0,0.8046,4
149509_at,BECKSTPREPU04HR,Development,W1118,Prepupae,1,1.2104,4
149510_at,BECKSTPREPU04HR,Development,W1118,Prepupae,0,1.1497,4
149511_at,BECKSTPREPU04HR,Development,W1118,Prepupae,1,1.2818,4
149512_at,BECKSTPREPU04HR,Development,W1118,Prepupae,0,1.0204,4
149513_at,BECKSTPREPU04HR,Development,W1118,Prepupae,0,1.1857,4
149514_at,BECKSTPREPU04HR,Development,W1118,Prepupae,-1,0.7442,4
149515_at,BECKSTPREPU04HR,Development,W1118,Prepupae,0,1.0864,4
149516_at,BECKSTPREPU04HR,Development,W1118,Prepupae,1,1.2009,4
149517_at,BECKSTPREPU04HR,Development,W1118,Prepupae,1,1.6514,4
149518_at,BECKSTPREPU04HR,Development,W1118,Prepupae,-1,0.7116,4
149519_at,BECKSTPREPU04HR,Development,W1118,Prepupae,0,1.0005,4
149520_at,BECKSTPREPU04HR,Development,W1118,Prepupae,0,1.1221,4
149521_at,BECKSTPREPU04HR,Development,W1118,Prepupae,1,1.5123,4
149522_at,BECKSTPREPU04HR,Development,W1118,Prepupae,0,1.0981,4
149523_at,BECKSTPREPU04HR,Development,W1118,Prepupae,1,1.3254,4
149524_at,BECKSTPREPU04HR,Development,W1118,Prepupae,1,1.2475,4
149525_at,BECKSTPREPU04HR,Development,W1118,Prepupae,1,1.2225,4
149526_at,BECKSTPREPU04HR,Development,W1118,Prepupae,0,0.9497,4
149527_at,BECKSTPREPU04HR,Development,W1118,Prepupae,1,1.3433,4
149528_at,BECKSTPREPU04HR,Development,W1118,Prepupae,-1,0.6964,4
149529_at,BECKSTPREPU04HR,Development,W1118,Prepupae,1,1.2876,4
149530_at,BECKSTPREPU04HR,Development,W1118,Prepupae,1,1.7649,4
149531_at,BECKSTPREPU04HR,Development,W1118,Prepupae,1,1.3091,4
149532_at,BECKSTPREPU04HR,Development,W1118,Prepupae,0,0.9574,4
149533_at,BECKSTPREPU04HR,Development,W1118,Prepupae,1,1.2015,4
149534_at,BECKSTPREPU04HR,Development,W1118,Prepupae,0,1.1164,4
149535_at,BECKSTPREPU04HR,Development,W1118,Prepupae,1,1.2758,4
149536_at,BECKSTPREPU04HR,Development,W1118,Prepupae,0,0.966,4
149537_at,BECKSTPREPU04HR,Development,W1118,Prepupae,-1,0.7647,4
149538_at,BECKSTPREPU04HR,Development,W1118,Prepupae,1,1.4505,4
149539_at,BECKSTPREPU04HR,Development,W1118,Prepupae,1,1.3949,4
149540_at,BECKSTPREPU04HR,Development,W1118,Prepupae,-1,0.7964,4
149541_at,BECKSTPREPU04HR,Development,W1118,Prepupae,1,1.3815,4
149542_at,BECKSTPREPU04HR,Development,W1118,Prepupae,1,1.3352,4
149543_at,BECKSTPREPU04HR,Development,W1118,Prepupae,1,1.9335,4
149544_at,BECKSTPREPU04HR,Development,W1118,Prepupae,0,0.9872,4
149545_at,BECKSTPREPU04HR,Development,W1118,Prepupae,1,1.7252,4
149546_at,BECKSTPREPU04HR,Development,W1118,Prepupae,0,1.1466,4
149547_at,BECKSTPREPU04HR,Development,W1118,Prepupae,-1,0.7796,4
149548_at,BECKSTPREPU04HR,Development,W1118,Prepupae,1,1.9086,4
149549_at,BECKSTPREPU04HR,Development,W1118,Prepupae,0,0.9311,4
149550_at,BECKSTPREPU04HR,Development,W1118,Prepupae,-1,0.7634,4
149551_at,BECKSTPREPU04HR,Development,W1118,Prepupae,0,0.8247,4
149552_s_at,BECKSTPREPU04HR,Development,W1118,Prepupae,0,1.1452,4
149553_at,BECKSTPREPU04HR,Development,W1118,Prepupae,0,0.9953,4
149554_at,BECKSTPREPU04HR,Development,W1118,Prepupae,0,1.0059,4
149555_at,BECKSTPREPU04HR,Development,W1118,Prepupae,0,0.9818,4
149556_at,BECKSTPREPU04HR,Development,W1118,Prepupae,0,0.9739,4
149557_at,BECKSTPREPU04HR,Development,W1118,Prepupae,0,1.0113,4
149558_at,BECKSTPREPU04HR,Development,W1118,Prepupae,1,1.2758,4
149559_at,BECKSTPREPU04HR,Development,W1118,Prepupae,1,1.3976,4
149560_at,BECKSTPREPU04HR,Development,W1118,Prepupae,0,1.1651,4
149561_at,BECKSTPREPU04HR,Development,W1118,Prepupae,0,1.016,4
149562_at,BECKSTPREPU04HR,Development,W1118,Prepupae,0,1.0392,4
149563_at,BECKSTPREPU04HR,Development,W1118,Prepupae,1,1.3457,4
149564_at,BECKSTPREPU04HR,Development,W1118,Prepupae,-1,0.7145,4
149565_at,BECKSTPREPU04HR,Development,W1118,Prepupae,1,1.4184,4
149566_at,BECKSTPREPU04HR,Development,W1118,Prepupae,0,0.9066,4
149567_at,BECKSTPREPU04HR,Development,W1118,Prepupae,1,1.3885,4
149568_at,BECKSTPREPU04HR,Development,W1118,Prepupae,1,1.3779,4
149569_at,BECKSTPREPU04HR,Development,W1118,Prepupae,0,0.9774,4
149570_at,BECKSTPREPU04HR,Development,W1118,Prepupae,0,1.1752,4
149571_at,BECKSTPREPU04HR,Development,W1118,Prepupae,0,1.007,4
149572_at,BECKSTPREPU04HR,Development,W1118,Prepupae,1,1.6914,4
149573_at,BECKSTPREPU04HR,Development,W1118,Prepupae,-1,0.7984,4
149574_at,BECKSTPREPU04HR,Development,W1118,Prepupae,0,0.9795,4
149575_at,BECKSTPREPU04HR,Development,W1118,Prepupae,0,1.0461,4
149576_at,BECKSTPREPU04HR,Development,W1118,Prepupae,-1,0.5844,4
149577_at,BECKSTPREPU04HR,Development,W1118,Prepupae,1,1.2137,4
149578_at,BECKSTPREPU04HR,Development,W1118,Prepupae,0,0.917,4
149579_at,BECKSTPREPU04HR,Development,W1118,Prepupae,0,0.9518,4
149580_at,BECKSTPREPU04HR,Development,W1118,Prepupae,0,0.8505,4
149581_at,BECKSTPREPU04HR,Development,W1118,Prepupae,0,0.9566,4
149582_at,BECKSTPREPU04HR,Development,W1118,Prepupae,-1,0.6263,4
149583_at,BECKSTPREPU04HR,Development,W1118,Prepupae,0,1.0178,4
149584_at,BECKSTPREPU04HR,Development,W1118,Prepupae,-1,0.7789,4
149585_at,BECKSTPREPU04HR,Development,W1118,Prepupae,1,1.2345,4
149586_at,BECKSTPREPU04HR,Development,W1118,Prepupae,0,0.9003,4
149587_at,BECKSTPREPU04HR,Development,W1118,Prepupae,0,1.0618,4
149588_at,BECKSTPREPU04HR,Development,W1118,Prepupae,0,0.975,4
149589_at,BECKSTPREPU04HR,Development,W1118,Prepupae,-1,0.6564,4
149590_at,BECKSTPREPU04HR,Development,W1118,Prepupae,0,0.8303,4
149591_at,BECKSTPREPU04HR,Development,W1118,Prepupae,-1,0.6848,4
149592_at,BECKSTPREPU04HR,Development,W1118,Prepupae,0,1.1188,4
149593_at,BECKSTPREPU04HR,Development,W1118,Prepupae,1,1.8597,4
149594_at,BECKSTPREPU04HR,Development,W1118,Prepupae,1,1.3355,4
149595_at,BECKSTPREPU04HR,Development,W1118,Prepupae,0,1.1815,4
149596_at,BECKSTPREPU04HR,Development,W1118,Prepupae,0,1.0883,4
149597_at,BECKSTPREPU04HR,Development,W1118,Prepupae,1,1.3259,4
149598_at,BECKSTPREPU04HR,Development,W1118,Prepupae,0,0.8748,4
149599_at,BECKSTPREPU04HR,Development,W1118,Prepupae,0,0.975,4
149600_at,BECKSTPREPU04HR,Development,W1118,Prepupae,1,1.3603,4
149601_at,BECKSTPREPU04HR,Development,W1118,Prepupae,0,0.8564,4
149602_at,BECKSTPREPU04HR,Development,W1118,Prepupae,1,1.4145,4
149603_at,BECKSTPREPU04HR,Development,W1118,Prepupae,1,2.1199,4
149604_at,BECKSTPREPU04HR,Development,W1118,Prepupae,0,1.1982,4
149605_at,BECKSTPREPU04HR,Development,W1118,Prepupae,0,0.8316,4
149606_at,BECKSTPREPU04HR,Development,W1118,Prepupae,1,1.461,4
149607_at,BECKSTPREPU04HR,Development,W1118,Prepupae,1,1.2308,4
149608_at,BECKSTPREPU04HR,Development,W1118,Prepupae,0,0.9785,4
149609_at,BECKSTPREPU04HR,Development,W1118,Prepupae,0,1.118,4
149610_at,BECKSTPREPU04HR,Development,W1118,Prepupae,1,1.5744,4
149611_at,BECKSTPREPU04HR,Development,W1118,Prepupae,1,2.2171,4
149612_at,BECKSTPREPU04HR,Development,W1118,Prepupae,1,1.7351,4
149613_at,BECKSTPREPU04HR,Development,W1118,Prepupae,1,1.4061,4
149614_at,BECKSTPREPU04HR,Development,W1118,Prepupae,1,3.5012,4
149615_at,BECKSTPREPU04HR,Development,W1118,Prepupae,-1,0.4136,4
149616_at,BECKSTPREPU04HR,Development,W1118,Prepupae,1,2.2347,4
149617_at,BECKSTPREPU04HR,Development,W1118,Prepupae,-1,0.7564,4
149618_at,BECKSTPREPU04HR,Development,W1118,Prepupae,1,1.2032,4
149619_at,BECKSTPREPU04HR,Development,W1118,Prepupae,1,1.5024,4
149620_at,BECKSTPREPU04HR,Development,W1118,Prepupae,0,0.9345,4
149621_at,BECKSTPREPU04HR,Development,W1118,Prepupae,0,1.0681,4
149622_at,BECKSTPREPU04HR,Development,W1118,Prepupae,1,1.322,4
149623_at,BECKSTPREPU04HR,Development,W1118,Prepupae,0,1.0305,4
149624_at,BECKSTPREPU04HR,Development,W1118,Prepupae,-1,0.5109,4
149625_at,BECKSTPREPU04HR,Development,W1118,Prepupae,1,1.7034,4
149626_at,BECKSTPREPU04HR,Development,W1118,Prepupae,0,1.098,4
149627_at,BECKSTPREPU04HR,Development,W1118,Prepupae,0,1.0449,4
149628_at,BECKSTPREPU04HR,Development,W1118,Prepupae,0,1.0233,4
149629_at,BECKSTPREPU04HR,Development,W1118,Prepupae,1,1.5086,4
149630_at,BECKSTPREPU04HR,Development,W1118,Prepupae,0,1.0364,4
149631_at,BECKSTPREPU04HR,Development,W1118,Prepupae,0,1.1707,4
149632_at,BECKSTPREPU04HR,Development,W1118,Prepupae,0,1.0328,4
149633_at,BECKSTPREPU04HR,Development,W1118,Prepupae,-1,0.5148,4
149634_at,BECKSTPREPU04HR,Development,W1118,Prepupae,1,1.264,4
149635_at,BECKSTPREPU04HR,Development,W1118,Prepupae,0,1.0109,4
149636_at,BECKSTPREPU04HR,Development,W1118,Prepupae,0,1.1872,4
149637_at,BECKSTPREPU04HR,Development,W1118,Prepupae,1,1.6618,4
149638_at,BECKSTPREPU04HR,Development,W1118,Prepupae,0,1.0394,4
149639_at,BECKSTPREPU04HR,Development,W1118,Prepupae,0,0.9177,4
149640_at,BECKSTPREPU04HR,Development,W1118,Prepupae,0,0.833,4
149641_at,BECKSTPREPU04HR,Development,W1118,Prepupae,0,1.0675,4
149642_at,BECKSTPREPU04HR,Development,W1118,Prepupae,0,1.1218,4
149643_at,BECKSTPREPU04HR,Development,W1118,Prepupae,1,1.5512,4
149644_at,BECKSTPREPU04HR,Development,W1118,Prepupae,0,1.0781,4
149645_at,BECKSTPREPU04HR,Development,W1118,Prepupae,-1,0.306,4
149646_at,BECKSTPREPU04HR,Development,W1118,Prepupae,0,0.9079,4
149647_at,BECKSTPREPU04HR,Development,W1118,Prepupae,1,1.4215,4
149648_at,BECKSTPREPU04HR,Development,W1118,Prepupae,0,1.1027,4
149649_at,BECKSTPREPU04HR,Development,W1118,Prepupae,1,2.1137,4
149650_at,BECKSTPREPU04HR,Development,W1118,Prepupae,0,0.8961,4
149651_at,BECKSTPREPU04HR,Development,W1118,Prepupae,0,0.923,4
149652_at,BECKSTPREPU04HR,Development,W1118,Prepupae,-1,0.6337,4
149653_at,BECKSTPREPU04HR,Development,W1118,Prepupae,0,0.9771,4
149654_at,BECKSTPREPU04HR,Development,W1118,Prepupae,1,1.2178,4
149655_at,BECKSTPREPU04HR,Development,W1118,Prepupae,0,1.0026,4
149656_at,BECKSTPREPU04HR,Development,W1118,Prepupae,0,0.8643,4
149657_at,BECKSTPREPU04HR,Development,W1118,Prepupae,-1,0.7667,4
149658_at,BECKSTPREPU04HR,Development,W1118,Prepupae,0,1.1987,4
149659_at,BECKSTPREPU04HR,Development,W1118,Prepupae,1,1.2113,4
149660_at,BECKSTPREPU04HR,Development,W1118,Prepupae,1,1.614,4
149661_at,BECKSTPREPU04HR,Development,W1118,Prepupae,1,1.3357,4
149662_at,BECKSTPREPU04HR,Development,W1118,Prepupae,0,1.0187,4
149663_at,BECKSTPREPU04HR,Development,W1118,Prepupae,1,1.3179,4
149664_at,BECKSTPREPU04HR,Development,W1118,Prepupae,0,1.1764,4
149665_at,BECKSTPREPU04HR,Development,W1118,Prepupae,0,0.8438,4
149666_at,BECKSTPREPU04HR,Development,W1118,Prepupae,1,2.3667,4
149667_at,BECKSTPREPU04HR,Development,W1118,Prepupae,0,1.1452,4
149668_at,BECKSTPREPU04HR,Development,W1118,Prepupae,1,1.3881,4
149669_at,BECKSTPREPU04HR,Development,W1118,Prepupae,1,1.841,4
149670_at,BECKSTPREPU04HR,Development,W1118,Prepupae,1,1.5216,4
149671_at,BECKSTPREPU04HR,Development,W1118,Prepupae,1,2.1443,4
149672_at,BECKSTPREPU04HR,Development,W1118,Prepupae,-1,0.7301,4
149673_at,BECKSTPREPU04HR,Development,W1118,Prepupae,0,1.0281,4
149674_at,BECKSTPREPU04HR,Development,W1118,Prepupae,0,1.0159,4
149675_at,BECKSTPREPU04HR,Development,W1118,Prepupae,-1,0.5613,4
149676_at,BECKSTPREPU04HR,Development,W1118,Prepupae,0,0.9488,4
149677_s_at,BECKSTPREPU04HR,Development,W1118,Prepupae,1,1.4529,4
149678_at,BECKSTPREPU04HR,Development,W1118,Prepupae,0,0.9791,4
149679_at,BECKSTPREPU04HR,Development,W1118,Prepupae,0,0.8994,4
149680_at,BECKSTPREPU04HR,Development,W1118,Prepupae,0,1.1231,4
149681_at,BECKSTPREPU04HR,Development,W1118,Prepupae,0,0.8504,4
149682_at,BECKSTPREPU04HR,Development,W1118,Prepupae,0,0.9949,4
149683_at,BECKSTPREPU04HR,Development,W1118,Prepupae,-1,0.7528,4
149684_at,BECKSTPREPU04HR,Development,W1118,Prepupae,0,1.0204,4
149685_at,BECKSTPREPU04HR,Development,W1118,Prepupae,0,1.0435,4
149686_at,BECKSTPREPU04HR,Development,W1118,Prepupae,0,1.0528,4
149687_at,BECKSTPREPU04HR,Development,W1118,Prepupae,0,1.0763,4
149688_at,BECKSTPREPU04HR,Development,W1118,Prepupae,0,1.0093,4
149689_at,BECKSTPREPU04HR,Development,W1118,Prepupae,0,1.0401,4
149690_at,BECKSTPREPU04HR,Development,W1118,Prepupae,1,1.3456,4
149691_at,BECKSTPREPU04HR,Development,W1118,Prepupae,0,1.1601,4
149692_at,BECKSTPREPU04HR,Development,W1118,Prepupae,1,1.9878,4
149693_at,BECKSTPREPU04HR,Development,W1118,Prepupae,1,1.425,4
149694_at,BECKSTPREPU04HR,Development,W1118,Prepupae,0,1.0432,4
149695_at,BECKSTPREPU04HR,Development,W1118,Prepupae,1,1.5426,4
149696_at,BECKSTPREPU04HR,Development,W1118,Prepupae,0,1.1496,4
149697_at,BECKSTPREPU04HR,Development,W1118,Prepupae,0,1.041,4
149698_s_at,BECKSTPREPU04HR,Development,W1118,Prepupae,0,0.9339,4
149699_at,BECKSTPREPU04HR,Development,W1118,Prepupae,1,2.1708,4
149700_at,BECKSTPREPU04HR,Development,W1118,Prepupae,1,2.0335,4
149701_at,BECKSTPREPU04HR,Development,W1118,Prepupae,1,1.4767,4
149702_at,BECKSTPREPU04HR,Development,W1118,Prepupae,0,1.0478,4
149703_at,BECKSTPREPU04HR,Development,W1118,Prepupae,1,1.2543,4
149704_at,BECKSTPREPU04HR,Development,W1118,Prepupae,1,1.2854,4
149705_at,BECKSTPREPU04HR,Development,W1118,Prepupae,1,1.2389,4
149706_at,BECKSTPREPU04HR,Development,W1118,Prepupae,0,0.8438,4
149707_at,BECKSTPREPU04HR,Development,W1118,Prepupae,0,0.8879,4
149708_at,BECKSTPREPU04HR,Development,W1118,Prepupae,1,1.2684,4
149709_at,BECKSTPREPU04HR,Development,W1118,Prepupae,1,1.2623,4
149710_r_at,BECKSTPREPU04HR,Development,W1118,Prepupae,0,1.1064,4
149711_at,BECKSTPREPU04HR,Development,W1118,Prepupae,0,0.8377,4
149712_at,BECKSTPREPU04HR,Development,W1118,Prepupae,0,0.936,4
149713_at,BECKSTPREPU04HR,Development,W1118,Prepupae,0,0.8486,4
149714_at,BECKSTPREPU04HR,Development,W1118,Prepupae,1,1.7507,4
149715_at,BECKSTPREPU04HR,Development,W1118,Prepupae,-1,0.3107,4
149716_at,BECKSTPREPU04HR,Development,W1118,Prepupae,0,0.9207,4
149717_at,BECKSTPREPU04HR,Development,W1118,Prepupae,1,1.2328,4
149718_at,BECKSTPREPU04HR,Development,W1118,Prepupae,0,1.1665,4
149719_at,BECKSTPREPU04HR,Development,W1118,Prepupae,-1,0.7915,4
149720_at,BECKSTPREPU04HR,Development,W1118,Prepupae,0,1.1398,4
149721_at,BECKSTPREPU04HR,Development,W1118,Prepupae,-1,0.7439,4
149722_at,BECKSTPREPU04HR,Development,W1118,Prepupae,0,0.8683,4
149723_at,BECKSTPREPU04HR,Development,W1118,Prepupae,0,0.8147,4
149724_at,BECKSTPREPU04HR,Development,W1118,Prepupae,0,1.1655,4
149725_at,BECKSTPREPU04HR,Development,W1118,Prepupae,0,1.0628,4
149726_at,BECKSTPREPU04HR,Development,W1118,Prepupae,0,1.0747,4
149727_at,BECKSTPREPU04HR,Development,W1118,Prepupae,0,0.982,4
149728_at,BECKSTPREPU04HR,Development,W1118,Prepupae,0,0.9239,4
149729_at,BECKSTPREPU04HR,Development,W1118,Prepupae,1,1.3539,4
149730_at,BECKSTPREPU04HR,Development,W1118,Prepupae,1,1.2272,4
149731_at,BECKSTPREPU04HR,Development,W1118,Prepupae,0,1.032,4
149732_at,BECKSTPREPU04HR,Development,W1118,Prepupae,1,1.2538,4
149733_at,BECKSTPREPU04HR,Development,W1118,Prepupae,0,1.1038,4
149734_at,BECKSTPREPU04HR,Development,W1118,Prepupae,0,1.1932,4
149735_at,BECKSTPREPU04HR,Development,W1118,Prepupae,-1,0.7709,4
149736_at,BECKSTPREPU04HR,Development,W1118,Prepupae,1,1.695,4
149737_at,BECKSTPREPU04HR,Development,W1118,Prepupae,1,1.2299,4
149738_r_at,BECKSTPREPU04HR,Development,W1118,Prepupae,0,1.0101,4
149739_at,BECKSTPREPU04HR,Development,W1118,Prepupae,1,1.3071,4
149740_at,BECKSTPREPU04HR,Development,W1118,Prepupae,0,0.9728,4
149741_at,BECKSTPREPU04HR,Development,W1118,Prepupae,0,0.9549,4
149742_at,BECKSTPREPU04HR,Development,W1118,Prepupae,1,1.5364,4
149743_at,BECKSTPREPU04HR,Development,W1118,Prepupae,0,1.1309,4
149744_at,BECKSTPREPU04HR,Development,W1118,Prepupae,0,1.1995,4
149745_at,BECKSTPREPU04HR,Development,W1118,Prepupae,1,1.2525,4
149746_at,BECKSTPREPU04HR,Development,W1118,Prepupae,0,0.9047,4
149747_at,BECKSTPREPU04HR,Development,W1118,Prepupae,1,3.0986,4
149748_at,BECKSTPREPU04HR,Development,W1118,Prepupae,0,1.1457,4
149749_at,BECKSTPREPU04HR,Development,W1118,Prepupae,0,1.1854,4
149750_at,BECKSTPREPU04HR,Development,W1118,Prepupae,1,1.6071,4
149751_s_at,BECKSTPREPU04HR,Development,W1118,Prepupae,0,0.8407,4
149752_at,BECKSTPREPU04HR,Development,W1118,Prepupae,0,0.8873,4
149753_at,BECKSTPREPU04HR,Development,W1118,Prepupae,0,0.9994,4
149754_at,BECKSTPREPU04HR,Development,W1118,Prepupae,-1,0.7241,4
149755_at,BECKSTPREPU04HR,Development,W1118,Prepupae,0,0.9669,4
149756_at,BECKSTPREPU04HR,Development,W1118,Prepupae,0,0.9685,4
149757_at,BECKSTPREPU04HR,Development,W1118,Prepupae,0,0.8167,4
149758_at,BECKSTPREPU04HR,Development,W1118,Prepupae,0,1.0146,4
149759_at,BECKSTPREPU04HR,Development,W1118,Prepupae,1,1.4344,4
149760_at,BECKSTPREPU04HR,Development,W1118,Prepupae,1,2.6,4
149761_at,BECKSTPREPU04HR,Development,W1118,Prepupae,1,1.5689,4
149762_at,BECKSTPREPU04HR,Development,W1118,Prepupae,1,2.0515,4
149763_at,BECKSTPREPU04HR,Development,W1118,Prepupae,0,1.1865,4
149764_at,BECKSTPREPU04HR,Development,W1118,Prepupae,1,2.1341,4
149765_at,BECKSTPREPU04HR,Development,W1118,Prepupae,1,1.5545,4
149766_at,BECKSTPREPU04HR,Development,W1118,Prepupae,1,1.2542,4
149767_at,BECKSTPREPU04HR,Development,W1118,Prepupae,1,1.9748,4
149768_s_at,BECKSTPREPU04HR,Development,W1118,Prepupae,0,1.18,4
149769_at,BECKSTPREPU04HR,Development,W1118,Prepupae,-1,0.7066,4
149770_at,BECKSTPREPU04HR,Development,W1118,Prepupae,0,1.1556,4
149771_at,BECKSTPREPU04HR,Development,W1118,Prepupae,0,1.1605,4
149772_at,BECKSTPREPU04HR,Development,W1118,Prepupae,0,1.1028,4
149773_at,BECKSTPREPU04HR,Development,W1118,Prepupae,0,1.0087,4
149774_at,BECKSTPREPU04HR,Development,W1118,Prepupae,-1,0.7649,4
149775_at,BECKSTPREPU04HR,Development,W1118,Prepupae,1,1.545,4
149776_at,BECKSTPREPU04HR,Development,W1118,Prepupae,1,1.5821,4
149777_at,BECKSTPREPU04HR,Development,W1118,Prepupae,0,1.1109,4
149778_at,BECKSTPREPU04HR,Development,W1118,Prepupae,1,1.2073,4
149779_at,BECKSTPREPU04HR,Development,W1118,Prepupae,0,1.0527,4
149780_at,BECKSTPREPU04HR,Development,W1118,Prepupae,0,1.0624,4
149781_at,BECKSTPREPU04HR,Development,W1118,Prepupae,0,1.0239,4
149782_at,BECKSTPREPU04HR,Development,W1118,Prepupae,-1,0.5901,4
149783_at,BECKSTPREPU04HR,Development,W1118,Prepupae,1,1.6687,4
149784_at,BECKSTPREPU04HR,Development,W1118,Prepupae,1,1.4302,4
149785_at,BECKSTPREPU04HR,Development,W1118,Prepupae,1,1.2109,4
149786_at,BECKSTPREPU04HR,Development,W1118,Prepupae,1,1.7464,4
149787_at,BECKSTPREPU04HR,Development,W1118,Prepupae,1,1.3934,4
149788_at,BECKSTPREPU04HR,Development,W1118,Prepupae,1,1.5352,4
149789_at,BECKSTPREPU04HR,Development,W1118,Prepupae,1,1.3091,4
149790_at,BECKSTPREPU04HR,Development,W1118,Prepupae,1,1.4383,4
149791_at,BECKSTPREPU04HR,Development,W1118,Prepupae,0,0.9809,4
149792_at,BECKSTPREPU04HR,Development,W1118,Prepupae,0,0.9953,4
149793_at,BECKSTPREPU04HR,Development,W1118,Prepupae,0,1.1472,4
149794_at,BECKSTPREPU04HR,Development,W1118,Prepupae,1,1.2301,4
149795_at,BECKSTPREPU04HR,Development,W1118,Prepupae,0,1.032,4
149796_at,BECKSTPREPU04HR,Development,W1118,Prepupae,0,1.1187,4
149797_at,BECKSTPREPU04HR,Development,W1118,Prepupae,-1,0.7742,4
149798_at,BECKSTPREPU04HR,Development,W1118,Prepupae,1,2.0571,4
149799_at,BECKSTPREPU04HR,Development,W1118,Prepupae,0,0.8519,4
149800_at,BECKSTPREPU04HR,Development,W1118,Prepupae,1,1.2103,4
149801_at,BECKSTPREPU04HR,Development,W1118,Prepupae,0,1.1028,4
149802_at,BECKSTPREPU04HR,Development,W1118,Prepupae,0,0.9272,4
149803_at,BECKSTPREPU04HR,Development,W1118,Prepupae,0,1.0935,4
149804_at,BECKSTPREPU04HR,Development,W1118,Prepupae,1,1.2986,4
149805_at,BECKSTPREPU04HR,Development,W1118,Prepupae,0,1.0105,4
149806_at,BECKSTPREPU04HR,Development,W1118,Prepupae,1,1.2711,4
149807_at,BECKSTPREPU04HR,Development,W1118,Prepupae,1,1.2764,4
149808_at,BECKSTPREPU04HR,Development,W1118,Prepupae,1,1.6896,4
149809_at,BECKSTPREPU04HR,Development,W1118,Prepupae,1,1.9057,4
149810_at,BECKSTPREPU04HR,Development,W1118,Prepupae,0,0.947,4
149811_at,BECKSTPREPU04HR,Development,W1118,Prepupae,0,1.0606,4
149812_at,BECKSTPREPU04HR,Development,W1118,Prepupae,0,1.1634,4
149813_at,BECKSTPREPU04HR,Development,W1118,Prepupae,0,0.8957,4
149814_at,BECKSTPREPU04HR,Development,W1118,Prepupae,0,0.9201,4
149815_at,BECKSTPREPU04HR,Development,W1118,Prepupae,0,1.0785,4
149816_at,BECKSTPREPU04HR,Development,W1118,Prepupae,0,0.9819,4
149817_at,BECKSTPREPU04HR,Development,W1118,Prepupae,0,1.1524,4
149818_at,BECKSTPREPU04HR,Development,W1118,Prepupae,1,1.3105,4
149819_at,BECKSTPREPU04HR,Development,W1118,Prepupae,1,1.9727,4
149820_at,BECKSTPREPU04HR,Development,W1118,Prepupae,0,0.9909,4
149821_at,BECKSTPREPU04HR,Development,W1118,Prepupae,0,1.0638,4
149822_at,BECKSTPREPU04HR,Development,W1118,Prepupae,1,1.5934,4
149823_at,BECKSTPREPU04HR,Development,W1118,Prepupae,0,1.1727,4
149824_at,BECKSTPREPU04HR,Development,W1118,Prepupae,0,1.0663,4
149825_at,BECKSTPREPU04HR,Development,W1118,Prepupae,1,1.3256,4
149826_at,BECKSTPREPU04HR,Development,W1118,Prepupae,0,0.9109,4
149827_at,BECKSTPREPU04HR,Development,W1118,Prepupae,0,0.9582,4
149828_at,BECKSTPREPU04HR,Development,W1118,Prepupae,1,1.2692,4
149829_at,BECKSTPREPU04HR,Development,W1118,Prepupae,1,1.2235,4
149830_at,BECKSTPREPU04HR,Development,W1118,Prepupae,0,0.9235,4
149831_at,BECKSTPREPU04HR,Development,W1118,Prepupae,0,1.0858,4
149832_at,BECKSTPREPU04HR,Development,W1118,Prepupae,1,1.8975,4
149833_at,BECKSTPREPU04HR,Development,W1118,Prepupae,0,1.047,4
149834_at,BECKSTPREPU04HR,Development,W1118,Prepupae,0,1.147,4
149835_at,BECKSTPREPU04HR,Development,W1118,Prepupae,1,1.9351,4
149836_at,BECKSTPREPU04HR,Development,W1118,Prepupae,1,2.8975,4
149837_at,BECKSTPREPU04HR,Development,W1118,Prepupae,0,1.1987,4
149838_at,BECKSTPREPU04HR,Development,W1118,Prepupae,-1,0.7263,4
149839_f_at,BECKSTPREPU04HR,Development,W1118,Prepupae,0,1.0221,4
149840_at,BECKSTPREPU04HR,Development,W1118,Prepupae,1,1.3274,4
149841_at,BECKSTPREPU04HR,Development,W1118,Prepupae,1,1.2444,4
149842_at,BECKSTPREPU04HR,Development,W1118,Prepupae,1,3.1539,4
149843_at,BECKSTPREPU04HR,Development,W1118,Prepupae,0,0.9717,4
149844_f_at,BECKSTPREPU04HR,Development,W1118,Prepupae,0,0.9675,4
149845_at,BECKSTPREPU04HR,Development,W1118,Prepupae,1,1.2742,4
149846_at,BECKSTPREPU04HR,Development,W1118,Prepupae,1,1.3064,4
149847_at,BECKSTPREPU04HR,Development,W1118,Prepupae,1,1.3343,4
149848_at,BECKSTPREPU04HR,Development,W1118,Prepupae,0,1.0266,4
149849_at,BECKSTPREPU04HR,Development,W1118,Prepupae,1,1.3032,4
149850_at,BECKSTPREPU04HR,Development,W1118,Prepupae,0,1.0828,4
149851_at,BECKSTPREPU04HR,Development,W1118,Prepupae,1,1.2783,4
149852_at,BECKSTPREPU04HR,Development,W1118,Prepupae,1,1.5902,4
149853_at,BECKSTPREPU04HR,Development,W1118,Prepupae,-1,0.6568,4
149854_at,BECKSTPREPU04HR,Development,W1118,Prepupae,0,0.9587,4
149855_at,BECKSTPREPU04HR,Development,W1118,Prepupae,0,1.1742,4
149856_at,BECKSTPREPU04HR,Development,W1118,Prepupae,1,1.8473,4
149857_at,BECKSTPREPU04HR,Development,W1118,Prepupae,1,1.2432,4
149858_at,BECKSTPREPU04HR,Development,W1118,Prepupae,0,1.1634,4
149859_at,BECKSTPREPU04HR,Development,W1118,Prepupae,1,1.5588,4
149860_at,BECKSTPREPU04HR,Development,W1118,Prepupae,1,1.3741,4
149861_at,BECKSTPREPU04HR,Development,W1118,Prepupae,1,1.3709,4
149862_at,BECKSTPREPU04HR,Development,W1118,Prepupae,1,1.4411,4
149863_at,BECKSTPREPU04HR,Development,W1118,Prepupae,0,1.1727,4
149864_at,BECKSTPREPU04HR,Development,W1118,Prepupae,1,1.261,4
149865_at,BECKSTPREPU04HR,Development,W1118,Prepupae,1,1.5101,4
149866_at,BECKSTPREPU04HR,Development,W1118,Prepupae,-1,0.703,4
149867_at,BECKSTPREPU04HR,Development,W1118,Prepupae,0,1.1262,4
149868_at,BECKSTPREPU04HR,Development,W1118,Prepupae,-1,0.7746,4
149869_at,BECKSTPREPU04HR,Development,W1118,Prepupae,-1,0.6042,4
149870_at,BECKSTPREPU04HR,Development,W1118,Prepupae,0,0.9465,4
149871_at,BECKSTPREPU04HR,Development,W1118,Prepupae,-1,0.2826,4
149872_at,BECKSTPREPU04HR,Development,W1118,Prepupae,0,1.0511,4
149873_at,BECKSTPREPU04HR,Development,W1118,Prepupae,0,0.8231,4
149874_at,BECKSTPREPU04HR,Development,W1118,Prepupae,0,0.9943,4
149875_at,BECKSTPREPU04HR,Development,W1118,Prepupae,0,1.1192,4
149876_at,BECKSTPREPU04HR,Development,W1118,Prepupae,1,1.2707,4
149877_at,BECKSTPREPU04HR,Development,W1118,Prepupae,1,4.4855,4
149878_at,BECKSTPREPU04HR,Development,W1118,Prepupae,0,1.1374,4
149879_at,BECKSTPREPU04HR,Development,W1118,Prepupae,-1,0.5595,4
149880_at,BECKSTPREPU04HR,Development,W1118,Prepupae,1,1.404,4
149881_at,BECKSTPREPU04HR,Development,W1118,Prepupae,0,1.1823,4
149882_at,BECKSTPREPU04HR,Development,W1118,Prepupae,1,1.3113,4
149883_at,BECKSTPREPU04HR,Development,W1118,Prepupae,0,0.9353,4
149884_at,BECKSTPREPU04HR,Development,W1118,Prepupae,1,1.5617,4
149885_at,BECKSTPREPU04HR,Development,W1118,Prepupae,1,2.1883,4
149886_at,BECKSTPREPU04HR,Development,W1118,Prepupae,1,1.2809,4
149887_at,BECKSTPREPU04HR,Development,W1118,Prepupae,1,2.0353,4
149888_at,BECKSTPREPU04HR,Development,W1118,Prepupae,1,1.4187,4
149889_at,BECKSTPREPU04HR,Development,W1118,Prepupae,1,1.28,4
149890_at,BECKSTPREPU04HR,Development,W1118,Prepupae,0,0.924,4
149891_at,BECKSTPREPU04HR,Development,W1118,Prepupae,-1,0.7353,4
149892_at,BECKSTPREPU04HR,Development,W1118,Prepupae,1,1.352,4
149893_at,BECKSTPREPU04HR,Development,W1118,Prepupae,0,0.9864,4
149894_at,BECKSTPREPU04HR,Development,W1118,Prepupae,1,1.2469,4
149895_at,BECKSTPREPU04HR,Development,W1118,Prepupae,1,1.4767,4
149896_at,BECKSTPREPU04HR,Development,W1118,Prepupae,0,0.9818,4
149897_at,BECKSTPREPU04HR,Development,W1118,Prepupae,0,0.9537,4
149898_at,BECKSTPREPU04HR,Development,W1118,Prepupae,0,0.8746,4
149899_at,BECKSTPREPU04HR,Development,W1118,Prepupae,1,1.6797,4
149900_at,BECKSTPREPU04HR,Development,W1118,Prepupae,1,1.257,4
149901_at,BECKSTPREPU04HR,Development,W1118,Prepupae,1,1.7551,4
149902_at,BECKSTPREPU04HR,Development,W1118,Prepupae,1,3.8974,4
149903_at,BECKSTPREPU04HR,Development,W1118,Prepupae,1,1.2016,4
149904_at,BECKSTPREPU04HR,Development,W1118,Prepupae,1,2.1433,4
149905_at,BECKSTPREPU04HR,Development,W1118,Prepupae,1,5.5011,4
149906_i_at,BECKSTPREPU04HR,Development,W1118,Prepupae,-1,0.7165,4
149907_r_at,BECKSTPREPU04HR,Development,W1118,Prepupae,-1,0.7986,4
149908_at,BECKSTPREPU04HR,Development,W1118,Prepupae,0,1.1741,4
149909_at,BECKSTPREPU04HR,Development,W1118,Prepupae,1,1.85,4
149910_at,BECKSTPREPU04HR,Development,W1118,Prepupae,0,1.0858,4
149911_at,BECKSTPREPU04HR,Development,W1118,Prepupae,1,1.2111,4
149912_at,BECKSTPREPU04HR,Development,W1118,Prepupae,0,1.029,4
149913_at,BECKSTPREPU04HR,Development,W1118,Prepupae,1,1.2004,4
149914_at,BECKSTPREPU04HR,Development,W1118,Prepupae,0,1.1549,4
149915_at,BECKSTPREPU04HR,Development,W1118,Prepupae,0,0.9472,4
149916_at,BECKSTPREPU04HR,Development,W1118,Prepupae,1,1.3575,4
149917_at,BECKSTPREPU04HR,Development,W1118,Prepupae,1,1.2877,4
149918_at,BECKSTPREPU04HR,Development,W1118,Prepupae,0,1.0835,4
149919_at,BECKSTPREPU04HR,Development,W1118,Prepupae,0,1.0484,4
149920_at,BECKSTPREPU04HR,Development,W1118,Prepupae,1,1.318,4
149921_at,BECKSTPREPU04HR,Development,W1118,Prepupae,0,0.8604,4
149922_at,BECKSTPREPU04HR,Development,W1118,Prepupae,0,1.1773,4
149923_at,BECKSTPREPU04HR,Development,W1118,Prepupae,1,1.3185,4
149924_at,BECKSTPREPU04HR,Development,W1118,Prepupae,0,1.1501,4
149925_at,BECKSTPREPU04HR,Development,W1118,Prepupae,0,0.9731,4
149926_at,BECKSTPREPU04HR,Development,W1118,Prepupae,0,1.005,4
149927_at,BECKSTPREPU04HR,Development,W1118,Prepupae,0,1.1159,4
149928_at,BECKSTPREPU04HR,Development,W1118,Prepupae,0,0.9761,4
149929_at,BECKSTPREPU04HR,Development,W1118,Prepupae,0,1.0554,4
149930_at,BECKSTPREPU04HR,Development,W1118,Prepupae,0,0.982,4
149931_at,BECKSTPREPU04HR,Development,W1118,Prepupae,1,1.776,4
149932_at,BECKSTPREPU04HR,Development,W1118,Prepupae,0,1.1456,4
149933_at,BECKSTPREPU04HR,Development,W1118,Prepupae,-1,0.616,4
149934_at,BECKSTPREPU04HR,Development,W1118,Prepupae,0,1.1963,4
149935_at,BECKSTPREPU04HR,Development,W1118,Prepupae,0,0.8844,4
149936_at,BECKSTPREPU04HR,Development,W1118,Prepupae,0,1.0265,4
149937_at,BECKSTPREPU04HR,Development,W1118,Prepupae,0,0.8854,4
149938_at,BECKSTPREPU04HR,Development,W1118,Prepupae,0,0.9906,4
149939_at,BECKSTPREPU04HR,Development,W1118,Prepupae,1,1.4619,4
149940_at,BECKSTPREPU04HR,Development,W1118,Prepupae,0,0.9591,4
149941_at,BECKSTPREPU04HR,Development,W1118,Prepupae,0,1.0429,4
149942_at,BECKSTPREPU04HR,Development,W1118,Prepupae,0,0.8514,4
149943_at,BECKSTPREPU04HR,Development,W1118,Prepupae,0,1.0328,4
149944_at,BECKSTPREPU04HR,Development,W1118,Prepupae,1,1.6262,4
149945_at,BECKSTPREPU04HR,Development,W1118,Prepupae,1,1.9447,4
149946_at,BECKSTPREPU04HR,Development,W1118,Prepupae,0,1.1927,4
149947_at,BECKSTPREPU04HR,Development,W1118,Prepupae,1,1.3485,4
149948_at,BECKSTPREPU04HR,Development,W1118,Prepupae,0,1.0084,4
149949_at,BECKSTPREPU04HR,Development,W1118,Prepupae,0,0.8216,4
149950_at,BECKSTPREPU04HR,Development,W1118,Prepupae,0,0.9596,4
149951_at,BECKSTPREPU04HR,Development,W1118,Prepupae,-1,0.789,4
149952_at,BECKSTPREPU04HR,Development,W1118,Prepupae,1,1.5152,4
149953_at,BECKSTPREPU04HR,Development,W1118,Prepupae,0,0.9222,4
149954_at,BECKSTPREPU04HR,Development,W1118,Prepupae,0,1.1479,4
149955_at,BECKSTPREPU04HR,Development,W1118,Prepupae,0,1.0367,4
149956_at,BECKSTPREPU04HR,Development,W1118,Prepupae,1,1.8346,4
149957_at,BECKSTPREPU04HR,Development,W1118,Prepupae,0,1.0053,4
149958_at,BECKSTPREPU04HR,Development,W1118,Prepupae,1,1.3104,4
149959_at,BECKSTPREPU04HR,Development,W1118,Prepupae,0,0.8917,4
149960_at,BECKSTPREPU04HR,Development,W1118,Prepupae,1,1.3036,4
149961_at,BECKSTPREPU04HR,Development,W1118,Prepupae,0,1.01,4
149962_at,BECKSTPREPU04HR,Development,W1118,Prepupae,0,1.0123,4
149963_at,BECKSTPREPU04HR,Development,W1118,Prepupae,0,1.1697,4
149964_at,BECKSTPREPU04HR,Development,W1118,Prepupae,-1,0.5538,4
149965_at,BECKSTPREPU04HR,Development,W1118,Prepupae,0,1.1079,4
149966_at,BECKSTPREPU04HR,Development,W1118,Prepupae,1,1.3531,4
149967_at,BECKSTPREPU04HR,Development,W1118,Prepupae,0,1.0299,4
149968_at,BECKSTPREPU04HR,Development,W1118,Prepupae,0,0.8905,4
149969_at,BECKSTPREPU04HR,Development,W1118,Prepupae,0,1.078,4
149970_at,BECKSTPREPU04HR,Development,W1118,Prepupae,0,1.0173,4
149971_at,BECKSTPREPU04HR,Development,W1118,Prepupae,1,1.2444,4
149972_at,BECKSTPREPU04HR,Development,W1118,Prepupae,0,0.8283,4
149973_at,BECKSTPREPU04HR,Development,W1118,Prepupae,1,1.2188,4
149974_at,BECKSTPREPU04HR,Development,W1118,Prepupae,-1,0.7444,4
149975_at,BECKSTPREPU04HR,Development,W1118,Prepupae,0,1.1313,4
149976_at,BECKSTPREPU04HR,Development,W1118,Prepupae,0,1.0096,4
149977_at,BECKSTPREPU04HR,Development,W1118,Prepupae,0,0.9925,4
149978_at,BECKSTPREPU04HR,Development,W1118,Prepupae,0,1.1639,4
149979_at,BECKSTPREPU04HR,Development,W1118,Prepupae,-1,0.5775,4
149980_at,BECKSTPREPU04HR,Development,W1118,Prepupae,1,1.7443,4
149981_at,BECKSTPREPU04HR,Development,W1118,Prepupae,0,1.0595,4
149982_at,BECKSTPREPU04HR,Development,W1118,Prepupae,0,0.8892,4
149983_at,BECKSTPREPU04HR,Development,W1118,Prepupae,0,1.1775,4
149984_at,BECKSTPREPU04HR,Development,W1118,Prepupae,1,2.3821,4
149985_at,BECKSTPREPU04HR,Development,W1118,Prepupae,1,2.2244,4
149986_at,BECKSTPREPU04HR,Development,W1118,Prepupae,0,1.1491,4
149987_at,BECKSTPREPU04HR,Development,W1118,Prepupae,1,1.2927,4
149988_at,BECKSTPREPU04HR,Development,W1118,Prepupae,1,1.5216,4
149989_at,BECKSTPREPU04HR,Development,W1118,Prepupae,0,1.0088,4
149990_at,BECKSTPREPU04HR,Development,W1118,Prepupae,0,1.1901,4
149991_at,BECKSTPREPU04HR,Development,W1118,Prepupae,0,1.0172,4
149992_at,BECKSTPREPU04HR,Development,W1118,Prepupae,1,1.2935,4
149993_at,BECKSTPREPU04HR,Development,W1118,Prepupae,1,1.4069,4
149994_at,BECKSTPREPU04HR,Development,W1118,Prepupae,1,1.8314,4
149995_at,BECKSTPREPU04HR,Development,W1118,Prepupae,0,1.149,4
149996_at,BECKSTPREPU04HR,Development,W1118,Prepupae,0,1.0113,4
149997_at,BECKSTPREPU04HR,Development,W1118,Prepupae,0,1.1652,4
149998_at,BECKSTPREPU04HR,Development,W1118,Prepupae,0,0.9853,4
149999_at,BECKSTPREPU04HR,Development,W1118,Prepupae,1,1.5049,4
150000_at,BECKSTPREPU04HR,Development,W1118,Prepupae,0,1.099,4
150001_at,BECKSTPREPU04HR,Development,W1118,Prepupae,0,1.0541,4
150002_at,BECKSTPREPU04HR,Development,W1118,Prepupae,0,0.9527,4
150003_at,BECKSTPREPU04HR,Development,W1118,Prepupae,-1,0.6979,4
150004_at,BECKSTPREPU04HR,Development,W1118,Prepupae,1,1.3054,4
150005_at,BECKSTPREPU04HR,Development,W1118,Prepupae,0,1.1462,4
150006_at,BECKSTPREPU04HR,Development,W1118,Prepupae,0,1.0234,4
150007_at,BECKSTPREPU04HR,Development,W1118,Prepupae,1,1.3563,4
150008_at,BECKSTPREPU04HR,Development,W1118,Prepupae,0,0.9989,4
150009_at,BECKSTPREPU04HR,Development,W1118,Prepupae,0,1.0999,4
150010_at,BECKSTPREPU04HR,Development,W1118,Prepupae,1,1.4359,4
150011_at,BECKSTPREPU04HR,Development,W1118,Prepupae,0,0.8378,4
150012_at,BECKSTPREPU04HR,Development,W1118,Prepupae,0,1.1098,4
150013_at,BECKSTPREPU04HR,Development,W1118,Prepupae,-1,0.7641,4
150014_at,BECKSTPREPU04HR,Development,W1118,Prepupae,1,1.3742,4
150015_at,BECKSTPREPU04HR,Development,W1118,Prepupae,0,1.198,4
150016_at,BECKSTPREPU04HR,Development,W1118,Prepupae,-1,0.7568,4
150017_at,BECKSTPREPU04HR,Development,W1118,Prepupae,1,1.7303,4
150018_at,BECKSTPREPU04HR,Development,W1118,Prepupae,-1,0.707,4
150019_at,BECKSTPREPU04HR,Development,W1118,Prepupae,0,1.0589,4
150020_at,BECKSTPREPU04HR,Development,W1118,Prepupae,0,1.0387,4
150021_at,BECKSTPREPU04HR,Development,W1118,Prepupae,0,1.0323,4
150022_at,BECKSTPREPU04HR,Development,W1118,Prepupae,1,1.4886,4
150023_at,BECKSTPREPU04HR,Development,W1118,Prepupae,0,0.86,4
150024_at,BECKSTPREPU04HR,Development,W1118,Prepupae,0,1.1216,4
150025_at,BECKSTPREPU04HR,Development,W1118,Prepupae,0,1.068,4
150026_at,BECKSTPREPU04HR,Development,W1118,Prepupae,-1,0.5925,4
150027_at,BECKSTPREPU04HR,Development,W1118,Prepupae,0,0.9684,4
150028_at,BECKSTPREPU04HR,Development,W1118,Prepupae,0,1.0968,4
150029_at,BECKSTPREPU04HR,Development,W1118,Prepupae,-1,0.7842,4
150030_at,BECKSTPREPU04HR,Development,W1118,Prepupae,0,1.0442,4
150031_at,BECKSTPREPU04HR,Development,W1118,Prepupae,0,0.9609,4
150032_at,BECKSTPREPU04HR,Development,W1118,Prepupae,1,1.6016,4
150033_at,BECKSTPREPU04HR,Development,W1118,Prepupae,1,1.2709,4
150034_at,BECKSTPREPU04HR,Development,W1118,Prepupae,0,0.9565,4
150035_at,BECKSTPREPU04HR,Development,W1118,Prepupae,-1,0.735,4
150036_at,BECKSTPREPU04HR,Development,W1118,Prepupae,0,1.1983,4
150037_at,BECKSTPREPU04HR,Development,W1118,Prepupae,0,0.8805,4
150038_at,BECKSTPREPU04HR,Development,W1118,Prepupae,0,0.8894,4
150039_s_at,BECKSTPREPU04HR,Development,W1118,Prepupae,-1,0.6451,4
150040_at,BECKSTPREPU04HR,Development,W1118,Prepupae,-1,0.6151,4
150041_at,BECKSTPREPU04HR,Development,W1118,Prepupae,0,1.0722,4
150042_at,BECKSTPREPU04HR,Development,W1118,Prepupae,1,1.3275,4
150043_at,BECKSTPREPU04HR,Development,W1118,Prepupae,1,1.2469,4
150044_at,BECKSTPREPU04HR,Development,W1118,Prepupae,0,0.8783,4
150045_at,BECKSTPREPU04HR,Development,W1118,Prepupae,0,0.9358,4
150046_at,BECKSTPREPU04HR,Development,W1118,Prepupae,0,0.9768,4
150047_at,BECKSTPREPU04HR,Development,W1118,Prepupae,0,1.0019,4
150048_at,BECKSTPREPU04HR,Development,W1118,Prepupae,0,0.893,4
150049_at,BECKSTPREPU04HR,Development,W1118,Prepupae,0,1.129,4
150050_at,BECKSTPREPU04HR,Development,W1118,Prepupae,1,1.5098,4
150051_at,BECKSTPREPU04HR,Development,W1118,Prepupae,1,1.3321,4
150052_at,BECKSTPREPU04HR,Development,W1118,Prepupae,0,1.134,4
150053_at,BECKSTPREPU04HR,Development,W1118,Prepupae,1,1.5239,4
150054_at,BECKSTPREPU04HR,Development,W1118,Prepupae,0,0.8124,4
150055_at,BECKSTPREPU04HR,Development,W1118,Prepupae,0,1.1511,4
150056_at,BECKSTPREPU04HR,Development,W1118,Prepupae,0,0.8739,4
150057_at,BECKSTPREPU04HR,Development,W1118,Prepupae,0,0.9013,4
150058_at,BECKSTPREPU04HR,Development,W1118,Prepupae,1,2.1427,4
150059_at,BECKSTPREPU04HR,Development,W1118,Prepupae,0,0.8593,4
150060_at,BECKSTPREPU04HR,Development,W1118,Prepupae,0,1.0949,4
150061_at,BECKSTPREPU04HR,Development,W1118,Prepupae,0,0.9509,4
150062_at,BECKSTPREPU04HR,Development,W1118,Prepupae,0,1.0555,4
150063_at,BECKSTPREPU04HR,Development,W1118,Prepupae,1,1.2788,4
150064_at,BECKSTPREPU04HR,Development,W1118,Prepupae,1,1.3218,4
150065_at,BECKSTPREPU04HR,Development,W1118,Prepupae,0,1.1417,4
150066_at,BECKSTPREPU04HR,Development,W1118,Prepupae,0,1.0562,4
150067_at,BECKSTPREPU04HR,Development,W1118,Prepupae,0,1.1342,4
150068_at,BECKSTPREPU04HR,Development,W1118,Prepupae,0,0.8885,4
150069_at,BECKSTPREPU04HR,Development,W1118,Prepupae,-1,0.6082,4
150070_at,BECKSTPREPU04HR,Development,W1118,Prepupae,0,1.1803,4
150071_at,BECKSTPREPU04HR,Development,W1118,Prepupae,0,1.1149,4
150072_at,BECKSTPREPU04HR,Development,W1118,Prepupae,1,1.8884,4
150073_at,BECKSTPREPU04HR,Development,W1118,Prepupae,0,1.121,4
150074_at,BECKSTPREPU04HR,Development,W1118,Prepupae,1,3.6445,4
150075_at,BECKSTPREPU04HR,Development,W1118,Prepupae,1,1.3406,4
150076_at,BECKSTPREPU04HR,Development,W1118,Prepupae,0,1.0512,4
150077_at,BECKSTPREPU04HR,Development,W1118,Prepupae,1,1.3503,4
150078_at,BECKSTPREPU04HR,Development,W1118,Prepupae,1,1.3399,4
150079_at,BECKSTPREPU04HR,Development,W1118,Prepupae,0,1.1482,4
150080_at,BECKSTPREPU04HR,Development,W1118,Prepupae,0,0.9478,4
150081_at,BECKSTPREPU04HR,Development,W1118,Prepupae,0,1.12,4
150082_at,BECKSTPREPU04HR,Development,W1118,Prepupae,1,1.3766,4
150083_at,BECKSTPREPU04HR,Development,W1118,Prepupae,0,1.1369,4
150084_at,BECKSTPREPU04HR,Development,W1118,Prepupae,1,3.3644,4
150085_at,BECKSTPREPU04HR,Development,W1118,Prepupae,0,0.8681,4
150086_at,BECKSTPREPU04HR,Development,W1118,Prepupae,1,1.6549,4
150087_at,BECKSTPREPU04HR,Development,W1118,Prepupae,1,1.8336,4
150088_at,BECKSTPREPU04HR,Development,W1118,Prepupae,0,1.1918,4
150089_at,BECKSTPREPU04HR,Development,W1118,Prepupae,1,1.2242,4
150090_at,BECKSTPREPU04HR,Development,W1118,Prepupae,0,0.8738,4
150091_at,BECKSTPREPU04HR,Development,W1118,Prepupae,1,1.4232,4
150092_at,BECKSTPREPU04HR,Development,W1118,Prepupae,0,1.0736,4
150093_at,BECKSTPREPU04HR,Development,W1118,Prepupae,1,2.0723,4
150094_at,BECKSTPREPU04HR,Development,W1118,Prepupae,0,1.0664,4
150095_at,BECKSTPREPU04HR,Development,W1118,Prepupae,1,1.2014,4
150096_at,BECKSTPREPU04HR,Development,W1118,Prepupae,1,1.3056,4
150097_at,BECKSTPREPU04HR,Development,W1118,Prepupae,1,1.464,4
150098_at,BECKSTPREPU04HR,Development,W1118,Prepupae,1,1.58,4
150099_at,BECKSTPREPU04HR,Development,W1118,Prepupae,1,1.2555,4
150100_at,BECKSTPREPU04HR,Development,W1118,Prepupae,-1,0.7392,4
150101_at,BECKSTPREPU04HR,Development,W1118,Prepupae,0,0.9392,4
150102_at,BECKSTPREPU04HR,Development,W1118,Prepupae,0,1.1609,4
150103_at,BECKSTPREPU04HR,Development,W1118,Prepupae,0,0.8963,4
150104_at,BECKSTPREPU04HR,Development,W1118,Prepupae,0,1.0647,4
150105_at,BECKSTPREPU04HR,Development,W1118,Prepupae,0,1.0187,4
150106_at,BECKSTPREPU04HR,Development,W1118,Prepupae,1,1.2261,4
150107_at,BECKSTPREPU04HR,Development,W1118,Prepupae,1,1.2237,4
150108_at,BECKSTPREPU04HR,Development,W1118,Prepupae,1,1.233,4
150109_at,BECKSTPREPU04HR,Development,W1118,Prepupae,0,0.9322,4
150110_at,BECKSTPREPU04HR,Development,W1118,Prepupae,1,1.271,4
150111_at,BECKSTPREPU04HR,Development,W1118,Prepupae,-1,0.738,4
150112_at,BECKSTPREPU04HR,Development,W1118,Prepupae,0,1.117,4
150113_at,BECKSTPREPU04HR,Development,W1118,Prepupae,0,1.1114,4
150114_at,BECKSTPREPU04HR,Development,W1118,Prepupae,-1,0.7803,4
150115_at,BECKSTPREPU04HR,Development,W1118,Prepupae,0,1.0982,4
150116_at,BECKSTPREPU04HR,Development,W1118,Prepupae,0,0.9156,4
150117_at,BECKSTPREPU04HR,Development,W1118,Prepupae,0,0.8655,4
150118_at,BECKSTPREPU04HR,Development,W1118,Prepupae,-1,0.7876,4
150119_at,BECKSTPREPU04HR,Development,W1118,Prepupae,0,0.9459,4
150120_at,BECKSTPREPU04HR,Development,W1118,Prepupae,0,0.9336,4
150121_at,BECKSTPREPU04HR,Development,W1118,Prepupae,0,0.9592,4
150122_at,BECKSTPREPU04HR,Development,W1118,Prepupae,1,1.3899,4
150123_at,BECKSTPREPU04HR,Development,W1118,Prepupae,0,1.1678,4
150124_at,BECKSTPREPU04HR,Development,W1118,Prepupae,-1,0.7887,4
150125_at,BECKSTPREPU04HR,Development,W1118,Prepupae,0,1.0153,4
150126_at,BECKSTPREPU04HR,Development,W1118,Prepupae,0,0.9048,4
150127_at,BECKSTPREPU04HR,Development,W1118,Prepupae,1,1.594,4
150128_at,BECKSTPREPU04HR,Development,W1118,Prepupae,0,1.0818,4
150129_at,BECKSTPREPU04HR,Development,W1118,Prepupae,1,1.2057,4
150130_at,BECKSTPREPU04HR,Development,W1118,Prepupae,0,0.8577,4
150131_at,BECKSTPREPU04HR,Development,W1118,Prepupae,1,1.2772,4
150132_at,BECKSTPREPU04HR,Development,W1118,Prepupae,1,1.9642,4
150133_at,BECKSTPREPU04HR,Development,W1118,Prepupae,1,1.4292,4
150134_at,BECKSTPREPU04HR,Development,W1118,Prepupae,0,1.0362,4
150135_at,BECKSTPREPU04HR,Development,W1118,Prepupae,1,1.3408,4
150136_at,BECKSTPREPU04HR,Development,W1118,Prepupae,1,1.3091,4
150137_at,BECKSTPREPU04HR,Development,W1118,Prepupae,1,1.2449,4
150138_at,BECKSTPREPU04HR,Development,W1118,Prepupae,0,1.1585,4
150139_at,BECKSTPREPU04HR,Development,W1118,Prepupae,0,0.9998,4
150140_at,BECKSTPREPU04HR,Development,W1118,Prepupae,0,0.9506,4
150141_at,BECKSTPREPU04HR,Development,W1118,Prepupae,1,1.3333,4
150142_at,BECKSTPREPU04HR,Development,W1118,Prepupae,0,1.065,4
150143_at,BECKSTPREPU04HR,Development,W1118,Prepupae,0,1.1376,4
150144_at,BECKSTPREPU04HR,Development,W1118,Prepupae,0,1.1493,4
150145_at,BECKSTPREPU04HR,Development,W1118,Prepupae,1,1.3426,4
150146_at,BECKSTPREPU04HR,Development,W1118,Prepupae,1,1.2439,4
150147_at,BECKSTPREPU04HR,Development,W1118,Prepupae,0,0.815,4
150148_at,BECKSTPREPU04HR,Development,W1118,Prepupae,1,1.441,4
150149_at,BECKSTPREPU04HR,Development,W1118,Prepupae,0,1.0984,4
150150_at,BECKSTPREPU04HR,Development,W1118,Prepupae,0,1.1716,4
150151_at,BECKSTPREPU04HR,Development,W1118,Prepupae,0,1.0544,4
150152_at,BECKSTPREPU04HR,Development,W1118,Prepupae,1,1.3697,4
150153_at,BECKSTPREPU04HR,Development,W1118,Prepupae,1,1.4791,4
150154_at,BECKSTPREPU04HR,Development,W1118,Prepupae,0,1.0197,4
150155_at,BECKSTPREPU04HR,Development,W1118,Prepupae,0,0.853,4
150156_at,BECKSTPREPU04HR,Development,W1118,Prepupae,1,1.7926,4
150157_at,BECKSTPREPU04HR,Development,W1118,Prepupae,1,5.4563,4
150158_at,BECKSTPREPU04HR,Development,W1118,Prepupae,1,2.4709,4
150159_at,BECKSTPREPU04HR,Development,W1118,Prepupae,1,2.2434,4
150160_at,BECKSTPREPU04HR,Development,W1118,Prepupae,1,1.5943,4
150161_at,BECKSTPREPU04HR,Development,W1118,Prepupae,1,1.4754,4
150162_at,BECKSTPREPU04HR,Development,W1118,Prepupae,0,1.1553,4
150163_at,BECKSTPREPU04HR,Development,W1118,Prepupae,1,1.2899,4
150164_at,BECKSTPREPU04HR,Development,W1118,Prepupae,0,1.1133,4
150165_at,BECKSTPREPU04HR,Development,W1118,Prepupae,0,1.1656,4
150166_at,BECKSTPREPU04HR,Development,W1118,Prepupae,1,1.3587,4
150167_at,BECKSTPREPU04HR,Development,W1118,Prepupae,-1,0.7908,4
150168_at,BECKSTPREPU04HR,Development,W1118,Prepupae,0,1.0324,4
150169_at,BECKSTPREPU04HR,Development,W1118,Prepupae,0,0.9833,4
150170_at,BECKSTPREPU04HR,Development,W1118,Prepupae,1,1.2442,4
150171_at,BECKSTPREPU04HR,Development,W1118,Prepupae,0,0.8943,4
150172_at,BECKSTPREPU04HR,Development,W1118,Prepupae,0,0.9896,4
150173_at,BECKSTPREPU04HR,Development,W1118,Prepupae,-1,0.7303,4
150174_at,BECKSTPREPU04HR,Development,W1118,Prepupae,1,1.5625,4
150175_at,BECKSTPREPU04HR,Development,W1118,Prepupae,1,1.6062,4
150176_at,BECKSTPREPU04HR,Development,W1118,Prepupae,1,1.2207,4
150177_at,BECKSTPREPU04HR,Development,W1118,Prepupae,0,1.1246,4
150178_at,BECKSTPREPU04HR,Development,W1118,Prepupae,0,1.1605,4
150179_at,BECKSTPREPU04HR,Development,W1118,Prepupae,0,0.8791,4
150180_at,BECKSTPREPU04HR,Development,W1118,Prepupae,1,1.236,4
150181_at,BECKSTPREPU04HR,Development,W1118,Prepupae,1,1.315,4
150182_at,BECKSTPREPU04HR,Development,W1118,Prepupae,0,1.0875,4
150183_at,BECKSTPREPU04HR,Development,W1118,Prepupae,1,1.4573,4
150184_at,BECKSTPREPU04HR,Development,W1118,Prepupae,1,1.2536,4
150185_at,BECKSTPREPU04HR,Development,W1118,Prepupae,0,0.9437,4
150186_at,BECKSTPREPU04HR,Development,W1118,Prepupae,0,0.9531,4
150187_at,BECKSTPREPU04HR,Development,W1118,Prepupae,1,1.7406,4
150188_at,BECKSTPREPU04HR,Development,W1118,Prepupae,1,1.4292,4
150189_at,BECKSTPREPU04HR,Development,W1118,Prepupae,0,1.0315,4
150190_at,BECKSTPREPU04HR,Development,W1118,Prepupae,1,1.2522,4
150191_at,BECKSTPREPU04HR,Development,W1118,Prepupae,1,1.2988,4
150192_at,BECKSTPREPU04HR,Development,W1118,Prepupae,0,1.0499,4
150193_at,BECKSTPREPU04HR,Development,W1118,Prepupae,1,1.2744,4
150194_at,BECKSTPREPU04HR,Development,W1118,Prepupae,0,0.8364,4
150195_at,BECKSTPREPU04HR,Development,W1118,Prepupae,1,1.4101,4
150196_at,BECKSTPREPU04HR,Development,W1118,Prepupae,1,1.246,4
150197_at,BECKSTPREPU04HR,Development,W1118,Prepupae,0,1.1685,4
150198_at,BECKSTPREPU04HR,Development,W1118,Prepupae,0,1.0879,4
150199_at,BECKSTPREPU04HR,Development,W1118,Prepupae,0,1.115,4
150200_at,BECKSTPREPU04HR,Development,W1118,Prepupae,-1,0.763,4
150201_at,BECKSTPREPU04HR,Development,W1118,Prepupae,0,1.0203,4
150202_at,BECKSTPREPU04HR,Development,W1118,Prepupae,1,1.3364,4
150203_at,BECKSTPREPU04HR,Development,W1118,Prepupae,0,1.0374,4
150204_at,BECKSTPREPU04HR,Development,W1118,Prepupae,1,2.1596,4
150205_at,BECKSTPREPU04HR,Development,W1118,Prepupae,1,1.3613,4
150206_at,BECKSTPREPU04HR,Development,W1118,Prepupae,1,1.3139,4
150207_at,BECKSTPREPU04HR,Development,W1118,Prepupae,1,1.5873,4
150208_at,BECKSTPREPU04HR,Development,W1118,Prepupae,0,0.8605,4
150209_at,BECKSTPREPU04HR,Development,W1118,Prepupae,0,1.1157,4
150210_at,BECKSTPREPU04HR,Development,W1118,Prepupae,0,1.0028,4
150211_at,BECKSTPREPU04HR,Development,W1118,Prepupae,1,1.6808,4
150212_at,BECKSTPREPU04HR,Development,W1118,Prepupae,0,1.1254,4
150213_at,BECKSTPREPU04HR,Development,W1118,Prepupae,1,1.5909,4
150214_at,BECKSTPREPU04HR,Development,W1118,Prepupae,1,1.5651,4
150215_at,BECKSTPREPU04HR,Development,W1118,Prepupae,0,0.9675,4
150216_at,BECKSTPREPU04HR,Development,W1118,Prepupae,0,0.8854,4
150217_s_at,BECKSTPREPU04HR,Development,W1118,Prepupae,1,1.6401,4
150218_at,BECKSTPREPU04HR,Development,W1118,Prepupae,1,1.9443,4
150219_at,BECKSTPREPU04HR,Development,W1118,Prepupae,0,1.0896,4
150220_at,BECKSTPREPU04HR,Development,W1118,Prepupae,0,0.8572,4
150221_at,BECKSTPREPU04HR,Development,W1118,Prepupae,0,1.1239,4
150222_at,BECKSTPREPU04HR,Development,W1118,Prepupae,-1,0.7409,4
150223_at,BECKSTPREPU04HR,Development,W1118,Prepupae,0,0.9055,4
150224_at,BECKSTPREPU04HR,Development,W1118,Prepupae,0,1.0952,4
150225_at,BECKSTPREPU04HR,Development,W1118,Prepupae,0,0.9114,4
150226_at,BECKSTPREPU04HR,Development,W1118,Prepupae,0,1.1902,4
150227_at,BECKSTPREPU04HR,Development,W1118,Prepupae,0,1.1291,4
150228_at,BECKSTPREPU04HR,Development,W1118,Prepupae,0,0.8155,4
150229_at,BECKSTPREPU04HR,Development,W1118,Prepupae,0,0.9705,4
150230_at,BECKSTPREPU04HR,Development,W1118,Prepupae,1,1.6844,4
150231_at,BECKSTPREPU04HR,Development,W1118,Prepupae,0,1.1596,4
150232_at,BECKSTPREPU04HR,Development,W1118,Prepupae,0,0.8231,4
150233_at,BECKSTPREPU04HR,Development,W1118,Prepupae,0,0.9248,4
150234_at,BECKSTPREPU04HR,Development,W1118,Prepupae,1,1.4585,4
150235_at,BECKSTPREPU04HR,Development,W1118,Prepupae,1,1.2879,4
150236_at,BECKSTPREPU04HR,Development,W1118,Prepupae,0,1.0293,4
150237_at,BECKSTPREPU04HR,Development,W1118,Prepupae,1,1.9213,4
150238_at,BECKSTPREPU04HR,Development,W1118,Prepupae,0,0.9663,4
150239_at,BECKSTPREPU04HR,Development,W1118,Prepupae,0,1.0589,4
150240_at,BECKSTPREPU04HR,Development,W1118,Prepupae,0,0.992,4
150241_at,BECKSTPREPU04HR,Development,W1118,Prepupae,0,0.9106,4
150242_at,BECKSTPREPU04HR,Development,W1118,Prepupae,1,1.2065,4
150243_at,BECKSTPREPU04HR,Development,W1118,Prepupae,0,1.0858,4
150244_at,BECKSTPREPU04HR,Development,W1118,Prepupae,0,1.0854,4
150245_at,BECKSTPREPU04HR,Development,W1118,Prepupae,1,1.3202,4
150246_at,BECKSTPREPU04HR,Development,W1118,Prepupae,0,1.148,4
150247_at,BECKSTPREPU04HR,Development,W1118,Prepupae,0,0.9863,4
150248_at,BECKSTPREPU04HR,Development,W1118,Prepupae,0,0.9462,4
150249_at,BECKSTPREPU04HR,Development,W1118,Prepupae,0,1.0162,4
150250_at,BECKSTPREPU04HR,Development,W1118,Prepupae,0,1.111,4
150251_at,BECKSTPREPU04HR,Development,W1118,Prepupae,1,2.0739,4
150252_at,BECKSTPREPU04HR,Development,W1118,Prepupae,1,2.5196,4
150253_at,BECKSTPREPU04HR,Development,W1118,Prepupae,0,0.9748,4
150254_at,BECKSTPREPU04HR,Development,W1118,Prepupae,0,0.9956,4
150255_at,BECKSTPREPU04HR,Development,W1118,Prepupae,0,1.1129,4
150256_at,BECKSTPREPU04HR,Development,W1118,Prepupae,1,1.2836,4
150257_at,BECKSTPREPU04HR,Development,W1118,Prepupae,1,1.2938,4
150258_at,BECKSTPREPU04HR,Development,W1118,Prepupae,0,0.9764,4
150259_at,BECKSTPREPU04HR,Development,W1118,Prepupae,1,1.2264,4
150260_at,BECKSTPREPU04HR,Development,W1118,Prepupae,0,1.1426,4
150261_at,BECKSTPREPU04HR,Development,W1118,Prepupae,1,1.2803,4
150262_at,BECKSTPREPU04HR,Development,W1118,Prepupae,1,1.4768,4
150263_at,BECKSTPREPU04HR,Development,W1118,Prepupae,0,0.8028,4
150264_at,BECKSTPREPU04HR,Development,W1118,Prepupae,0,0.9571,4
150265_at,BECKSTPREPU04HR,Development,W1118,Prepupae,0,0.8325,4
150266_at,BECKSTPREPU04HR,Development,W1118,Prepupae,0,0.9723,4
150267_at,BECKSTPREPU04HR,Development,W1118,Prepupae,1,1.3641,4
150268_at,BECKSTPREPU04HR,Development,W1118,Prepupae,0,1.1827,4
150269_at,BECKSTPREPU04HR,Development,W1118,Prepupae,0,0.9155,4
150270_at,BECKSTPREPU04HR,Development,W1118,Prepupae,0,1.1398,4
150271_at,BECKSTPREPU04HR,Development,W1118,Prepupae,1,1.3108,4
150272_at,BECKSTPREPU04HR,Development,W1118,Prepupae,1,1.7862,4
150273_at,BECKSTPREPU04HR,Development,W1118,Prepupae,1,2.296,4
150274_at,BECKSTPREPU04HR,Development,W1118,Prepupae,1,1.6554,4
150275_at,BECKSTPREPU04HR,Development,W1118,Prepupae,1,1.8058,4
150276_at,BECKSTPREPU04HR,Development,W1118,Prepupae,0,0.9681,4
150277_at,BECKSTPREPU04HR,Development,W1118,Prepupae,0,1.1938,4
150278_at,BECKSTPREPU04HR,Development,W1118,Prepupae,0,0.8942,4
150279_at,BECKSTPREPU04HR,Development,W1118,Prepupae,1,1.3598,4
150280_at,BECKSTPREPU04HR,Development,W1118,Prepupae,1,1.3458,4
150281_at,BECKSTPREPU04HR,Development,W1118,Prepupae,0,0.977,4
150282_at,BECKSTPREPU04HR,Development,W1118,Prepupae,1,2.7613,4
150283_at,BECKSTPREPU04HR,Development,W1118,Prepupae,1,1.5413,4
150284_at,BECKSTPREPU04HR,Development,W1118,Prepupae,1,1.338,4
150285_at,BECKSTPREPU04HR,Development,W1118,Prepupae,0,0.9419,4
150286_at,BECKSTPREPU04HR,Development,W1118,Prepupae,1,1.3288,4
150287_at,BECKSTPREPU04HR,Development,W1118,Prepupae,0,0.967,4
150288_at,BECKSTPREPU04HR,Development,W1118,Prepupae,1,1.6219,4
150289_at,BECKSTPREPU04HR,Development,W1118,Prepupae,-1,0.3201,4
150290_at,BECKSTPREPU04HR,Development,W1118,Prepupae,1,1.4488,4
150291_at,BECKSTPREPU04HR,Development,W1118,Prepupae,1,1.5403,4
150292_at,BECKSTPREPU04HR,Development,W1118,Prepupae,0,1.0157,4
150293_at,BECKSTPREPU04HR,Development,W1118,Prepupae,0,1.162,4
150294_at,BECKSTPREPU04HR,Development,W1118,Prepupae,1,1.3527,4
150295_at,BECKSTPREPU04HR,Development,W1118,Prepupae,0,1.165,4
150296_at,BECKSTPREPU04HR,Development,W1118,Prepupae,0,0.9274,4
150297_at,BECKSTPREPU04HR,Development,W1118,Prepupae,0,1.027,4
150298_at,BECKSTPREPU04HR,Development,W1118,Prepupae,0,1.0221,4
150299_at,BECKSTPREPU04HR,Development,W1118,Prepupae,0,0.9687,4
150300_at,BECKSTPREPU04HR,Development,W1118,Prepupae,-1,0.6763,4
150301_at,BECKSTPREPU04HR,Development,W1118,Prepupae,1,1.2376,4
150302_at,BECKSTPREPU04HR,Development,W1118,Prepupae,1,1.4806,4
150303_at,BECKSTPREPU04HR,Development,W1118,Prepupae,0,0.9771,4
150304_at,BECKSTPREPU04HR,Development,W1118,Prepupae,0,0.9528,4
150305_at,BECKSTPREPU04HR,Development,W1118,Prepupae,1,1.3204,4
150306_at,BECKSTPREPU04HR,Development,W1118,Prepupae,1,1.2897,4
150307_at,BECKSTPREPU04HR,Development,W1118,Prepupae,0,1.0418,4
150308_at,BECKSTPREPU04HR,Development,W1118,Prepupae,-1,0.5851,4
150309_at,BECKSTPREPU04HR,Development,W1118,Prepupae,0,1.0145,4
150310_at,BECKSTPREPU04HR,Development,W1118,Prepupae,1,1.5421,4
150311_at,BECKSTPREPU04HR,Development,W1118,Prepupae,0,0.9383,4
150312_at,BECKSTPREPU04HR,Development,W1118,Prepupae,0,0.8395,4
150313_at,BECKSTPREPU04HR,Development,W1118,Prepupae,0,1.017,4
150314_at,BECKSTPREPU04HR,Development,W1118,Prepupae,0,1.0443,4
150315_at,BECKSTPREPU04HR,Development,W1118,Prepupae,0,0.9404,4
150316_at,BECKSTPREPU04HR,Development,W1118,Prepupae,0,1.1332,4
150317_at,BECKSTPREPU04HR,Development,W1118,Prepupae,0,1.0337,4
150318_at,BECKSTPREPU04HR,Development,W1118,Prepupae,0,0.9994,4
150319_at,BECKSTPREPU04HR,Development,W1118,Prepupae,1,1.7086,4
150320_at,BECKSTPREPU04HR,Development,W1118,Prepupae,-1,0.6949,4
150321_at,BECKSTPREPU04HR,Development,W1118,Prepupae,-1,0.6385,4
150322_at,BECKSTPREPU04HR,Development,W1118,Prepupae,-1,0.7138,4
150323_at,BECKSTPREPU04HR,Development,W1118,Prepupae,0,0.9404,4
150324_at,BECKSTPREPU04HR,Development,W1118,Prepupae,0,1.1004,4
150325_at,BECKSTPREPU04HR,Development,W1118,Prepupae,1,1.2725,4
150326_at,BECKSTPREPU04HR,Development,W1118,Prepupae,1,1.3102,4
150327_at,BECKSTPREPU04HR,Development,W1118,Prepupae,0,0.9389,4
150328_at,BECKSTPREPU04HR,Development,W1118,Prepupae,1,1.2475,4
150329_at,BECKSTPREPU04HR,Development,W1118,Prepupae,0,1.0787,4
150330_at,BECKSTPREPU04HR,Development,W1118,Prepupae,1,1.4028,4
150331_at,BECKSTPREPU04HR,Development,W1118,Prepupae,-1,0.6766,4
150332_at,BECKSTPREPU04HR,Development,W1118,Prepupae,0,0.8954,4
150333_at,BECKSTPREPU04HR,Development,W1118,Prepupae,1,1.487,4
150334_at,BECKSTPREPU04HR,Development,W1118,Prepupae,1,1.3041,4
150335_at,BECKSTPREPU04HR,Development,W1118,Prepupae,1,1.4043,4
150336_at,BECKSTPREPU04HR,Development,W1118,Prepupae,0,0.8163,4
150337_at,BECKSTPREPU04HR,Development,W1118,Prepupae,-1,0.5686,4
150338_at,BECKSTPREPU04HR,Development,W1118,Prepupae,1,1.3459,4
150339_at,BECKSTPREPU04HR,Development,W1118,Prepupae,1,1.4068,4
150340_at,BECKSTPREPU04HR,Development,W1118,Prepupae,0,1.0479,4
150341_at,BECKSTPREPU04HR,Development,W1118,Prepupae,-1,0.4752,4
150342_at,BECKSTPREPU04HR,Development,W1118,Prepupae,1,1.2491,4
150343_at,BECKSTPREPU04HR,Development,W1118,Prepupae,1,1.2119,4
150344_at,BECKSTPREPU04HR,Development,W1118,Prepupae,0,1.1283,4
150345_at,BECKSTPREPU04HR,Development,W1118,Prepupae,-1,0.7056,4
150346_at,BECKSTPREPU04HR,Development,W1118,Prepupae,0,0.9569,4
150347_at,BECKSTPREPU04HR,Development,W1118,Prepupae,0,0.9431,4
150348_at,BECKSTPREPU04HR,Development,W1118,Prepupae,0,1.1376,4
150349_at,BECKSTPREPU04HR,Development,W1118,Prepupae,0,1.1816,4
150350_at,BECKSTPREPU04HR,Development,W1118,Prepupae,1,2.836,4
150351_at,BECKSTPREPU04HR,Development,W1118,Prepupae,1,1.295,4
150352_at,BECKSTPREPU04HR,Development,W1118,Prepupae,1,4.175,4
150353_at,BECKSTPREPU04HR,Development,W1118,Prepupae,1,1.6189,4
150354_at,BECKSTPREPU04HR,Development,W1118,Prepupae,0,1.0301,4
150355_at,BECKSTPREPU04HR,Development,W1118,Prepupae,-1,0.6234,4
150356_at,BECKSTPREPU04HR,Development,W1118,Prepupae,0,0.8539,4
150357_at,BECKSTPREPU04HR,Development,W1118,Prepupae,1,1.4973,4
150358_at,BECKSTPREPU04HR,Development,W1118,Prepupae,0,1.1852,4
150359_at,BECKSTPREPU04HR,Development,W1118,Prepupae,0,1.0249,4
150360_at,BECKSTPREPU04HR,Development,W1118,Prepupae,1,1.9922,4
150361_at,BECKSTPREPU04HR,Development,W1118,Prepupae,1,1.805,4
150362_at,BECKSTPREPU04HR,Development,W1118,Prepupae,0,0.9771,4
150363_at,BECKSTPREPU04HR,Development,W1118,Prepupae,0,1.0326,4
150364_at,BECKSTPREPU04HR,Development,W1118,Prepupae,0,1.1865,4
150365_at,BECKSTPREPU04HR,Development,W1118,Prepupae,1,1.4817,4
150366_at,BECKSTPREPU04HR,Development,W1118,Prepupae,1,1.3479,4
150367_at,BECKSTPREPU04HR,Development,W1118,Prepupae,1,1.3935,4
150368_at,BECKSTPREPU04HR,Development,W1118,Prepupae,0,0.9791,4
150369_at,BECKSTPREPU04HR,Development,W1118,Prepupae,1,1.2643,4
150370_at,BECKSTPREPU04HR,Development,W1118,Prepupae,0,0.941,4
150371_at,BECKSTPREPU04HR,Development,W1118,Prepupae,1,1.5729,4
150372_at,BECKSTPREPU04HR,Development,W1118,Prepupae,0,0.8738,4
150373_at,BECKSTPREPU04HR,Development,W1118,Prepupae,0,1.0156,4
150374_at,BECKSTPREPU04HR,Development,W1118,Prepupae,1,1.3192,4
150375_at,BECKSTPREPU04HR,Development,W1118,Prepupae,0,1.0948,4
150376_at,BECKSTPREPU04HR,Development,W1118,Prepupae,1,1.335,4
150377_at,BECKSTPREPU04HR,Development,W1118,Prepupae,0,1.0273,4
150378_at,BECKSTPREPU04HR,Development,W1118,Prepupae,0,0.9035,4
150379_at,BECKSTPREPU04HR,Development,W1118,Prepupae,0,1.0719,4
150380_at,BECKSTPREPU04HR,Development,W1118,Prepupae,0,1.1795,4
150381_at,BECKSTPREPU04HR,Development,W1118,Prepupae,1,1.3411,4
150382_at,BECKSTPREPU04HR,Development,W1118,Prepupae,-1,0.7299,4
150383_at,BECKSTPREPU04HR,Development,W1118,Prepupae,0,0.9377,4
150384_at,BECKSTPREPU04HR,Development,W1118,Prepupae,0,0.9164,4
150385_at,BECKSTPREPU04HR,Development,W1118,Prepupae,0,1.0584,4
150386_at,BECKSTPREPU04HR,Development,W1118,Prepupae,0,0.9536,4
150387_at,BECKSTPREPU04HR,Development,W1118,Prepupae,0,0.9206,4
150388_at,BECKSTPREPU04HR,Development,W1118,Prepupae,0,0.9103,4
150389_at,BECKSTPREPU04HR,Development,W1118,Prepupae,0,0.8125,4
150390_at,BECKSTPREPU04HR,Development,W1118,Prepupae,0,1.15,4
150391_at,BECKSTPREPU04HR,Development,W1118,Prepupae,0,1.0779,4
150392_at,BECKSTPREPU04HR,Development,W1118,Prepupae,0,1.044,4
150393_at,BECKSTPREPU04HR,Development,W1118,Prepupae,1,1.5653,4
150394_at,BECKSTPREPU04HR,Development,W1118,Prepupae,-1,0.7187,4
150395_at,BECKSTPREPU04HR,Development,W1118,Prepupae,0,0.9231,4
150396_at,BECKSTPREPU04HR,Development,W1118,Prepupae,0,0.9503,4
150397_at,BECKSTPREPU04HR,Development,W1118,Prepupae,1,1.3355,4
150398_at,BECKSTPREPU04HR,Development,W1118,Prepupae,1,1.4016,4
150399_at,BECKSTPREPU04HR,Development,W1118,Prepupae,-1,0.7303,4
150400_at,BECKSTPREPU04HR,Development,W1118,Prepupae,0,1.0248,4
150401_at,BECKSTPREPU04HR,Development,W1118,Prepupae,1,1.7694,4
150402_at,BECKSTPREPU04HR,Development,W1118,Prepupae,0,1.023,4
150403_at,BECKSTPREPU04HR,Development,W1118,Prepupae,-1,0.6768,4
150404_at,BECKSTPREPU04HR,Development,W1118,Prepupae,0,0.8804,4
150405_at,BECKSTPREPU04HR,Development,W1118,Prepupae,0,1.0886,4
150406_at,BECKSTPREPU04HR,Development,W1118,Prepupae,1,1.3804,4
150407_at,BECKSTPREPU04HR,Development,W1118,Prepupae,0,1.0238,4
150408_at,BECKSTPREPU04HR,Development,W1118,Prepupae,0,1.063,4
150409_at,BECKSTPREPU04HR,Development,W1118,Prepupae,0,1.0256,4
150410_at,BECKSTPREPU04HR,Development,W1118,Prepupae,1,1.3037,4
150411_at,BECKSTPREPU04HR,Development,W1118,Prepupae,1,1.3363,4
150412_at,BECKSTPREPU04HR,Development,W1118,Prepupae,0,1.0321,4
150413_at,BECKSTPREPU04HR,Development,W1118,Prepupae,0,0.9894,4
150414_at,BECKSTPREPU04HR,Development,W1118,Prepupae,0,1.0621,4
150415_at,BECKSTPREPU04HR,Development,W1118,Prepupae,0,1.0205,4
150416_at,BECKSTPREPU04HR,Development,W1118,Prepupae,1,1.3921,4
150417_at,BECKSTPREPU04HR,Development,W1118,Prepupae,0,0.83,4
150418_at,BECKSTPREPU04HR,Development,W1118,Prepupae,0,0.9405,4
150419_at,BECKSTPREPU04HR,Development,W1118,Prepupae,0,1.0003,4
150420_at,BECKSTPREPU04HR,Development,W1118,Prepupae,1,2.2744,4
150421_at,BECKSTPREPU04HR,Development,W1118,Prepupae,0,1.0774,4
150422_at,BECKSTPREPU04HR,Development,W1118,Prepupae,0,0.8191,4
150423_at,BECKSTPREPU04HR,Development,W1118,Prepupae,0,1.1708,4
150424_at,BECKSTPREPU04HR,Development,W1118,Prepupae,0,1.0991,4
150425_at,BECKSTPREPU04HR,Development,W1118,Prepupae,1,1.5826,4
150426_at,BECKSTPREPU04HR,Development,W1118,Prepupae,0,0.9332,4
150427_at,BECKSTPREPU04HR,Development,W1118,Prepupae,-1,0.4278,4
150428_at,BECKSTPREPU04HR,Development,W1118,Prepupae,1,1.5895,4
150429_at,BECKSTPREPU04HR,Development,W1118,Prepupae,1,1.3552,4
150430_at,BECKSTPREPU04HR,Development,W1118,Prepupae,1,1.3872,4
150431_at,BECKSTPREPU04HR,Development,W1118,Prepupae,1,1.4034,4
150432_at,BECKSTPREPU04HR,Development,W1118,Prepupae,0,0.9111,4
150433_at,BECKSTPREPU04HR,Development,W1118,Prepupae,0,1.1384,4
150434_at,BECKSTPREPU04HR,Development,W1118,Prepupae,0,0.9252,4
150435_at,BECKSTPREPU04HR,Development,W1118,Prepupae,1,1.3633,4
150436_at,BECKSTPREPU04HR,Development,W1118,Prepupae,0,0.8272,4
150437_at,BECKSTPREPU04HR,Development,W1118,Prepupae,0,1.0652,4
150438_at,BECKSTPREPU04HR,Development,W1118,Prepupae,0,1.0793,4
150439_at,BECKSTPREPU04HR,Development,W1118,Prepupae,0,0.9043,4
150440_at,BECKSTPREPU04HR,Development,W1118,Prepupae,-1,0.7081,4
150441_at,BECKSTPREPU04HR,Development,W1118,Prepupae,1,1.5911,4
150442_at,BECKSTPREPU04HR,Development,W1118,Prepupae,0,1.0382,4
150443_at,BECKSTPREPU04HR,Development,W1118,Prepupae,1,1.6823,4
150444_at,BECKSTPREPU04HR,Development,W1118,Prepupae,1,1.2228,4
150445_at,BECKSTPREPU04HR,Development,W1118,Prepupae,1,1.2421,4
150446_at,BECKSTPREPU04HR,Development,W1118,Prepupae,1,2.4153,4
150447_at,BECKSTPREPU04HR,Development,W1118,Prepupae,0,1.0508,4
150448_at,BECKSTPREPU04HR,Development,W1118,Prepupae,0,0.9151,4
150449_at,BECKSTPREPU04HR,Development,W1118,Prepupae,-1,0.7551,4
150450_at,BECKSTPREPU04HR,Development,W1118,Prepupae,0,1.0716,4
150451_at,BECKSTPREPU04HR,Development,W1118,Prepupae,0,1.1518,4
150452_at,BECKSTPREPU04HR,Development,W1118,Prepupae,1,1.4236,4
150453_at,BECKSTPREPU04HR,Development,W1118,Prepupae,1,1.3195,4
150454_at,BECKSTPREPU04HR,Development,W1118,Prepupae,0,0.8285,4
150455_at,BECKSTPREPU04HR,Development,W1118,Prepupae,1,1.2319,4
150456_at,BECKSTPREPU04HR,Development,W1118,Prepupae,0,0.8283,4
150457_at,BECKSTPREPU04HR,Development,W1118,Prepupae,1,1.2713,4
150458_at,BECKSTPREPU04HR,Development,W1118,Prepupae,1,1.3647,4
150459_at,BECKSTPREPU04HR,Development,W1118,Prepupae,0,0.9458,4
150460_at,BECKSTPREPU04HR,Development,W1118,Prepupae,0,0.9782,4
150461_at,BECKSTPREPU04HR,Development,W1118,Prepupae,0,0.9548,4
150462_at,BECKSTPREPU04HR,Development,W1118,Prepupae,1,1.5936,4
150463_at,BECKSTPREPU04HR,Development,W1118,Prepupae,1,1.5176,4
150464_at,BECKSTPREPU04HR,Development,W1118,Prepupae,0,1.147,4
150465_at,BECKSTPREPU04HR,Development,W1118,Prepupae,0,1.0641,4
150466_at,BECKSTPREPU04HR,Development,W1118,Prepupae,-1,0.7978,4
150467_at,BECKSTPREPU04HR,Development,W1118,Prepupae,0,0.8971,4
150468_at,BECKSTPREPU04HR,Development,W1118,Prepupae,0,0.9758,4
150469_at,BECKSTPREPU04HR,Development,W1118,Prepupae,0,0.9246,4
150470_at,BECKSTPREPU04HR,Development,W1118,Prepupae,-1,0.7639,4
150471_at,BECKSTPREPU04HR,Development,W1118,Prepupae,1,1.2724,4
150472_at,BECKSTPREPU04HR,Development,W1118,Prepupae,0,0.9834,4
150473_at,BECKSTPREPU04HR,Development,W1118,Prepupae,0,0.9826,4
150474_at,BECKSTPREPU04HR,Development,W1118,Prepupae,-1,0.4134,4
150475_at,BECKSTPREPU04HR,Development,W1118,Prepupae,0,1.0479,4
150476_at,BECKSTPREPU04HR,Development,W1118,Prepupae,0,0.8538,4
150477_at,BECKSTPREPU04HR,Development,W1118,Prepupae,0,0.9933,4
150478_at,BECKSTPREPU04HR,Development,W1118,Prepupae,0,1.0254,4
150479_at,BECKSTPREPU04HR,Development,W1118,Prepupae,0,0.9662,4
150480_at,BECKSTPREPU04HR,Development,W1118,Prepupae,1,8.5996,4
150481_at,BECKSTPREPU04HR,Development,W1118,Prepupae,0,1.1433,4
150482_at,BECKSTPREPU04HR,Development,W1118,Prepupae,0,1.1126,4
150483_at,BECKSTPREPU04HR,Development,W1118,Prepupae,0,0.993,4
150484_at,BECKSTPREPU04HR,Development,W1118,Prepupae,0,1.0807,4
150485_at,BECKSTPREPU04HR,Development,W1118,Prepupae,0,1.122,4
150486_at,BECKSTPREPU04HR,Development,W1118,Prepupae,0,0.928,4
150487_at,BECKSTPREPU04HR,Development,W1118,Prepupae,0,1.1792,4
150488_at,BECKSTPREPU04HR,Development,W1118,Prepupae,-1,0.5527,4
150489_at,BECKSTPREPU04HR,Development,W1118,Prepupae,-1,0.2874,4
150490_at,BECKSTPREPU04HR,Development,W1118,Prepupae,0,0.9592,4
150491_at,BECKSTPREPU04HR,Development,W1118,Prepupae,-1,0.7636,4
150492_at,BECKSTPREPU04HR,Development,W1118,Prepupae,-1,0.7801,4
150493_at,BECKSTPREPU04HR,Development,W1118,Prepupae,1,1.5112,4
150494_at,BECKSTPREPU04HR,Development,W1118,Prepupae,0,1.0838,4
150495_at,BECKSTPREPU04HR,Development,W1118,Prepupae,0,1.0653,4
150496_at,BECKSTPREPU04HR,Development,W1118,Prepupae,0,0.9555,4
150497_at,BECKSTPREPU04HR,Development,W1118,Prepupae,1,1.4391,4
150498_at,BECKSTPREPU04HR,Development,W1118,Prepupae,1,1.4796,4
150499_at,BECKSTPREPU04HR,Development,W1118,Prepupae,1,1.2582,4
150500_at,BECKSTPREPU04HR,Development,W1118,Prepupae,0,0.9257,4
150501_at,BECKSTPREPU04HR,Development,W1118,Prepupae,0,1.0512,4
150502_at,BECKSTPREPU04HR,Development,W1118,Prepupae,0,1.1334,4
150503_at,BECKSTPREPU04HR,Development,W1118,Prepupae,0,1.1325,4
150504_at,BECKSTPREPU04HR,Development,W1118,Prepupae,1,1.2281,4
150505_at,BECKSTPREPU04HR,Development,W1118,Prepupae,0,1.1886,4
150506_at,BECKSTPREPU04HR,Development,W1118,Prepupae,1,1.6081,4
150507_at,BECKSTPREPU04HR,Development,W1118,Prepupae,1,1.4309,4
150508_at,BECKSTPREPU04HR,Development,W1118,Prepupae,0,0.927,4
150509_at,BECKSTPREPU04HR,Development,W1118,Prepupae,0,1.1,4
150510_at,BECKSTPREPU04HR,Development,W1118,Prepupae,0,1.0091,4
150511_at,BECKSTPREPU04HR,Development,W1118,Prepupae,0,0.9986,4
150512_at,BECKSTPREPU04HR,Development,W1118,Prepupae,0,0.8581,4
150513_at,BECKSTPREPU04HR,Development,W1118,Prepupae,1,1.506,4
150514_at,BECKSTPREPU04HR,Development,W1118,Prepupae,0,1.003,4
150515_at,BECKSTPREPU04HR,Development,W1118,Prepupae,0,0.8343,4
150516_at,BECKSTPREPU04HR,Development,W1118,Prepupae,0,0.8858,4
150517_at,BECKSTPREPU04HR,Development,W1118,Prepupae,1,1.5532,4
150518_at,BECKSTPREPU04HR,Development,W1118,Prepupae,0,1.1168,4
150519_at,BECKSTPREPU04HR,Development,W1118,Prepupae,0,1.1554,4
150520_at,BECKSTPREPU04HR,Development,W1118,Prepupae,0,0.8948,4
150521_at,BECKSTPREPU04HR,Development,W1118,Prepupae,0,1.0143,4
150522_at,BECKSTPREPU04HR,Development,W1118,Prepupae,1,1.3239,4
150523_at,BECKSTPREPU04HR,Development,W1118,Prepupae,1,1.2445,4
150524_at,BECKSTPREPU04HR,Development,W1118,Prepupae,0,0.9576,4
150525_at,BECKSTPREPU04HR,Development,W1118,Prepupae,1,1.4048,4
150526_at,BECKSTPREPU04HR,Development,W1118,Prepupae,1,1.5137,4
150527_at,BECKSTPREPU04HR,Development,W1118,Prepupae,0,0.8116,4
150528_at,BECKSTPREPU04HR,Development,W1118,Prepupae,0,0.969,4
150529_at,BECKSTPREPU04HR,Development,W1118,Prepupae,0,0.9128,4
150530_at,BECKSTPREPU04HR,Development,W1118,Prepupae,0,1.0692,4
150531_at,BECKSTPREPU04HR,Development,W1118,Prepupae,0,1.1394,4
150532_at,BECKSTPREPU04HR,Development,W1118,Prepupae,1,1.3911,4
150533_at,BECKSTPREPU04HR,Development,W1118,Prepupae,1,1.8278,4
150534_at,BECKSTPREPU04HR,Development,W1118,Prepupae,0,0.9035,4
150535_at,BECKSTPREPU04HR,Development,W1118,Prepupae,1,1.2925,4
150536_at,BECKSTPREPU04HR,Development,W1118,Prepupae,1,1.6242,4
150537_at,BECKSTPREPU04HR,Development,W1118,Prepupae,1,1.6444,4
150538_at,BECKSTPREPU04HR,Development,W1118,Prepupae,1,1.2195,4
150539_at,BECKSTPREPU04HR,Development,W1118,Prepupae,1,1.4457,4
150540_at,BECKSTPREPU04HR,Development,W1118,Prepupae,0,1.0078,4
150541_at,BECKSTPREPU04HR,Development,W1118,Prepupae,1,1.3586,4
150542_at,BECKSTPREPU04HR,Development,W1118,Prepupae,1,1.2329,4
150543_at,BECKSTPREPU04HR,Development,W1118,Prepupae,0,0.9884,4
150544_at,BECKSTPREPU04HR,Development,W1118,Prepupae,0,0.914,4
150545_at,BECKSTPREPU04HR,Development,W1118,Prepupae,-1,0.794,4
150546_at,BECKSTPREPU04HR,Development,W1118,Prepupae,-1,0.5161,4
150547_at,BECKSTPREPU04HR,Development,W1118,Prepupae,-1,0.6985,4
150548_at,BECKSTPREPU04HR,Development,W1118,Prepupae,0,1.1279,4
150549_at,BECKSTPREPU04HR,Development,W1118,Prepupae,-1,0.715,4
150550_at,BECKSTPREPU04HR,Development,W1118,Prepupae,0,1.0267,4
150551_at,BECKSTPREPU04HR,Development,W1118,Prepupae,0,1.1162,4
150552_at,BECKSTPREPU04HR,Development,W1118,Prepupae,0,0.9128,4
150553_at,BECKSTPREPU04HR,Development,W1118,Prepupae,0,0.9608,4
150554_at,BECKSTPREPU04HR,Development,W1118,Prepupae,0,1.0965,4
150555_at,BECKSTPREPU04HR,Development,W1118,Prepupae,1,1.2283,4
150556_at,BECKSTPREPU04HR,Development,W1118,Prepupae,0,0.8781,4
150557_at,BECKSTPREPU04HR,Development,W1118,Prepupae,1,1.3247,4
150558_at,BECKSTPREPU04HR,Development,W1118,Prepupae,1,1.3078,4
150559_at,BECKSTPREPU04HR,Development,W1118,Prepupae,1,1.2662,4
150560_at,BECKSTPREPU04HR,Development,W1118,Prepupae,-1,0.7455,4
150561_at,BECKSTPREPU04HR,Development,W1118,Prepupae,0,0.9982,4
150562_at,BECKSTPREPU04HR,Development,W1118,Prepupae,0,1.1509,4
150563_at,BECKSTPREPU04HR,Development,W1118,Prepupae,0,0.8373,4
150564_at,BECKSTPREPU04HR,Development,W1118,Prepupae,0,1.1987,4
150565_at,BECKSTPREPU04HR,Development,W1118,Prepupae,1,1.3976,4
150566_at,BECKSTPREPU04HR,Development,W1118,Prepupae,1,4.6134,4
150567_at,BECKSTPREPU04HR,Development,W1118,Prepupae,0,0.9874,4
150568_at,BECKSTPREPU04HR,Development,W1118,Prepupae,0,0.9695,4
150569_at,BECKSTPREPU04HR,Development,W1118,Prepupae,0,0.8441,4
150570_at,BECKSTPREPU04HR,Development,W1118,Prepupae,1,1.4464,4
150571_at,BECKSTPREPU04HR,Development,W1118,Prepupae,1,1.2856,4
150572_at,BECKSTPREPU04HR,Development,W1118,Prepupae,1,1.7172,4
150573_at,BECKSTPREPU04HR,Development,W1118,Prepupae,1,2.2435,4
150574_at,BECKSTPREPU04HR,Development,W1118,Prepupae,1,1.3786,4
150575_at,BECKSTPREPU04HR,Development,W1118,Prepupae,0,1.0154,4
150576_at,BECKSTPREPU04HR,Development,W1118,Prepupae,-1,0.6707,4
150577_at,BECKSTPREPU04HR,Development,W1118,Prepupae,1,2.2584,4
150578_at,BECKSTPREPU04HR,Development,W1118,Prepupae,1,3.0988,4
150579_at,BECKSTPREPU04HR,Development,W1118,Prepupae,1,1.8902,4
150580_at,BECKSTPREPU04HR,Development,W1118,Prepupae,0,1.1295,4
150581_at,BECKSTPREPU04HR,Development,W1118,Prepupae,0,0.9165,4
150582_at,BECKSTPREPU04HR,Development,W1118,Prepupae,1,1.2225,4
150583_at,BECKSTPREPU04HR,Development,W1118,Prepupae,0,0.9737,4
150584_at,BECKSTPREPU04HR,Development,W1118,Prepupae,1,1.4211,4
150585_at,BECKSTPREPU04HR,Development,W1118,Prepupae,1,1.7111,4
150586_at,BECKSTPREPU04HR,Development,W1118,Prepupae,0,1.0376,4
150587_at,BECKSTPREPU04HR,Development,W1118,Prepupae,0,1.1417,4
150588_at,BECKSTPREPU04HR,Development,W1118,Prepupae,1,1.6895,4
150589_at,BECKSTPREPU04HR,Development,W1118,Prepupae,-1,0.7347,4
150590_at,BECKSTPREPU04HR,Development,W1118,Prepupae,0,0.9416,4
150591_at,BECKSTPREPU04HR,Development,W1118,Prepupae,0,0.8813,4
150592_at,BECKSTPREPU04HR,Development,W1118,Prepupae,0,1.1838,4
150593_at,BECKSTPREPU04HR,Development,W1118,Prepupae,1,1.2925,4
150594_at,BECKSTPREPU04HR,Development,W1118,Prepupae,0,1.129,4
150595_at,BECKSTPREPU04HR,Development,W1118,Prepupae,0,1.0182,4
150596_at,BECKSTPREPU04HR,Development,W1118,Prepupae,1,1.3183,4
150597_at,BECKSTPREPU04HR,Development,W1118,Prepupae,0,0.9119,4
150598_at,BECKSTPREPU04HR,Development,W1118,Prepupae,1,1.351,4
150599_at,BECKSTPREPU04HR,Development,W1118,Prepupae,1,1.3054,4
150600_at,BECKSTPREPU04HR,Development,W1118,Prepupae,0,0.9138,4
150601_at,BECKSTPREPU04HR,Development,W1118,Prepupae,0,0.9799,4
150602_at,BECKSTPREPU04HR,Development,W1118,Prepupae,1,1.4211,4
150603_at,BECKSTPREPU04HR,Development,W1118,Prepupae,0,1.0297,4
150604_at,BECKSTPREPU04HR,Development,W1118,Prepupae,0,0.9871,4
150605_at,BECKSTPREPU04HR,Development,W1118,Prepupae,0,1.1455,4
150606_at,BECKSTPREPU04HR,Development,W1118,Prepupae,0,0.8696,4
150607_at,BECKSTPREPU04HR,Development,W1118,Prepupae,0,1.1987,4
150608_at,BECKSTPREPU04HR,Development,W1118,Prepupae,0,0.9936,4
150609_at,BECKSTPREPU04HR,Development,W1118,Prepupae,1,1.9573,4
150610_at,BECKSTPREPU04HR,Development,W1118,Prepupae,-1,0.7608,4
150611_at,BECKSTPREPU04HR,Development,W1118,Prepupae,0,1.1258,4
150612_at,BECKSTPREPU04HR,Development,W1118,Prepupae,1,1.4559,4
150613_at,BECKSTPREPU04HR,Development,W1118,Prepupae,0,1.0726,4
150614_at,BECKSTPREPU04HR,Development,W1118,Prepupae,0,0.9811,4
150615_at,BECKSTPREPU04HR,Development,W1118,Prepupae,1,1.4515,4
150616_at,BECKSTPREPU04HR,Development,W1118,Prepupae,0,1.125,4
150617_at,BECKSTPREPU04HR,Development,W1118,Prepupae,1,1.3552,4
150618_at,BECKSTPREPU04HR,Development,W1118,Prepupae,0,1.0861,4
150619_at,BECKSTPREPU04HR,Development,W1118,Prepupae,0,1.0037,4
150620_at,BECKSTPREPU04HR,Development,W1118,Prepupae,1,1.6031,4
150621_at,BECKSTPREPU04HR,Development,W1118,Prepupae,1,1.3272,4
150622_s_at,BECKSTPREPU04HR,Development,W1118,Prepupae,-1,0.7723,4
150623_at,BECKSTPREPU04HR,Development,W1118,Prepupae,0,1.167,4
150624_at,BECKSTPREPU04HR,Development,W1118,Prepupae,1,1.2702,4
150625_at,BECKSTPREPU04HR,Development,W1118,Prepupae,1,1.2783,4
150626_at,BECKSTPREPU04HR,Development,W1118,Prepupae,1,2.1789,4
150627_at,BECKSTPREPU04HR,Development,W1118,Prepupae,1,1.4556,4
150628_at,BECKSTPREPU04HR,Development,W1118,Prepupae,0,1.1095,4
150629_at,BECKSTPREPU04HR,Development,W1118,Prepupae,1,1.5008,4
150630_at,BECKSTPREPU04HR,Development,W1118,Prepupae,0,1.1857,4
150631_at,BECKSTPREPU04HR,Development,W1118,Prepupae,1,1.5552,4
150632_at,BECKSTPREPU04HR,Development,W1118,Prepupae,1,1.2615,4
150633_at,BECKSTPREPU04HR,Development,W1118,Prepupae,1,1.6866,4
150634_at,BECKSTPREPU04HR,Development,W1118,Prepupae,0,0.9215,4
150635_at,BECKSTPREPU04HR,Development,W1118,Prepupae,1,1.9281,4
150636_at,BECKSTPREPU04HR,Development,W1118,Prepupae,0,0.8003,4
150637_at,BECKSTPREPU04HR,Development,W1118,Prepupae,1,2.335,4
150638_at,BECKSTPREPU04HR,Development,W1118,Prepupae,1,1.3069,4
150639_at,BECKSTPREPU04HR,Development,W1118,Prepupae,-1,0.7089,4
150640_at,BECKSTPREPU04HR,Development,W1118,Prepupae,0,0.9547,4
150641_at,BECKSTPREPU04HR,Development,W1118,Prepupae,0,1.0237,4
150642_at,BECKSTPREPU04HR,Development,W1118,Prepupae,0,0.8867,4
150643_at,BECKSTPREPU04HR,Development,W1118,Prepupae,0,0.9083,4
150644_at,BECKSTPREPU04HR,Development,W1118,Prepupae,1,1.4761,4
150645_at,BECKSTPREPU04HR,Development,W1118,Prepupae,1,1.7817,4
150646_at,BECKSTPREPU04HR,Development,W1118,Prepupae,0,0.9509,4
150647_at,BECKSTPREPU04HR,Development,W1118,Prepupae,0,1.0873,4
150648_at,BECKSTPREPU04HR,Development,W1118,Prepupae,1,2.0732,4
150649_at,BECKSTPREPU04HR,Development,W1118,Prepupae,1,1.4358,4
150650_at,BECKSTPREPU04HR,Development,W1118,Prepupae,-1,0.7563,4
150651_at,BECKSTPREPU04HR,Development,W1118,Prepupae,1,1.2213,4
150652_at,BECKSTPREPU04HR,Development,W1118,Prepupae,1,1.3139,4
150653_at,BECKSTPREPU04HR,Development,W1118,Prepupae,1,2.7373,4
150654_at,BECKSTPREPU04HR,Development,W1118,Prepupae,1,1.2276,4
150655_at,BECKSTPREPU04HR,Development,W1118,Prepupae,1,1.3839,4
150656_at,BECKSTPREPU04HR,Development,W1118,Prepupae,1,1.4021,4
150657_at,BECKSTPREPU04HR,Development,W1118,Prepupae,1,1.4342,4
150658_at,BECKSTPREPU04HR,Development,W1118,Prepupae,0,0.9645,4
150659_at,BECKSTPREPU04HR,Development,W1118,Prepupae,0,1.1877,4
150660_at,BECKSTPREPU04HR,Development,W1118,Prepupae,0,1.177,4
150661_at,BECKSTPREPU04HR,Development,W1118,Prepupae,0,0.9471,4
150662_i_at,BECKSTPREPU04HR,Development,W1118,Prepupae,0,1.1234,4
150663_r_at,BECKSTPREPU04HR,Development,W1118,Prepupae,1,1.6538,4
150664_at,BECKSTPREPU04HR,Development,W1118,Prepupae,1,1.2558,4
150665_s_at,BECKSTPREPU04HR,Development,W1118,Prepupae,0,0.9479,4
150666_at,BECKSTPREPU04HR,Development,W1118,Prepupae,1,1.6191,4
150667_at,BECKSTPREPU04HR,Development,W1118,Prepupae,1,1.2612,4
150668_i_at,BECKSTPREPU04HR,Development,W1118,Prepupae,0,1.0069,4
150669_r_at,BECKSTPREPU04HR,Development,W1118,Prepupae,1,1.4078,4
150670_i_at,BECKSTPREPU04HR,Development,W1118,Prepupae,0,1.1602,4
150671_f_at,BECKSTPREPU04HR,Development,W1118,Prepupae,1,1.3632,4
150672_at,BECKSTPREPU04HR,Development,W1118,Prepupae,1,1.4873,4
150673_at,BECKSTPREPU04HR,Development,W1118,Prepupae,1,1.6493,4
150674_at,BECKSTPREPU04HR,Development,W1118,Prepupae,1,1.4359,4
150675_at,BECKSTPREPU04HR,Development,W1118,Prepupae,0,1.0423,4
150676_at,BECKSTPREPU04HR,Development,W1118,Prepupae,0,1.032,4
150677_at,BECKSTPREPU04HR,Development,W1118,Prepupae,1,1.4439,4
150678_at,BECKSTPREPU04HR,Development,W1118,Prepupae,0,1.0541,4
150679_at,BECKSTPREPU04HR,Development,W1118,Prepupae,1,1.5066,4
150680_at,BECKSTPREPU04HR,Development,W1118,Prepupae,-1,0.7954,4
150681_at,BECKSTPREPU04HR,Development,W1118,Prepupae,0,0.9513,4
150682_at,BECKSTPREPU04HR,Development,W1118,Prepupae,0,0.9478,4
150683_at,BECKSTPREPU04HR,Development,W1118,Prepupae,1,1.5685,4
150684_at,BECKSTPREPU04HR,Development,W1118,Prepupae,1,1.6897,4
150685_at,BECKSTPREPU04HR,Development,W1118,Prepupae,-1,0.7666,4
150686_at,BECKSTPREPU04HR,Development,W1118,Prepupae,0,1.0201,4
150687_at,BECKSTPREPU04HR,Development,W1118,Prepupae,0,0.9408,4
150688_at,BECKSTPREPU04HR,Development,W1118,Prepupae,-1,0.7225,4
150689_at,BECKSTPREPU04HR,Development,W1118,Prepupae,0,0.8984,4
150690_at,BECKSTPREPU04HR,Development,W1118,Prepupae,1,1.6674,4
150691_at,BECKSTPREPU04HR,Development,W1118,Prepupae,0,1.1011,4
150692_at,BECKSTPREPU04HR,Development,W1118,Prepupae,-1,0.7998,4
150693_at,BECKSTPREPU04HR,Development,W1118,Prepupae,1,1.2131,4
150694_at,BECKSTPREPU04HR,Development,W1118,Prepupae,-1,0.6872,4
150695_at,BECKSTPREPU04HR,Development,W1118,Prepupae,0,0.8242,4
150696_at,BECKSTPREPU04HR,Development,W1118,Prepupae,0,0.8532,4
150697_at,BECKSTPREPU04HR,Development,W1118,Prepupae,0,0.9478,4
150698_at,BECKSTPREPU04HR,Development,W1118,Prepupae,1,1.3682,4
150699_at,BECKSTPREPU04HR,Development,W1118,Prepupae,1,2.0387,4
150700_at,BECKSTPREPU04HR,Development,W1118,Prepupae,0,0.977,4
150701_at,BECKSTPREPU04HR,Development,W1118,Prepupae,1,1.4888,4
150702_at,BECKSTPREPU04HR,Development,W1118,Prepupae,1,2.4208,4
150703_at,BECKSTPREPU04HR,Development,W1118,Prepupae,1,1.8923,4
150704_at,BECKSTPREPU04HR,Development,W1118,Prepupae,1,1.9737,4
150705_at,BECKSTPREPU04HR,Development,W1118,Prepupae,0,0.9042,4
150706_at,BECKSTPREPU04HR,Development,W1118,Prepupae,0,0.8947,4
150707_at,BECKSTPREPU04HR,Development,W1118,Prepupae,0,0.9212,4
150708_at,BECKSTPREPU04HR,Development,W1118,Prepupae,1,3.7029,4
150709_at,BECKSTPREPU04HR,Development,W1118,Prepupae,0,1.0836,4
150710_at,BECKSTPREPU04HR,Development,W1118,Prepupae,1,1.825,4
150711_at,BECKSTPREPU04HR,Development,W1118,Prepupae,1,1.9734,4
150712_at,BECKSTPREPU04HR,Development,W1118,Prepupae,0,1.069,4
150713_at,BECKSTPREPU04HR,Development,W1118,Prepupae,1,1.283,4
150714_at,BECKSTPREPU04HR,Development,W1118,Prepupae,0,0.8675,4
150715_at,BECKSTPREPU04HR,Development,W1118,Prepupae,0,0.8962,4
150716_at,BECKSTPREPU04HR,Development,W1118,Prepupae,0,0.9509,4
150717_at,BECKSTPREPU04HR,Development,W1118,Prepupae,1,1.2398,4
150718_at,BECKSTPREPU04HR,Development,W1118,Prepupae,0,1.1743,4
150719_at,BECKSTPREPU04HR,Development,W1118,Prepupae,0,1.1629,4
150720_at,BECKSTPREPU04HR,Development,W1118,Prepupae,0,1.1957,4
150721_at,BECKSTPREPU04HR,Development,W1118,Prepupae,0,1.0124,4
150722_at,BECKSTPREPU04HR,Development,W1118,Prepupae,0,0.8414,4
150723_at,BECKSTPREPU04HR,Development,W1118,Prepupae,0,1.0833,4
150724_at,BECKSTPREPU04HR,Development,W1118,Prepupae,0,1.0303,4
150725_at,BECKSTPREPU04HR,Development,W1118,Prepupae,0,1.1866,4
150726_at,BECKSTPREPU04HR,Development,W1118,Prepupae,0,1.0697,4
150727_at,BECKSTPREPU04HR,Development,W1118,Prepupae,0,1.0897,4
150728_at,BECKSTPREPU04HR,Development,W1118,Prepupae,0,0.9931,4
150729_at,BECKSTPREPU04HR,Development,W1118,Prepupae,0,0.8387,4
150730_at,BECKSTPREPU04HR,Development,W1118,Prepupae,0,0.9799,4
150731_at,BECKSTPREPU04HR,Development,W1118,Prepupae,1,1.3194,4
150732_at,BECKSTPREPU04HR,Development,W1118,Prepupae,1,1.7709,4
150733_at,BECKSTPREPU04HR,Development,W1118,Prepupae,0,1.06,4
150734_at,BECKSTPREPU04HR,Development,W1118,Prepupae,1,1.4026,4
150735_at,BECKSTPREPU04HR,Development,W1118,Prepupae,1,1.284,4
150736_at,BECKSTPREPU04HR,Development,W1118,Prepupae,1,1.8999,4
150737_at,BECKSTPREPU04HR,Development,W1118,Prepupae,1,1.3608,4
150738_at,BECKSTPREPU04HR,Development,W1118,Prepupae,0,1.1219,4
150739_at,BECKSTPREPU04HR,Development,W1118,Prepupae,0,1.1642,4
150740_at,BECKSTPREPU04HR,Development,W1118,Prepupae,1,2.8305,4
150741_at,BECKSTPREPU04HR,Development,W1118,Prepupae,0,1.1364,4
150742_at,BECKSTPREPU04HR,Development,W1118,Prepupae,-1,0.3657,4
150743_at,BECKSTPREPU04HR,Development,W1118,Prepupae,0,1.0987,4
150744_at,BECKSTPREPU04HR,Development,W1118,Prepupae,0,0.971,4
150745_at,BECKSTPREPU04HR,Development,W1118,Prepupae,1,1.2745,4
150746_at,BECKSTPREPU04HR,Development,W1118,Prepupae,1,1.282,4
150747_at,BECKSTPREPU04HR,Development,W1118,Prepupae,1,2.474,4
150748_at,BECKSTPREPU04HR,Development,W1118,Prepupae,0,1.1096,4
150749_at,BECKSTPREPU04HR,Development,W1118,Prepupae,1,1.2477,4
150750_at,BECKSTPREPU04HR,Development,W1118,Prepupae,0,1.1091,4
150751_at,BECKSTPREPU04HR,Development,W1118,Prepupae,0,1.0094,4
150752_at,BECKSTPREPU04HR,Development,W1118,Prepupae,0,1.155,4
150753_at,BECKSTPREPU04HR,Development,W1118,Prepupae,0,0.9776,4
150754_at,BECKSTPREPU04HR,Development,W1118,Prepupae,1,1.9072,4
150755_at,BECKSTPREPU04HR,Development,W1118,Prepupae,0,1.1804,4
150756_at,BECKSTPREPU04HR,Development,W1118,Prepupae,0,0.9879,4
150757_at,BECKSTPREPU04HR,Development,W1118,Prepupae,0,1.1344,4
150758_at,BECKSTPREPU04HR,Development,W1118,Prepupae,0,0.8862,4
150759_at,BECKSTPREPU04HR,Development,W1118,Prepupae,-1,0.7593,4
150760_at,BECKSTPREPU04HR,Development,W1118,Prepupae,0,1.0918,4
150761_at,BECKSTPREPU04HR,Development,W1118,Prepupae,0,1.1608,4
150762_at,BECKSTPREPU04HR,Development,W1118,Prepupae,0,0.997,4
150763_at,BECKSTPREPU04HR,Development,W1118,Prepupae,0,1.1783,4
150764_at,BECKSTPREPU04HR,Development,W1118,Prepupae,0,1.0092,4
150765_at,BECKSTPREPU04HR,Development,W1118,Prepupae,1,1.2379,4
150766_at,BECKSTPREPU04HR,Development,W1118,Prepupae,1,1.2458,4
150767_at,BECKSTPREPU04HR,Development,W1118,Prepupae,1,1.461,4
150768_at,BECKSTPREPU04HR,Development,W1118,Prepupae,0,1.1601,4
150769_at,BECKSTPREPU04HR,Development,W1118,Prepupae,-1,0.7145,4
150770_at,BECKSTPREPU04HR,Development,W1118,Prepupae,0,0.9481,4
150771_at,BECKSTPREPU04HR,Development,W1118,Prepupae,1,1.3251,4
150772_at,BECKSTPREPU04HR,Development,W1118,Prepupae,1,1.238,4
150773_at,BECKSTPREPU04HR,Development,W1118,Prepupae,0,1.0777,4
150774_at,BECKSTPREPU04HR,Development,W1118,Prepupae,1,1.2253,4
150775_at,BECKSTPREPU04HR,Development,W1118,Prepupae,0,0.9903,4
150776_at,BECKSTPREPU04HR,Development,W1118,Prepupae,-1,0.7906,4
150777_at,BECKSTPREPU04HR,Development,W1118,Prepupae,1,1.6415,4
150778_at,BECKSTPREPU04HR,Development,W1118,Prepupae,1,1.546,4
150779_at,BECKSTPREPU04HR,Development,W1118,Prepupae,-1,0.728,4
150780_at,BECKSTPREPU04HR,Development,W1118,Prepupae,-1,0.6456,4
150781_at,BECKSTPREPU04HR,Development,W1118,Prepupae,1,1.6088,4
150782_at,BECKSTPREPU04HR,Development,W1118,Prepupae,1,1.665,4
150783_at,BECKSTPREPU04HR,Development,W1118,Prepupae,1,1.3555,4
150784_at,BECKSTPREPU04HR,Development,W1118,Prepupae,1,1.5303,4
150785_at,BECKSTPREPU04HR,Development,W1118,Prepupae,1,1.2014,4
150786_at,BECKSTPREPU04HR,Development,W1118,Prepupae,1,1.2061,4
150787_at,BECKSTPREPU04HR,Development,W1118,Prepupae,1,1.5551,4
150788_at,BECKSTPREPU04HR,Development,W1118,Prepupae,0,1.1983,4
150789_at,BECKSTPREPU04HR,Development,W1118,Prepupae,1,1.5548,4
150790_at,BECKSTPREPU04HR,Development,W1118,Prepupae,1,1.4301,4
150791_at,BECKSTPREPU04HR,Development,W1118,Prepupae,0,1.055,4
150792_at,BECKSTPREPU04HR,Development,W1118,Prepupae,1,1.2957,4
150793_at,BECKSTPREPU04HR,Development,W1118,Prepupae,0,0.9329,4
150794_at,BECKSTPREPU04HR,Development,W1118,Prepupae,1,1.3762,4
150795_at,BECKSTPREPU04HR,Development,W1118,Prepupae,0,1.0328,4
150796_at,BECKSTPREPU04HR,Development,W1118,Prepupae,1,1.4515,4
150797_at,BECKSTPREPU04HR,Development,W1118,Prepupae,1,2.4825,4
150798_at,BECKSTPREPU04HR,Development,W1118,Prepupae,1,1.3009,4
150799_at,BECKSTPREPU04HR,Development,W1118,Prepupae,0,0.9325,4
150800_at,BECKSTPREPU04HR,Development,W1118,Prepupae,0,1.0016,4
150801_at,BECKSTPREPU04HR,Development,W1118,Prepupae,0,0.9394,4
150802_at,BECKSTPREPU04HR,Development,W1118,Prepupae,0,1.1882,4
150803_at,BECKSTPREPU04HR,Development,W1118,Prepupae,0,0.8872,4
150804_at,BECKSTPREPU04HR,Development,W1118,Prepupae,0,1.1073,4
150805_at,BECKSTPREPU04HR,Development,W1118,Prepupae,0,1.1862,4
150806_at,BECKSTPREPU04HR,Development,W1118,Prepupae,0,1.16,4
150807_at,BECKSTPREPU04HR,Development,W1118,Prepupae,0,1.0906,4
150808_at,BECKSTPREPU04HR,Development,W1118,Prepupae,0,1.1206,4
150809_at,BECKSTPREPU04HR,Development,W1118,Prepupae,-1,0.6594,4
150810_at,BECKSTPREPU04HR,Development,W1118,Prepupae,0,0.9087,4
150811_at,BECKSTPREPU04HR,Development,W1118,Prepupae,1,1.4199,4
150812_at,BECKSTPREPU04HR,Development,W1118,Prepupae,1,1.4952,4
150813_at,BECKSTPREPU04HR,Development,W1118,Prepupae,1,1.256,4
150814_at,BECKSTPREPU04HR,Development,W1118,Prepupae,0,0.954,4
150815_at,BECKSTPREPU04HR,Development,W1118,Prepupae,0,1.0581,4
150816_at,BECKSTPREPU04HR,Development,W1118,Prepupae,-1,0.7673,4
150817_at,BECKSTPREPU04HR,Development,W1118,Prepupae,1,2.0313,4
150818_at,BECKSTPREPU04HR,Development,W1118,Prepupae,0,1.1854,4
150819_at,BECKSTPREPU04HR,Development,W1118,Prepupae,1,1.3263,4
150820_at,BECKSTPREPU04HR,Development,W1118,Prepupae,0,1.1488,4
150821_at,BECKSTPREPU04HR,Development,W1118,Prepupae,0,1.0606,4
150822_at,BECKSTPREPU04HR,Development,W1118,Prepupae,0,1.1955,4
150823_at,BECKSTPREPU04HR,Development,W1118,Prepupae,0,0.9526,4
150824_at,BECKSTPREPU04HR,Development,W1118,Prepupae,0,1.0465,4
150825_at,BECKSTPREPU04HR,Development,W1118,Prepupae,1,1.3812,4
150826_at,BECKSTPREPU04HR,Development,W1118,Prepupae,1,1.9329,4
150827_at,BECKSTPREPU04HR,Development,W1118,Prepupae,0,1.1948,4
150828_at,BECKSTPREPU04HR,Development,W1118,Prepupae,0,1.058,4
150829_at,BECKSTPREPU04HR,Development,W1118,Prepupae,1,1.6131,4
150830_at,BECKSTPREPU04HR,Development,W1118,Prepupae,0,0.8395,4
150831_at,BECKSTPREPU04HR,Development,W1118,Prepupae,0,0.8642,4
150832_at,BECKSTPREPU04HR,Development,W1118,Prepupae,1,1.4522,4
150833_at,BECKSTPREPU04HR,Development,W1118,Prepupae,0,1.05,4
150834_at,BECKSTPREPU04HR,Development,W1118,Prepupae,0,0.8689,4
150835_at,BECKSTPREPU04HR,Development,W1118,Prepupae,1,1.3732,4
150836_at,BECKSTPREPU04HR,Development,W1118,Prepupae,0,1.0797,4
150837_at,BECKSTPREPU04HR,Development,W1118,Prepupae,0,0.94,4
150838_at,BECKSTPREPU04HR,Development,W1118,Prepupae,0,1.0048,4
150839_at,BECKSTPREPU04HR,Development,W1118,Prepupae,-1,0.7633,4
150840_at,BECKSTPREPU04HR,Development,W1118,Prepupae,1,1.2874,4
150841_at,BECKSTPREPU04HR,Development,W1118,Prepupae,0,0.9323,4
150842_at,BECKSTPREPU04HR,Development,W1118,Prepupae,0,1.0434,4
150843_at,BECKSTPREPU04HR,Development,W1118,Prepupae,0,1.0894,4
150844_at,BECKSTPREPU04HR,Development,W1118,Prepupae,1,1.3021,4
150845_at,BECKSTPREPU04HR,Development,W1118,Prepupae,0,0.9014,4
150846_at,BECKSTPREPU04HR,Development,W1118,Prepupae,1,1.3434,4
150847_at,BECKSTPREPU04HR,Development,W1118,Prepupae,0,1.0658,4
150848_at,BECKSTPREPU04HR,Development,W1118,Prepupae,1,1.3572,4
150849_at,BECKSTPREPU04HR,Development,W1118,Prepupae,1,1.37,4
150850_at,BECKSTPREPU04HR,Development,W1118,Prepupae,0,0.9637,4
150851_at,BECKSTPREPU04HR,Development,W1118,Prepupae,1,1.3447,4
150852_at,BECKSTPREPU04HR,Development,W1118,Prepupae,0,0.9696,4
150853_at,BECKSTPREPU04HR,Development,W1118,Prepupae,0,0.9993,4
150854_at,BECKSTPREPU04HR,Development,W1118,Prepupae,0,1.0133,4
150855_at,BECKSTPREPU04HR,Development,W1118,Prepupae,1,1.369,4
150856_at,BECKSTPREPU04HR,Development,W1118,Prepupae,1,1.2902,4
150857_at,BECKSTPREPU04HR,Development,W1118,Prepupae,0,0.9435,4
150858_at,BECKSTPREPU04HR,Development,W1118,Prepupae,0,1.1807,4
150859_at,BECKSTPREPU04HR,Development,W1118,Prepupae,1,1.7206,4
150860_at,BECKSTPREPU04HR,Development,W1118,Prepupae,1,1.276,4
150861_at,BECKSTPREPU04HR,Development,W1118,Prepupae,0,0.9957,4
150862_at,BECKSTPREPU04HR,Development,W1118,Prepupae,-1,0.6674,4
150863_at,BECKSTPREPU04HR,Development,W1118,Prepupae,0,0.87,4
150864_at,BECKSTPREPU04HR,Development,W1118,Prepupae,0,1.0214,4
150865_at,BECKSTPREPU04HR,Development,W1118,Prepupae,0,0.8068,4
150866_at,BECKSTPREPU04HR,Development,W1118,Prepupae,0,0.9834,4
150867_at,BECKSTPREPU04HR,Development,W1118,Prepupae,1,1.5907,4
150868_at,BECKSTPREPU04HR,Development,W1118,Prepupae,0,0.919,4
150869_at,BECKSTPREPU04HR,Development,W1118,Prepupae,0,0.9616,4
150870_at,BECKSTPREPU04HR,Development,W1118,Prepupae,1,1.3746,4
150871_at,BECKSTPREPU04HR,Development,W1118,Prepupae,0,0.9573,4
150872_at,BECKSTPREPU04HR,Development,W1118,Prepupae,0,1.0897,4
150873_at,BECKSTPREPU04HR,Development,W1118,Prepupae,1,1.5427,4
150874_at,BECKSTPREPU04HR,Development,W1118,Prepupae,1,1.2225,4
150875_at,BECKSTPREPU04HR,Development,W1118,Prepupae,0,1.0229,4
150876_at,BECKSTPREPU04HR,Development,W1118,Prepupae,0,0.9399,4
150877_at,BECKSTPREPU04HR,Development,W1118,Prepupae,0,0.9188,4
150878_at,BECKSTPREPU04HR,Development,W1118,Prepupae,0,0.9978,4
150879_at,BECKSTPREPU04HR,Development,W1118,Prepupae,0,0.8015,4
150880_at,BECKSTPREPU04HR,Development,W1118,Prepupae,1,1.4325,4
150881_at,BECKSTPREPU04HR,Development,W1118,Prepupae,0,0.9235,4
150882_at,BECKSTPREPU04HR,Development,W1118,Prepupae,1,1.2032,4
150883_at,BECKSTPREPU04HR,Development,W1118,Prepupae,0,0.9821,4
150884_at,BECKSTPREPU04HR,Development,W1118,Prepupae,1,1.399,4
150885_at,BECKSTPREPU04HR,Development,W1118,Prepupae,0,1.1362,4
150886_at,BECKSTPREPU04HR,Development,W1118,Prepupae,1,1.5213,4
150887_at,BECKSTPREPU04HR,Development,W1118,Prepupae,0,1.1469,4
150888_at,BECKSTPREPU04HR,Development,W1118,Prepupae,0,1.1464,4
150889_at,BECKSTPREPU04HR,Development,W1118,Prepupae,0,0.9661,4
150890_at,BECKSTPREPU04HR,Development,W1118,Prepupae,1,1.2989,4
150891_at,BECKSTPREPU04HR,Development,W1118,Prepupae,0,1.0875,4
150892_at,BECKSTPREPU04HR,Development,W1118,Prepupae,0,1.1317,4
150893_f_at,BECKSTPREPU04HR,Development,W1118,Prepupae,1,1.4443,4
150894_at,BECKSTPREPU04HR,Development,W1118,Prepupae,1,1.7948,4
150895_at,BECKSTPREPU04HR,Development,W1118,Prepupae,1,1.8787,4
150896_at,BECKSTPREPU04HR,Development,W1118,Prepupae,0,1.13,4
150897_at,BECKSTPREPU04HR,Development,W1118,Prepupae,1,1.2335,4
150898_at,BECKSTPREPU04HR,Development,W1118,Prepupae,0,0.8651,4
150899_at,BECKSTPREPU04HR,Development,W1118,Prepupae,-1,0.6946,4
150900_at,BECKSTPREPU04HR,Development,W1118,Prepupae,0,1.1261,4
150901_at,BECKSTPREPU04HR,Development,W1118,Prepupae,0,0.8973,4
150902_at,BECKSTPREPU04HR,Development,W1118,Prepupae,-1,0.7693,4
150903_at,BECKSTPREPU04HR,Development,W1118,Prepupae,0,1.021,4
150904_at,BECKSTPREPU04HR,Development,W1118,Prepupae,0,0.918,4
150905_at,BECKSTPREPU04HR,Development,W1118,Prepupae,0,0.8209,4
150906_at,BECKSTPREPU04HR,Development,W1118,Prepupae,1,1.6315,4
150907_at,BECKSTPREPU04HR,Development,W1118,Prepupae,0,1.0307,4
150908_at,BECKSTPREPU04HR,Development,W1118,Prepupae,0,1.1412,4
150909_at,BECKSTPREPU04HR,Development,W1118,Prepupae,1,1.2431,4
150910_at,BECKSTPREPU04HR,Development,W1118,Prepupae,1,1.2041,4
150911_at,BECKSTPREPU04HR,Development,W1118,Prepupae,1,1.2392,4
150912_at,BECKSTPREPU04HR,Development,W1118,Prepupae,0,1.0985,4
150913_at,BECKSTPREPU04HR,Development,W1118,Prepupae,0,1.1524,4
150914_at,BECKSTPREPU04HR,Development,W1118,Prepupae,1,1.2489,4
150915_at,BECKSTPREPU04HR,Development,W1118,Prepupae,1,1.5424,4
150916_at,BECKSTPREPU04HR,Development,W1118,Prepupae,0,1.0741,4
150917_at,BECKSTPREPU04HR,Development,W1118,Prepupae,-1,0.7759,4
150918_at,BECKSTPREPU04HR,Development,W1118,Prepupae,1,1.3387,4
150919_at,BECKSTPREPU04HR,Development,W1118,Prepupae,1,1.2488,4
150920_at,BECKSTPREPU04HR,Development,W1118,Prepupae,1,1.5098,4
150921_at,BECKSTPREPU04HR,Development,W1118,Prepupae,0,1.1567,4
150922_at,BECKSTPREPU04HR,Development,W1118,Prepupae,0,1.1009,4
150923_at,BECKSTPREPU04HR,Development,W1118,Prepupae,0,1.0842,4
150924_at,BECKSTPREPU04HR,Development,W1118,Prepupae,0,1.1098,4
150925_at,BECKSTPREPU04HR,Development,W1118,Prepupae,1,1.2598,4
150926_at,BECKSTPREPU04HR,Development,W1118,Prepupae,0,1.0931,4
150927_at,BECKSTPREPU04HR,Development,W1118,Prepupae,0,0.9699,4
150928_at,BECKSTPREPU04HR,Development,W1118,Prepupae,1,2.6564,4
150929_at,BECKSTPREPU04HR,Development,W1118,Prepupae,0,1.1295,4
150930_at,BECKSTPREPU04HR,Development,W1118,Prepupae,1,1.371,4
150931_at,BECKSTPREPU04HR,Development,W1118,Prepupae,1,1.4271,4
150932_at,BECKSTPREPU04HR,Development,W1118,Prepupae,0,1.1536,4
150933_at,BECKSTPREPU04HR,Development,W1118,Prepupae,0,1.1405,4
150934_at,BECKSTPREPU04HR,Development,W1118,Prepupae,0,0.8733,4
150935_at,BECKSTPREPU04HR,Development,W1118,Prepupae,1,1.6305,4
150936_at,BECKSTPREPU04HR,Development,W1118,Prepupae,1,1.2159,4
150937_at,BECKSTPREPU04HR,Development,W1118,Prepupae,1,1.2048,4
150938_at,BECKSTPREPU04HR,Development,W1118,Prepupae,1,2.1712,4
150939_at,BECKSTPREPU04HR,Development,W1118,Prepupae,1,1.2148,4
150940_i_at,BECKSTPREPU04HR,Development,W1118,Prepupae,-1,0.7832,4
150941_f_at,BECKSTPREPU04HR,Development,W1118,Prepupae,0,0.9197,4
150942_at,BECKSTPREPU04HR,Development,W1118,Prepupae,1,1.2592,4
150943_at,BECKSTPREPU04HR,Development,W1118,Prepupae,0,1.1446,4
150944_at,BECKSTPREPU04HR,Development,W1118,Prepupae,1,1.2996,4
150945_at,BECKSTPREPU04HR,Development,W1118,Prepupae,1,1.2861,4
150946_at,BECKSTPREPU04HR,Development,W1118,Prepupae,0,0.8218,4
150947_at,BECKSTPREPU04HR,Development,W1118,Prepupae,1,1.3141,4
150948_at,BECKSTPREPU04HR,Development,W1118,Prepupae,1,1.5702,4
150949_at,BECKSTPREPU04HR,Development,W1118,Prepupae,0,1.0062,4
150950_at,BECKSTPREPU04HR,Development,W1118,Prepupae,1,1.2973,4
150951_at,BECKSTPREPU04HR,Development,W1118,Prepupae,1,1.262,4
150952_at,BECKSTPREPU04HR,Development,W1118,Prepupae,1,1.4245,4
150953_at,BECKSTPREPU04HR,Development,W1118,Prepupae,0,0.8531,4
150954_at,BECKSTPREPU04HR,Development,W1118,Prepupae,0,0.9056,4
150955_at,BECKSTPREPU04HR,Development,W1118,Prepupae,1,1.2867,4
150956_at,BECKSTPREPU04HR,Development,W1118,Prepupae,0,1.1644,4
150957_at,BECKSTPREPU04HR,Development,W1118,Prepupae,1,1.7434,4
150958_at,BECKSTPREPU04HR,Development,W1118,Prepupae,1,1.6744,4
150959_at,BECKSTPREPU04HR,Development,W1118,Prepupae,0,1.169,4
150960_at,BECKSTPREPU04HR,Development,W1118,Prepupae,1,1.293,4
150961_at,BECKSTPREPU04HR,Development,W1118,Prepupae,1,1.4853,4
150962_at,BECKSTPREPU04HR,Development,W1118,Prepupae,0,1.1162,4
150963_at,BECKSTPREPU04HR,Development,W1118,Prepupae,1,1.2984,4
150964_at,BECKSTPREPU04HR,Development,W1118,Prepupae,-1,0.7568,4
150965_at,BECKSTPREPU04HR,Development,W1118,Prepupae,-1,0.5955,4
150966_at,BECKSTPREPU04HR,Development,W1118,Prepupae,-1,0.4653,4
150967_at,BECKSTPREPU04HR,Development,W1118,Prepupae,-1,0.6849,4
150968_at,BECKSTPREPU04HR,Development,W1118,Prepupae,0,0.8043,4
150969_at,BECKSTPREPU04HR,Development,W1118,Prepupae,0,1.051,4
150970_at,BECKSTPREPU04HR,Development,W1118,Prepupae,-1,0.77,4
150971_at,BECKSTPREPU04HR,Development,W1118,Prepupae,-1,0.6465,4
150972_at,BECKSTPREPU04HR,Development,W1118,Prepupae,0,0.8954,4
150973_at,BECKSTPREPU04HR,Development,W1118,Prepupae,1,1.4845,4
150974_at,BECKSTPREPU04HR,Development,W1118,Prepupae,0,0.9613,4
150975_at,BECKSTPREPU04HR,Development,W1118,Prepupae,1,1.6198,4
150976_at,BECKSTPREPU04HR,Development,W1118,Prepupae,-1,0.5831,4
150977_at,BECKSTPREPU04HR,Development,W1118,Prepupae,-1,0.6517,4
150978_at,BECKSTPREPU04HR,Development,W1118,Prepupae,1,1.4076,4
150979_at,BECKSTPREPU04HR,Development,W1118,Prepupae,1,1.3573,4
150980_at,BECKSTPREPU04HR,Development,W1118,Prepupae,-1,0.6584,4
150981_at,BECKSTPREPU04HR,Development,W1118,Prepupae,0,1.1914,4
150982_at,BECKSTPREPU04HR,Development,W1118,Prepupae,1,1.7045,4
150983_at,BECKSTPREPU04HR,Development,W1118,Prepupae,-1,0.7378,4
150984_at,BECKSTPREPU04HR,Development,W1118,Prepupae,1,1.3625,4
150985_at,BECKSTPREPU04HR,Development,W1118,Prepupae,1,1.4575,4
150986_at,BECKSTPREPU04HR,Development,W1118,Prepupae,-1,0.5148,4
150987_at,BECKSTPREPU04HR,Development,W1118,Prepupae,-1,0.7525,4
150988_at,BECKSTPREPU04HR,Development,W1118,Prepupae,0,0.9028,4
150989_at,BECKSTPREPU04HR,Development,W1118,Prepupae,0,0.9195,4
150990_at,BECKSTPREPU04HR,Development,W1118,Prepupae,-1,0.758,4
150991_at,BECKSTPREPU04HR,Development,W1118,Prepupae,1,1.7513,4
150992_at,BECKSTPREPU04HR,Development,W1118,Prepupae,0,0.8935,4
150993_at,BECKSTPREPU04HR,Development,W1118,Prepupae,0,0.9036,4
150994_at,BECKSTPREPU04HR,Development,W1118,Prepupae,0,0.9541,4
150995_at,BECKSTPREPU04HR,Development,W1118,Prepupae,0,1.1826,4
150996_at,BECKSTPREPU04HR,Development,W1118,Prepupae,1,1.5065,4
150997_at,BECKSTPREPU04HR,Development,W1118,Prepupae,0,0.9591,4
150998_at,BECKSTPREPU04HR,Development,W1118,Prepupae,0,0.875,4
150999_at,BECKSTPREPU04HR,Development,W1118,Prepupae,-1,0.7269,4
151000_at,BECKSTPREPU04HR,Development,W1118,Prepupae,1,2.4787,4
151001_at,BECKSTPREPU04HR,Development,W1118,Prepupae,1,1.3948,4
151002_at,BECKSTPREPU04HR,Development,W1118,Prepupae,-1,0.7444,4
151003_at,BECKSTPREPU04HR,Development,W1118,Prepupae,-1,0.7491,4
151004_at,BECKSTPREPU04HR,Development,W1118,Prepupae,1,1.8308,4
151005_at,BECKSTPREPU04HR,Development,W1118,Prepupae,0,0.8325,4
151006_at,BECKSTPREPU04HR,Development,W1118,Prepupae,-1,0.7845,4
151007_at,BECKSTPREPU04HR,Development,W1118,Prepupae,-1,0.7576,4
151008_at,BECKSTPREPU04HR,Development,W1118,Prepupae,0,0.8538,4
151009_at,BECKSTPREPU04HR,Development,W1118,Prepupae,0,1.1835,4
151010_at,BECKSTPREPU04HR,Development,W1118,Prepupae,1,1.2878,4
151011_at,BECKSTPREPU04HR,Development,W1118,Prepupae,1,1.403,4
151012_at,BECKSTPREPU04HR,Development,W1118,Prepupae,0,1.036,4
151013_at,BECKSTPREPU04HR,Development,W1118,Prepupae,1,1.7635,4
151014_at,BECKSTPREPU04HR,Development,W1118,Prepupae,0,0.8641,4
151015_at,BECKSTPREPU04HR,Development,W1118,Prepupae,1,1.6305,4
151016_at,BECKSTPREPU04HR,Development,W1118,Prepupae,0,0.9005,4
151017_at,BECKSTPREPU04HR,Development,W1118,Prepupae,0,1.1515,4
151018_at,BECKSTPREPU04HR,Development,W1118,Prepupae,1,1.2033,4
151019_at,BECKSTPREPU04HR,Development,W1118,Prepupae,0,0.9345,4
151020_at,BECKSTPREPU04HR,Development,W1118,Prepupae,1,1.9043,4
151021_at,BECKSTPREPU04HR,Development,W1118,Prepupae,-1,0.6815,4
151022_at,BECKSTPREPU04HR,Development,W1118,Prepupae,-1,0.7452,4
151023_at,BECKSTPREPU04HR,Development,W1118,Prepupae,0,0.9831,4
151024_at,BECKSTPREPU04HR,Development,W1118,Prepupae,1,1.2794,4
151025_at,BECKSTPREPU04HR,Development,W1118,Prepupae,0,0.9363,4
151026_at,BECKSTPREPU04HR,Development,W1118,Prepupae,0,0.9462,4
151027_at,BECKSTPREPU04HR,Development,W1118,Prepupae,-1,0.674,4
151028_at,BECKSTPREPU04HR,Development,W1118,Prepupae,1,1.275,4
151029_at,BECKSTPREPU04HR,Development,W1118,Prepupae,0,1.1503,4
151030_at,BECKSTPREPU04HR,Development,W1118,Prepupae,1,1.4049,4
151031_at,BECKSTPREPU04HR,Development,W1118,Prepupae,1,1.5848,4
151032_at,BECKSTPREPU04HR,Development,W1118,Prepupae,0,1.081,4
151033_r_at,BECKSTPREPU04HR,Development,W1118,Prepupae,1,1.5379,4
151034_at,BECKSTPREPU04HR,Development,W1118,Prepupae,0,1.0568,4
151035_at,BECKSTPREPU04HR,Development,W1118,Prepupae,1,1.208,4
151036_f_at,BECKSTPREPU04HR,Development,W1118,Prepupae,-1,0.5092,4
151037_at,BECKSTPREPU04HR,Development,W1118,Prepupae,0,1.1228,4
151038_at,BECKSTPREPU04HR,Development,W1118,Prepupae,0,0.8101,4
151039_at,BECKSTPREPU04HR,Development,W1118,Prepupae,0,0.8005,4
151040_f_at,BECKSTPREPU04HR,Development,W1118,Prepupae,1,1.4296,4
151041_at,BECKSTPREPU04HR,Development,W1118,Prepupae,1,1.2548,4
151042_at,BECKSTPREPU04HR,Development,W1118,Prepupae,1,1.2739,4
151043_at,BECKSTPREPU04HR,Development,W1118,Prepupae,1,1.4825,4
151044_at,BECKSTPREPU04HR,Development,W1118,Prepupae,0,0.9381,4
151045_at,BECKSTPREPU04HR,Development,W1118,Prepupae,0,0.8332,4
151046_at,BECKSTPREPU04HR,Development,W1118,Prepupae,1,1.7616,4
151047_i_at,BECKSTPREPU04HR,Development,W1118,Prepupae,0,1.1523,4
151048_f_at,BECKSTPREPU04HR,Development,W1118,Prepupae,0,0.8522,4
151049_at,BECKSTPREPU04HR,Development,W1118,Prepupae,0,1.1786,4
151050_at,BECKSTPREPU04HR,Development,W1118,Prepupae,0,1.0066,4
151051_r_at,BECKSTPREPU04HR,Development,W1118,Prepupae,1,1.2234,4
151052_at,BECKSTPREPU04HR,Development,W1118,Prepupae,1,1.4616,4
151053_at,BECKSTPREPU04HR,Development,W1118,Prepupae,1,1.2255,4
151054_at,BECKSTPREPU04HR,Development,W1118,Prepupae,1,1.2826,4
151055_at,BECKSTPREPU04HR,Development,W1118,Prepupae,0,0.8486,4
151056_at,BECKSTPREPU04HR,Development,W1118,Prepupae,0,0.9378,4
151057_at,BECKSTPREPU04HR,Development,W1118,Prepupae,0,1.0257,4
151058_at,BECKSTPREPU04HR,Development,W1118,Prepupae,1,1.5509,4
151059_i_at,BECKSTPREPU04HR,Development,W1118,Prepupae,1,1.4933,4
151060_r_at,BECKSTPREPU04HR,Development,W1118,Prepupae,1,1.6628,4
151061_at,BECKSTPREPU04HR,Development,W1118,Prepupae,1,1.5579,4
151062_at,BECKSTPREPU04HR,Development,W1118,Prepupae,1,1.4299,4
151063_at,BECKSTPREPU04HR,Development,W1118,Prepupae,0,0.9442,4
151064_at,BECKSTPREPU04HR,Development,W1118,Prepupae,0,1.0024,4
151065_at,BECKSTPREPU04HR,Development,W1118,Prepupae,0,0.825,4
151066_at,BECKSTPREPU04HR,Development,W1118,Prepupae,1,1.2712,4
151067_at,BECKSTPREPU04HR,Development,W1118,Prepupae,0,0.8669,4
151068_at,BECKSTPREPU04HR,Development,W1118,Prepupae,1,1.4267,4
151069_at,BECKSTPREPU04HR,Development,W1118,Prepupae,0,1.1287,4
151070_at,BECKSTPREPU04HR,Development,W1118,Prepupae,0,1.1303,4
151071_at,BECKSTPREPU04HR,Development,W1118,Prepupae,0,0.9017,4
151072_i_at,BECKSTPREPU04HR,Development,W1118,Prepupae,0,1.1382,4
151073_r_at,BECKSTPREPU04HR,Development,W1118,Prepupae,0,1.1361,4
151074_at,BECKSTPREPU04HR,Development,W1118,Prepupae,0,0.9539,4
151075_at,BECKSTPREPU04HR,Development,W1118,Prepupae,0,0.9183,4
151076_at,BECKSTPREPU04HR,Development,W1118,Prepupae,1,1.2958,4
151077_at,BECKSTPREPU04HR,Development,W1118,Prepupae,0,1.1393,4
151078_at,BECKSTPREPU04HR,Development,W1118,Prepupae,1,1.2242,4
151079_at,BECKSTPREPU04HR,Development,W1118,Prepupae,1,1.8209,4
151080_at,BECKSTPREPU04HR,Development,W1118,Prepupae,0,0.8177,4
151081_at,BECKSTPREPU04HR,Development,W1118,Prepupae,1,1.5882,4
151082_at,BECKSTPREPU04HR,Development,W1118,Prepupae,-1,0.6682,4
151083_at,BECKSTPREPU04HR,Development,W1118,Prepupae,1,1.3335,4
151084_at,BECKSTPREPU04HR,Development,W1118,Prepupae,0,0.9585,4
151085_at,BECKSTPREPU04HR,Development,W1118,Prepupae,0,0.9983,4
151086_at,BECKSTPREPU04HR,Development,W1118,Prepupae,1,1.2133,4
151087_at,BECKSTPREPU04HR,Development,W1118,Prepupae,0,0.8714,4
151088_at,BECKSTPREPU04HR,Development,W1118,Prepupae,0,1.1054,4
151089_at,BECKSTPREPU04HR,Development,W1118,Prepupae,0,1.1686,4
151090_f_at,BECKSTPREPU04HR,Development,W1118,Prepupae,-1,0.7576,4
151091_at,BECKSTPREPU04HR,Development,W1118,Prepupae,0,1.142,4
151092_at,BECKSTPREPU04HR,Development,W1118,Prepupae,0,1.198,4
151093_at,BECKSTPREPU04HR,Development,W1118,Prepupae,0,1.0602,4
151094_at,BECKSTPREPU04HR,Development,W1118,Prepupae,0,0.8267,4
151095_at,BECKSTPREPU04HR,Development,W1118,Prepupae,0,0.9772,4
151096_i_at,BECKSTPREPU04HR,Development,W1118,Prepupae,0,1.1715,4
151097_r_at,BECKSTPREPU04HR,Development,W1118,Prepupae,0,1.1157,4
151098_at,BECKSTPREPU04HR,Development,W1118,Prepupae,0,0.8782,4
151099_at,BECKSTPREPU04HR,Development,W1118,Prepupae,1,1.5178,4
151100_at,BECKSTPREPU04HR,Development,W1118,Prepupae,1,1.2099,4
151101_at,BECKSTPREPU04HR,Development,W1118,Prepupae,1,1.4585,4
151102_at,BECKSTPREPU04HR,Development,W1118,Prepupae,1,1.7461,4
151103_at,BECKSTPREPU04HR,Development,W1118,Prepupae,1,1.2666,4
151104_at,BECKSTPREPU04HR,Development,W1118,Prepupae,0,1.0103,4
151105_at,BECKSTPREPU04HR,Development,W1118,Prepupae,0,1.0147,4
151106_i_at,BECKSTPREPU04HR,Development,W1118,Prepupae,1,1.6257,4
151107_r_at,BECKSTPREPU04HR,Development,W1118,Prepupae,1,1.2493,4
151108_at,BECKSTPREPU04HR,Development,W1118,Prepupae,1,1.2163,4
151109_at,BECKSTPREPU04HR,Development,W1118,Prepupae,1,1.623,4
151110_at,BECKSTPREPU04HR,Development,W1118,Prepupae,-1,0.7693,4
151111_at,BECKSTPREPU04HR,Development,W1118,Prepupae,0,1.087,4
151112_s_at,BECKSTPREPU04HR,Development,W1118,Prepupae,-1,0.616,4
151113_at,BECKSTPREPU04HR,Development,W1118,Prepupae,0,1.0095,4
151114_at,BECKSTPREPU04HR,Development,W1118,Prepupae,1,1.3153,4
151115_at,BECKSTPREPU04HR,Development,W1118,Prepupae,1,1.5801,4
151116_at,BECKSTPREPU04HR,Development,W1118,Prepupae,1,1.2918,4
151117_at,BECKSTPREPU04HR,Development,W1118,Prepupae,0,0.9587,4
151118_at,BECKSTPREPU04HR,Development,W1118,Prepupae,0,0.9164,4
151119_at,BECKSTPREPU04HR,Development,W1118,Prepupae,0,1.0107,4
151120_at,BECKSTPREPU04HR,Development,W1118,Prepupae,0,1.1877,4
151121_at,BECKSTPREPU04HR,Development,W1118,Prepupae,0,0.9768,4
151122_at,BECKSTPREPU04HR,Development,W1118,Prepupae,1,1.8046,4
151123_at,BECKSTPREPU04HR,Development,W1118,Prepupae,0,0.9408,4
151124_s_at,BECKSTPREPU04HR,Development,W1118,Prepupae,1,1.6923,4
151125_at,BECKSTPREPU04HR,Development,W1118,Prepupae,1,1.4623,4
151126_at,BECKSTPREPU04HR,Development,W1118,Prepupae,1,1.9117,4
151127_f_at,BECKSTPREPU04HR,Development,W1118,Prepupae,-1,0.6778,4
151128_at,BECKSTPREPU04HR,Development,W1118,Prepupae,0,1.064,4
151129_at,BECKSTPREPU04HR,Development,W1118,Prepupae,1,1.4054,4
151130_at,BECKSTPREPU04HR,Development,W1118,Prepupae,0,0.9823,4
151131_at,BECKSTPREPU04HR,Development,W1118,Prepupae,1,1.6493,4
151132_at,BECKSTPREPU04HR,Development,W1118,Prepupae,1,1.464,4
151133_at,BECKSTPREPU04HR,Development,W1118,Prepupae,0,0.8774,4
151134_at,BECKSTPREPU04HR,Development,W1118,Prepupae,1,2.3998,4
151135_at,BECKSTPREPU04HR,Development,W1118,Prepupae,1,1.2555,4
151136_r_at,BECKSTPREPU04HR,Development,W1118,Prepupae,1,1.2229,4
151137_r_at,BECKSTPREPU04HR,Development,W1118,Prepupae,1,1.2669,4
151138_at,BECKSTPREPU04HR,Development,W1118,Prepupae,0,1.0812,4
151139_at,BECKSTPREPU04HR,Development,W1118,Prepupae,1,1.2278,4
151140_at,BECKSTPREPU04HR,Development,W1118,Prepupae,0,0.8371,4
151141_at,BECKSTPREPU04HR,Development,W1118,Prepupae,0,1.0189,4
151142_at,BECKSTPREPU04HR,Development,W1118,Prepupae,1,1.2958,4
151143_at,BECKSTPREPU04HR,Development,W1118,Prepupae,0,0.892,4
151144_at,BECKSTPREPU04HR,Development,W1118,Prepupae,1,2.0686,4
151145_at,BECKSTPREPU04HR,Development,W1118,Prepupae,0,0.9674,4
151146_at,BECKSTPREPU04HR,Development,W1118,Prepupae,0,1.0826,4
151147_at,BECKSTPREPU04HR,Development,W1118,Prepupae,0,0.9193,4
151148_at,BECKSTPREPU04HR,Development,W1118,Prepupae,0,0.9501,4
151149_at,BECKSTPREPU04HR,Development,W1118,Prepupae,1,1.3777,4
151150_at,BECKSTPREPU04HR,Development,W1118,Prepupae,1,1.6895,4
151151_at,BECKSTPREPU04HR,Development,W1118,Prepupae,0,1.1806,4
151152_at,BECKSTPREPU04HR,Development,W1118,Prepupae,1,1.2677,4
151153_at,BECKSTPREPU04HR,Development,W1118,Prepupae,0,1.1867,4
151154_at,BECKSTPREPU04HR,Development,W1118,Prepupae,-1,0.7633,4
151155_at,BECKSTPREPU04HR,Development,W1118,Prepupae,1,1.2045,4
151156_at,BECKSTPREPU04HR,Development,W1118,Prepupae,0,1.1061,4
151157_at,BECKSTPREPU04HR,Development,W1118,Prepupae,1,1.3145,4
151158_at,BECKSTPREPU04HR,Development,W1118,Prepupae,1,1.7239,4
151159_at,BECKSTPREPU04HR,Development,W1118,Prepupae,-1,0.794,4
151160_at,BECKSTPREPU04HR,Development,W1118,Prepupae,1,1.2835,4
151161_at,BECKSTPREPU04HR,Development,W1118,Prepupae,0,1.0696,4
151162_at,BECKSTPREPU04HR,Development,W1118,Prepupae,1,1.2479,4
151163_at,BECKSTPREPU04HR,Development,W1118,Prepupae,0,1.0255,4
151164_at,BECKSTPREPU04HR,Development,W1118,Prepupae,1,3.7664,4
151165_r_at,BECKSTPREPU04HR,Development,W1118,Prepupae,0,0.9472,4
151166_i_at,BECKSTPREPU04HR,Development,W1118,Prepupae,0,1.1216,4
151167_r_at,BECKSTPREPU04HR,Development,W1118,Prepupae,1,1.2879,4
151168_at,BECKSTPREPU04HR,Development,W1118,Prepupae,0,1.1139,4
151169_at,BECKSTPREPU04HR,Development,W1118,Prepupae,1,1.4424,4
151170_at,BECKSTPREPU04HR,Development,W1118,Prepupae,1,1.5252,4
151171_at,BECKSTPREPU04HR,Development,W1118,Prepupae,1,1.2785,4
151172_at,BECKSTPREPU04HR,Development,W1118,Prepupae,0,0.8525,4
151173_at,BECKSTPREPU04HR,Development,W1118,Prepupae,0,0.991,4
151174_at,BECKSTPREPU04HR,Development,W1118,Prepupae,0,1.1623,4
151175_at,BECKSTPREPU04HR,Development,W1118,Prepupae,-1,0.5739,4
151176_at,BECKSTPREPU04HR,Development,W1118,Prepupae,1,1.8126,4
151177_at,BECKSTPREPU04HR,Development,W1118,Prepupae,0,1.1834,4
151178_at,BECKSTPREPU04HR,Development,W1118,Prepupae,0,0.8417,4
151179_at,BECKSTPREPU04HR,Development,W1118,Prepupae,1,1.2163,4
151180_at,BECKSTPREPU04HR,Development,W1118,Prepupae,0,1.1463,4
151181_at,BECKSTPREPU04HR,Development,W1118,Prepupae,1,1.4137,4
151182_at,BECKSTPREPU04HR,Development,W1118,Prepupae,0,0.961,4
151183_at,BECKSTPREPU04HR,Development,W1118,Prepupae,0,1.1789,4
151184_at,BECKSTPREPU04HR,Development,W1118,Prepupae,1,1.6648,4
151185_at,BECKSTPREPU04HR,Development,W1118,Prepupae,1,1.2909,4
151186_at,BECKSTPREPU04HR,Development,W1118,Prepupae,1,1.2369,4
151187_at,BECKSTPREPU04HR,Development,W1118,Prepupae,1,1.3065,4
151188_at,BECKSTPREPU04HR,Development,W1118,Prepupae,1,1.4613,4
151189_at,BECKSTPREPU04HR,Development,W1118,Prepupae,1,1.3044,4
151190_at,BECKSTPREPU04HR,Development,W1118,Prepupae,0,1.0278,4
151191_at,BECKSTPREPU04HR,Development,W1118,Prepupae,0,0.8068,4
151192_at,BECKSTPREPU04HR,Development,W1118,Prepupae,0,0.8985,4
151193_f_at,BECKSTPREPU04HR,Development,W1118,Prepupae,0,0.9315,4
151194_r_at,BECKSTPREPU04HR,Development,W1118,Prepupae,1,1.4231,4
151195_i_at,BECKSTPREPU04HR,Development,W1118,Prepupae,0,1.1422,4
151196_r_at,BECKSTPREPU04HR,Development,W1118,Prepupae,0,1.1491,4
151197_at,BECKSTPREPU04HR,Development,W1118,Prepupae,0,1.039,4
151198_at,BECKSTPREPU04HR,Development,W1118,Prepupae,0,0.9085,4
151199_at,BECKSTPREPU04HR,Development,W1118,Prepupae,-1,0.6415,4
151200_i_at,BECKSTPREPU04HR,Development,W1118,Prepupae,1,1.3452,4
151201_r_at,BECKSTPREPU04HR,Development,W1118,Prepupae,1,1.717,4
151202_at,BECKSTPREPU04HR,Development,W1118,Prepupae,0,1.0358,4
151203_at,BECKSTPREPU04HR,Development,W1118,Prepupae,0,1.027,4
151204_at,BECKSTPREPU04HR,Development,W1118,Prepupae,1,1.818,4
151205_at,BECKSTPREPU04HR,Development,W1118,Prepupae,0,1.1415,4
151206_i_at,BECKSTPREPU04HR,Development,W1118,Prepupae,1,2.0509,4
151207_r_at,BECKSTPREPU04HR,Development,W1118,Prepupae,1,1.4231,4
151208_at,BECKSTPREPU04HR,Development,W1118,Prepupae,1,1.5184,4
151209_at,BECKSTPREPU04HR,Development,W1118,Prepupae,0,1.0057,4
151210_at,BECKSTPREPU04HR,Development,W1118,Prepupae,-1,0.5571,4
151211_at,BECKSTPREPU04HR,Development,W1118,Prepupae,0,1.0079,4
151212_i_at,BECKSTPREPU04HR,Development,W1118,Prepupae,-1,0.7322,4
151213_f_at,BECKSTPREPU04HR,Development,W1118,Prepupae,-1,0.7968,4
151214_at,BECKSTPREPU04HR,Development,W1118,Prepupae,0,1.1062,4
151215_at,BECKSTPREPU04HR,Development,W1118,Prepupae,0,0.8806,4
151216_at,BECKSTPREPU04HR,Development,W1118,Prepupae,0,0.9354,4
151217_at,BECKSTPREPU04HR,Development,W1118,Prepupae,-1,0.7901,4
151218_at,BECKSTPREPU04HR,Development,W1118,Prepupae,0,0.8858,4
151219_at,BECKSTPREPU04HR,Development,W1118,Prepupae,0,0.8033,4
151220_at,BECKSTPREPU04HR,Development,W1118,Prepupae,0,1.0741,4
151221_at,BECKSTPREPU04HR,Development,W1118,Prepupae,0,1.0995,4
151222_at,BECKSTPREPU04HR,Development,W1118,Prepupae,0,1.0813,4
151223_at,BECKSTPREPU04HR,Development,W1118,Prepupae,0,1.113,4
151224_f_at,BECKSTPREPU04HR,Development,W1118,Prepupae,0,0.8511,4
151225_at,BECKSTPREPU04HR,Development,W1118,Prepupae,0,1.1518,4
151226_r_at,BECKSTPREPU04HR,Development,W1118,Prepupae,1,1.7279,4
151227_f_at,BECKSTPREPU04HR,Development,W1118,Prepupae,0,0.8523,4
151228_at,BECKSTPREPU04HR,Development,W1118,Prepupae,0,1.0148,4
151229_at,BECKSTPREPU04HR,Development,W1118,Prepupae,0,0.9185,4
151230_at,BECKSTPREPU04HR,Development,W1118,Prepupae,0,1.0968,4
151231_at,BECKSTPREPU04HR,Development,W1118,Prepupae,-1,0.7997,4
151232_at,BECKSTPREPU04HR,Development,W1118,Prepupae,1,1.225,4
151233_r_at,BECKSTPREPU04HR,Development,W1118,Prepupae,1,1.5494,4
151234_at,BECKSTPREPU04HR,Development,W1118,Prepupae,1,1.3721,4
151235_at,BECKSTPREPU04HR,Development,W1118,Prepupae,0,1.0106,4
151236_at,BECKSTPREPU04HR,Development,W1118,Prepupae,1,1.3425,4
151237_at,BECKSTPREPU04HR,Development,W1118,Prepupae,1,1.2541,4
151238_at,BECKSTPREPU04HR,Development,W1118,Prepupae,0,1.1417,4
151239_at,BECKSTPREPU04HR,Development,W1118,Prepupae,0,1.111,4
151240_r_at,BECKSTPREPU04HR,Development,W1118,Prepupae,1,1.3748,4
151241_f_at,BECKSTPREPU04HR,Development,W1118,Prepupae,0,0.9586,4
151242_at,BECKSTPREPU04HR,Development,W1118,Prepupae,0,1.114,4
151243_i_at,BECKSTPREPU04HR,Development,W1118,Prepupae,1,1.2568,4
151244_f_at,BECKSTPREPU04HR,Development,W1118,Prepupae,0,0.8037,4
151245_at,BECKSTPREPU04HR,Development,W1118,Prepupae,0,1.1489,4
151246_at,BECKSTPREPU04HR,Development,W1118,Prepupae,0,1.1857,4
151247_at,BECKSTPREPU04HR,Development,W1118,Prepupae,0,1.1923,4
151248_at,BECKSTPREPU04HR,Development,W1118,Prepupae,1,1.2614,4
151249_at,BECKSTPREPU04HR,Development,W1118,Prepupae,0,1.0942,4
151250_at,BECKSTPREPU04HR,Development,W1118,Prepupae,0,0.8466,4
151251_at,BECKSTPREPU04HR,Development,W1118,Prepupae,1,1.2029,4
151252_at,BECKSTPREPU04HR,Development,W1118,Prepupae,-1,0.7718,4
151253_at,BECKSTPREPU04HR,Development,W1118,Prepupae,0,1.1515,4
151254_at,BECKSTPREPU04HR,Development,W1118,Prepupae,0,1.0006,4
151255_at,BECKSTPREPU04HR,Development,W1118,Prepupae,0,0.9174,4
151256_at,BECKSTPREPU04HR,Development,W1118,Prepupae,1,1.5747,4
151257_at,BECKSTPREPU04HR,Development,W1118,Prepupae,0,1.0867,4
151258_at,BECKSTPREPU04HR,Development,W1118,Prepupae,1,1.25,4
151259_at,BECKSTPREPU04HR,Development,W1118,Prepupae,1,3.1753,4
151260_at,BECKSTPREPU04HR,Development,W1118,Prepupae,0,1.1056,4
151261_at,BECKSTPREPU04HR,Development,W1118,Prepupae,0,1.0981,4
151262_at,BECKSTPREPU04HR,Development,W1118,Prepupae,0,0.8695,4
151263_at,BECKSTPREPU04HR,Development,W1118,Prepupae,0,0.8243,4
151264_at,BECKSTPREPU04HR,Development,W1118,Prepupae,1,1.2877,4
151265_at,BECKSTPREPU04HR,Development,W1118,Prepupae,1,1.4769,4
151266_at,BECKSTPREPU04HR,Development,W1118,Prepupae,0,1.0768,4
151267_at,BECKSTPREPU04HR,Development,W1118,Prepupae,0,1.1359,4
151268_i_at,BECKSTPREPU04HR,Development,W1118,Prepupae,1,1.3233,4
151269_r_at,BECKSTPREPU04HR,Development,W1118,Prepupae,1,1.2115,4
151270_r_at,BECKSTPREPU04HR,Development,W1118,Prepupae,0,1.0779,4
151271_f_at,BECKSTPREPU04HR,Development,W1118,Prepupae,0,1.1799,4
151272_at,BECKSTPREPU04HR,Development,W1118,Prepupae,1,1.3857,4
151273_at,BECKSTPREPU04HR,Development,W1118,Prepupae,0,0.9819,4
151274_at,BECKSTPREPU04HR,Development,W1118,Prepupae,0,0.975,4
151275_r_at,BECKSTPREPU04HR,Development,W1118,Prepupae,1,1.462,4
151276_f_at,BECKSTPREPU04HR,Development,W1118,Prepupae,-1,0.6423,4
151277_i_at,BECKSTPREPU04HR,Development,W1118,Prepupae,0,1.0179,4
151278_r_at,BECKSTPREPU04HR,Development,W1118,Prepupae,0,1.1536,4
151279_at,BECKSTPREPU04HR,Development,W1118,Prepupae,0,0.8227,4
151280_i_at,BECKSTPREPU04HR,Development,W1118,Prepupae,1,1.6684,4
151281_r_at,BECKSTPREPU04HR,Development,W1118,Prepupae,0,1.0714,4
151282_at,BECKSTPREPU04HR,Development,W1118,Prepupae,0,0.9728,4
151283_s_at,BECKSTPREPU04HR,Development,W1118,Prepupae,0,1.0626,4
151284_at,BECKSTPREPU04HR,Development,W1118,Prepupae,0,1.057,4
151285_at,BECKSTPREPU04HR,Development,W1118,Prepupae,1,1.3643,4
151286_at,BECKSTPREPU04HR,Development,W1118,Prepupae,0,1.0109,4
151287_at,BECKSTPREPU04HR,Development,W1118,Prepupae,0,0.9473,4
151288_at,BECKSTPREPU04HR,Development,W1118,Prepupae,0,1.0387,4
151289_at,BECKSTPREPU04HR,Development,W1118,Prepupae,0,1.1043,4
151290_at,BECKSTPREPU04HR,Development,W1118,Prepupae,1,1.6327,4
151291_at,BECKSTPREPU04HR,Development,W1118,Prepupae,-1,0.5648,4
151292_at,BECKSTPREPU04HR,Development,W1118,Prepupae,0,0.9323,4
151293_f_at,BECKSTPREPU04HR,Development,W1118,Prepupae,1,1.4093,4
151294_at,BECKSTPREPU04HR,Development,W1118,Prepupae,1,1.511,4
151295_at,BECKSTPREPU04HR,Development,W1118,Prepupae,0,0.8207,4
151296_i_at,BECKSTPREPU04HR,Development,W1118,Prepupae,1,2.2132,4
151297_at,BECKSTPREPU04HR,Development,W1118,Prepupae,0,1.0815,4
151298_at,BECKSTPREPU04HR,Development,W1118,Prepupae,0,1.0135,4
151299_at,BECKSTPREPU04HR,Development,W1118,Prepupae,-1,0.6625,4
151300_at,BECKSTPREPU04HR,Development,W1118,Prepupae,1,1.3402,4
151301_at,BECKSTPREPU04HR,Development,W1118,Prepupae,0,0.8102,4
151302_at,BECKSTPREPU04HR,Development,W1118,Prepupae,0,1.156,4
151303_at,BECKSTPREPU04HR,Development,W1118,Prepupae,0,0.8562,4
151304_s_at,BECKSTPREPU04HR,Development,W1118,Prepupae,0,1.1545,4
151305_at,BECKSTPREPU04HR,Development,W1118,Prepupae,0,0.963,4
151306_at,BECKSTPREPU04HR,Development,W1118,Prepupae,1,1.4066,4
151307_at,BECKSTPREPU04HR,Development,W1118,Prepupae,1,1.2106,4
151308_at,BECKSTPREPU04HR,Development,W1118,Prepupae,0,1.038,4
151309_at,BECKSTPREPU04HR,Development,W1118,Prepupae,0,0.9012,4
151310_at,BECKSTPREPU04HR,Development,W1118,Prepupae,0,0.9512,4
151311_at,BECKSTPREPU04HR,Development,W1118,Prepupae,-1,0.7444,4
151312_at,BECKSTPREPU04HR,Development,W1118,Prepupae,0,1.175,4
151313_at,BECKSTPREPU04HR,Development,W1118,Prepupae,0,1.0377,4
151314_r_at,BECKSTPREPU04HR,Development,W1118,Prepupae,0,0.9646,4
151315_at,BECKSTPREPU04HR,Development,W1118,Prepupae,1,1.2081,4
151316_at,BECKSTPREPU04HR,Development,W1118,Prepupae,0,1.1864,4
151317_i_at,BECKSTPREPU04HR,Development,W1118,Prepupae,-1,0.6799,4
151318_r_at,BECKSTPREPU04HR,Development,W1118,Prepupae,-1,0.5119,4
151319_at,BECKSTPREPU04HR,Development,W1118,Prepupae,0,1.0843,4
151320_at,BECKSTPREPU04HR,Development,W1118,Prepupae,1,1.3811,4
151321_at,BECKSTPREPU04HR,Development,W1118,Prepupae,1,2.2319,4
151322_at,BECKSTPREPU04HR,Development,W1118,Prepupae,0,1.1,4
151323_at,BECKSTPREPU04HR,Development,W1118,Prepupae,0,0.9487,4
151324_at,BECKSTPREPU04HR,Development,W1118,Prepupae,0,1.0832,4
151325_at,BECKSTPREPU04HR,Development,W1118,Prepupae,0,1.065,4
151326_at,BECKSTPREPU04HR,Development,W1118,Prepupae,0,1.0085,4
151327_at,BECKSTPREPU04HR,Development,W1118,Prepupae,1,1.2219,4
151328_i_at,BECKSTPREPU04HR,Development,W1118,Prepupae,1,1.2839,4
151329_f_at,BECKSTPREPU04HR,Development,W1118,Prepupae,-1,0.7943,4
151330_at,BECKSTPREPU04HR,Development,W1118,Prepupae,0,1.0902,4
151331_i_at,BECKSTPREPU04HR,Development,W1118,Prepupae,1,2.1985,4
151332_r_at,BECKSTPREPU04HR,Development,W1118,Prepupae,-1,0.7785,4
151333_at,BECKSTPREPU04HR,Development,W1118,Prepupae,1,1.4626,4
151334_at,BECKSTPREPU04HR,Development,W1118,Prepupae,0,0.9198,4
151335_at,BECKSTPREPU04HR,Development,W1118,Prepupae,0,1.119,4
151336_at,BECKSTPREPU04HR,Development,W1118,Prepupae,0,1.1424,4
151337_at,BECKSTPREPU04HR,Development,W1118,Prepupae,0,1.0742,4
151338_at,BECKSTPREPU04HR,Development,W1118,Prepupae,0,0.9958,4
151339_at,BECKSTPREPU04HR,Development,W1118,Prepupae,0,1.1882,4
151340_at,BECKSTPREPU04HR,Development,W1118,Prepupae,1,2.1733,4
151341_at,BECKSTPREPU04HR,Development,W1118,Prepupae,0,0.9683,4
151342_i_at,BECKSTPREPU04HR,Development,W1118,Prepupae,0,0.9075,4
151343_r_at,BECKSTPREPU04HR,Development,W1118,Prepupae,0,0.9885,4
151344_at,BECKSTPREPU04HR,Development,W1118,Prepupae,0,0.9338,4
151345_at,BECKSTPREPU04HR,Development,W1118,Prepupae,1,1.4677,4
151346_at,BECKSTPREPU04HR,Development,W1118,Prepupae,1,2.0021,4
151347_i_at,BECKSTPREPU04HR,Development,W1118,Prepupae,-1,0.6019,4
151348_f_at,BECKSTPREPU04HR,Development,W1118,Prepupae,0,0.9541,4
151349_at,BECKSTPREPU04HR,Development,W1118,Prepupae,-1,0.6772,4
151350_at,BECKSTPREPU04HR,Development,W1118,Prepupae,1,1.2216,4
151351_at,BECKSTPREPU04HR,Development,W1118,Prepupae,1,1.4811,4
151352_at,BECKSTPREPU04HR,Development,W1118,Prepupae,-1,0.6165,4
151353_at,BECKSTPREPU04HR,Development,W1118,Prepupae,0,1.1307,4
151354_at,BECKSTPREPU04HR,Development,W1118,Prepupae,1,1.4883,4
151355_at,BECKSTPREPU04HR,Development,W1118,Prepupae,0,1.1634,4
151356_at,BECKSTPREPU04HR,Development,W1118,Prepupae,0,1.0832,4
151357_at,BECKSTPREPU04HR,Development,W1118,Prepupae,0,0.8767,4
151358_at,BECKSTPREPU04HR,Development,W1118,Prepupae,-1,0.6589,4
151359_at,BECKSTPREPU04HR,Development,W1118,Prepupae,1,1.6543,4
151360_at,BECKSTPREPU04HR,Development,W1118,Prepupae,1,1.2533,4
151361_at,BECKSTPREPU04HR,Development,W1118,Prepupae,0,1.0855,4
151362_r_at,BECKSTPREPU04HR,Development,W1118,Prepupae,1,1.4351,4
151363_at,BECKSTPREPU04HR,Development,W1118,Prepupae,1,1.2443,4
151364_at,BECKSTPREPU04HR,Development,W1118,Prepupae,1,1.2713,4
151365_at,BECKSTPREPU04HR,Development,W1118,Prepupae,0,0.9343,4
151366_at,BECKSTPREPU04HR,Development,W1118,Prepupae,1,1.2471,4
151367_at,BECKSTPREPU04HR,Development,W1118,Prepupae,0,0.8917,4
151368_at,BECKSTPREPU04HR,Development,W1118,Prepupae,0,1.0899,4
151369_at,BECKSTPREPU04HR,Development,W1118,Prepupae,1,1.9468,4
151370_at,BECKSTPREPU04HR,Development,W1118,Prepupae,0,0.8666,4
151371_at,BECKSTPREPU04HR,Development,W1118,Prepupae,0,0.9998,4
151372_at,BECKSTPREPU04HR,Development,W1118,Prepupae,0,1.0377,4
151373_at,BECKSTPREPU04HR,Development,W1118,Prepupae,-1,0.7462,4
151374_at,BECKSTPREPU04HR,Development,W1118,Prepupae,1,1.579,4
151375_at,BECKSTPREPU04HR,Development,W1118,Prepupae,1,1.3367,4
151376_at,BECKSTPREPU04HR,Development,W1118,Prepupae,1,1.8494,4
151377_at,BECKSTPREPU04HR,Development,W1118,Prepupae,1,1.4973,4
151378_at,BECKSTPREPU04HR,Development,W1118,Prepupae,-1,0.5033,4
151379_at,BECKSTPREPU04HR,Development,W1118,Prepupae,0,0.9795,4
151380_at,BECKSTPREPU04HR,Development,W1118,Prepupae,-1,0.7916,4
151381_at,BECKSTPREPU04HR,Development,W1118,Prepupae,1,1.3421,4
151382_at,BECKSTPREPU04HR,Development,W1118,Prepupae,1,1.3095,4
151383_at,BECKSTPREPU04HR,Development,W1118,Prepupae,1,2.0642,4
151384_at,BECKSTPREPU04HR,Development,W1118,Prepupae,0,1.123,4
151385_at,BECKSTPREPU04HR,Development,W1118,Prepupae,-1,0.7434,4
151386_at,BECKSTPREPU04HR,Development,W1118,Prepupae,1,1.3342,4
151387_at,BECKSTPREPU04HR,Development,W1118,Prepupae,0,0.9521,4
151388_at,BECKSTPREPU04HR,Development,W1118,Prepupae,0,1.0441,4
151389_at,BECKSTPREPU04HR,Development,W1118,Prepupae,-1,0.7849,4
151390_at,BECKSTPREPU04HR,Development,W1118,Prepupae,0,0.9915,4
151391_at,BECKSTPREPU04HR,Development,W1118,Prepupae,1,1.6317,4
151392_at,BECKSTPREPU04HR,Development,W1118,Prepupae,1,1.5299,4
151393_s_at,BECKSTPREPU04HR,Development,W1118,Prepupae,0,1.0832,4
151394_at,BECKSTPREPU04HR,Development,W1118,Prepupae,0,0.976,4
151395_at,BECKSTPREPU04HR,Development,W1118,Prepupae,0,1.0108,4
151396_at,BECKSTPREPU04HR,Development,W1118,Prepupae,1,1.3898,4
151397_at,BECKSTPREPU04HR,Development,W1118,Prepupae,-1,0.7858,4
151398_at,BECKSTPREPU04HR,Development,W1118,Prepupae,0,1.0968,4
151399_at,BECKSTPREPU04HR,Development,W1118,Prepupae,1,1.4667,4
151400_f_at,BECKSTPREPU04HR,Development,W1118,Prepupae,0,0.8057,4
151401_at,BECKSTPREPU04HR,Development,W1118,Prepupae,1,2.0899,4
151402_at,BECKSTPREPU04HR,Development,W1118,Prepupae,0,1.0705,4
151403_at,BECKSTPREPU04HR,Development,W1118,Prepupae,0,1.1821,4
151404_at,BECKSTPREPU04HR,Development,W1118,Prepupae,-1,0.3569,4
151405_at,BECKSTPREPU04HR,Development,W1118,Prepupae,1,1.2831,4
151406_at,BECKSTPREPU04HR,Development,W1118,Prepupae,0,0.9699,4
151407_at,BECKSTPREPU04HR,Development,W1118,Prepupae,0,1.0476,4
151408_at,BECKSTPREPU04HR,Development,W1118,Prepupae,1,2.0774,4
151409_at,BECKSTPREPU04HR,Development,W1118,Prepupae,-1,0.3013,4
151410_at,BECKSTPREPU04HR,Development,W1118,Prepupae,-1,0.6658,4
151411_at,BECKSTPREPU04HR,Development,W1118,Prepupae,0,1.0404,4
151412_r_at,BECKSTPREPU04HR,Development,W1118,Prepupae,1,2.1136,4
151413_at,BECKSTPREPU04HR,Development,W1118,Prepupae,1,1.4909,4
151414_at,BECKSTPREPU04HR,Development,W1118,Prepupae,1,1.3783,4
151415_at,BECKSTPREPU04HR,Development,W1118,Prepupae,1,2.8851,4
151416_at,BECKSTPREPU04HR,Development,W1118,Prepupae,0,1.1484,4
151417_at,BECKSTPREPU04HR,Development,W1118,Prepupae,0,1.0209,4
151418_at,BECKSTPREPU04HR,Development,W1118,Prepupae,-1,0.7715,4
151419_at,BECKSTPREPU04HR,Development,W1118,Prepupae,0,0.8778,4
151420_s_at,BECKSTPREPU04HR,Development,W1118,Prepupae,0,0.9167,4
151421_at,BECKSTPREPU04HR,Development,W1118,Prepupae,1,2.937,4
151422_at,BECKSTPREPU04HR,Development,W1118,Prepupae,1,3.1354,4
151423_at,BECKSTPREPU04HR,Development,W1118,Prepupae,0,1.0733,4
151424_at,BECKSTPREPU04HR,Development,W1118,Prepupae,0,0.8683,4
151425_at,BECKSTPREPU04HR,Development,W1118,Prepupae,0,1.1394,4
151426_at,BECKSTPREPU04HR,Development,W1118,Prepupae,1,2.0611,4
151427_at,BECKSTPREPU04HR,Development,W1118,Prepupae,1,2.2582,4
151428_at,BECKSTPREPU04HR,Development,W1118,Prepupae,1,1.2022,4
151429_at,BECKSTPREPU04HR,Development,W1118,Prepupae,-1,0.5104,4
151430_at,BECKSTPREPU04HR,Development,W1118,Prepupae,1,1.4028,4
151431_at,BECKSTPREPU04HR,Development,W1118,Prepupae,1,3.9847,4
151432_at,BECKSTPREPU04HR,Development,W1118,Prepupae,0,1.0499,4
151433_at,BECKSTPREPU04HR,Development,W1118,Prepupae,1,1.3053,4
151434_r_at,BECKSTPREPU04HR,Development,W1118,Prepupae,1,4.0233,4
151435_f_at,BECKSTPREPU04HR,Development,W1118,Prepupae,1,1.4554,4
151436_at,BECKSTPREPU04HR,Development,W1118,Prepupae,1,1.2605,4
151437_at,BECKSTPREPU04HR,Development,W1118,Prepupae,1,1.4847,4
151438_at,BECKSTPREPU04HR,Development,W1118,Prepupae,0,1.1571,4
151439_at,BECKSTPREPU04HR,Development,W1118,Prepupae,1,1.5154,4
151440_at,BECKSTPREPU04HR,Development,W1118,Prepupae,1,1.2171,4
151441_at,BECKSTPREPU04HR,Development,W1118,Prepupae,1,2.0624,4
151442_at,BECKSTPREPU04HR,Development,W1118,Prepupae,0,0.8278,4
151443_at,BECKSTPREPU04HR,Development,W1118,Prepupae,0,1.0172,4
151444_at,BECKSTPREPU04HR,Development,W1118,Prepupae,0,0.895,4
151445_at,BECKSTPREPU04HR,Development,W1118,Prepupae,0,1.0753,4
151446_at,BECKSTPREPU04HR,Development,W1118,Prepupae,1,1.483,4
151447_at,BECKSTPREPU04HR,Development,W1118,Prepupae,0,0.8995,4
151448_at,BECKSTPREPU04HR,Development,W1118,Prepupae,1,1.6494,4
151449_at,BECKSTPREPU04HR,Development,W1118,Prepupae,1,2.0528,4
151450_at,BECKSTPREPU04HR,Development,W1118,Prepupae,0,1.0845,4
151451_at,BECKSTPREPU04HR,Development,W1118,Prepupae,0,1.1497,4
151452_at,BECKSTPREPU04HR,Development,W1118,Prepupae,0,0.9606,4
151453_at,BECKSTPREPU04HR,Development,W1118,Prepupae,0,0.9934,4
151454_at,BECKSTPREPU04HR,Development,W1118,Prepupae,0,1.1412,4
151455_at,BECKSTPREPU04HR,Development,W1118,Prepupae,0,1.1949,4
151456_at,BECKSTPREPU04HR,Development,W1118,Prepupae,0,1.0057,4
151457_at,BECKSTPREPU04HR,Development,W1118,Prepupae,1,1.3499,4
151458_at,BECKSTPREPU04HR,Development,W1118,Prepupae,0,0.9174,4
151459_at,BECKSTPREPU04HR,Development,W1118,Prepupae,1,2.8781,4
151460_i_at,BECKSTPREPU04HR,Development,W1118,Prepupae,-1,0.5855,4
151461_r_at,BECKSTPREPU04HR,Development,W1118,Prepupae,-1,0.4994,4
151462_at,BECKSTPREPU04HR,Development,W1118,Prepupae,1,1.8657,4
151463_at,BECKSTPREPU04HR,Development,W1118,Prepupae,0,1.0874,4
151464_at,BECKSTPREPU04HR,Development,W1118,Prepupae,1,1.3622,4
151465_at,BECKSTPREPU04HR,Development,W1118,Prepupae,1,1.4542,4
151466_at,BECKSTPREPU04HR,Development,W1118,Prepupae,0,0.9606,4
151467_at,BECKSTPREPU04HR,Development,W1118,Prepupae,-1,0.6553,4
151468_s_at,BECKSTPREPU04HR,Development,W1118,Prepupae,-1,0.6904,4
151469_i_at,BECKSTPREPU04HR,Development,W1118,Prepupae,-1,0.771,4
151470_s_at,BECKSTPREPU04HR,Development,W1118,Prepupae,0,0.9893,4
151471_at,BECKSTPREPU04HR,Development,W1118,Prepupae,0,1.1645,4
151472_at,BECKSTPREPU04HR,Development,W1118,Prepupae,-1,0.4768,4
151473_i_at,BECKSTPREPU04HR,Development,W1118,Prepupae,-1,0.7398,4
151474_s_at,BECKSTPREPU04HR,Development,W1118,Prepupae,-1,0.6772,4
151475_at,BECKSTPREPU04HR,Development,W1118,Prepupae,-1,0.6969,4
151476_at,BECKSTPREPU04HR,Development,W1118,Prepupae,1,1.7981,4
151477_at,BECKSTPREPU04HR,Development,W1118,Prepupae,1,1.4117,4
151478_at,BECKSTPREPU04HR,Development,W1118,Prepupae,-1,0.5806,4
151479_at,BECKSTPREPU04HR,Development,W1118,Prepupae,-1,0.7376,4
151480_at,BECKSTPREPU04HR,Development,W1118,Prepupae,0,0.8713,4
151481_s_at,BECKSTPREPU04HR,Development,W1118,Prepupae,1,1.2493,4
151482_r_at,BECKSTPREPU04HR,Development,W1118,Prepupae,-1,0.707,4
151483_at,BECKSTPREPU04HR,Development,W1118,Prepupae,0,1.1918,4
151484_i_at,BECKSTPREPU04HR,Development,W1118,Prepupae,-1,0.7122,4
151485_s_at,BECKSTPREPU04HR,Development,W1118,Prepupae,1,2.0121,4
151486_at,BECKSTPREPU04HR,Development,W1118,Prepupae,-1,0.6877,4
151487_at,BECKSTPREPU04HR,Development,W1118,Prepupae,-1,0.6325,4
151488_s_at,BECKSTPREPU04HR,Development,W1118,Prepupae,1,1.2959,4
151489_r_at,BECKSTPREPU04HR,Development,W1118,Prepupae,0,0.9581,4
151490_s_at,BECKSTPREPU04HR,Development,W1118,Prepupae,0,0.923,4
151491_at,BECKSTPREPU04HR,Development,W1118,Prepupae,1,1.3467,4
151492_at,BECKSTPREPU04HR,Development,W1118,Prepupae,0,1.0697,4
151493_at,BECKSTPREPU04HR,Development,W1118,Prepupae,1,1.3466,4
151494_at,BECKSTPREPU04HR,Development,W1118,Prepupae,0,0.8247,4
151495_at,BECKSTPREPU04HR,Development,W1118,Prepupae,1,1.456,4
151496_s_at,BECKSTPREPU04HR,Development,W1118,Prepupae,-1,0.6741,4
151497_at,BECKSTPREPU04HR,Development,W1118,Prepupae,0,1.0631,4
151498_at,BECKSTPREPU04HR,Development,W1118,Prepupae,0,0.8667,4
151499_at,BECKSTPREPU04HR,Development,W1118,Prepupae,-1,0.7412,4
151500_at,BECKSTPREPU04HR,Development,W1118,Prepupae,0,1.0553,4
151501_at,BECKSTPREPU04HR,Development,W1118,Prepupae,0,0.9471,4
151502_r_at,BECKSTPREPU04HR,Development,W1118,Prepupae,-1,0.7526,4
151503_at,BECKSTPREPU04HR,Development,W1118,Prepupae,0,1.1028,4
151504_i_at,BECKSTPREPU04HR,Development,W1118,Prepupae,-1,0.6739,4
151505_s_at,BECKSTPREPU04HR,Development,W1118,Prepupae,0,0.9677,4
151506_at,BECKSTPREPU04HR,Development,W1118,Prepupae,-1,0.7013,4
151507_at,BECKSTPREPU04HR,Development,W1118,Prepupae,1,1.489,4
151508_at,BECKSTPREPU04HR,Development,W1118,Prepupae,-1,0.6392,4
151509_at,BECKSTPREPU04HR,Development,W1118,Prepupae,-1,0.7697,4
151510_s_at,BECKSTPREPU04HR,Development,W1118,Prepupae,0,1.0372,4
151511_r_at,BECKSTPREPU04HR,Development,W1118,Prepupae,-1,0.4902,4
151512_at,BECKSTPREPU04HR,Development,W1118,Prepupae,0,1.1205,4
151513_at,BECKSTPREPU04HR,Development,W1118,Prepupae,1,2.1835,4
151514_at,BECKSTPREPU04HR,Development,W1118,Prepupae,0,0.8525,4
151515_at,BECKSTPREPU04HR,Development,W1118,Prepupae,0,0.9305,4
151516_at,BECKSTPREPU04HR,Development,W1118,Prepupae,0,0.8753,4
151517_at,BECKSTPREPU04HR,Development,W1118,Prepupae,0,0.8702,4
151518_at,BECKSTPREPU04HR,Development,W1118,Prepupae,-1,0.6774,4
151519_at,BECKSTPREPU04HR,Development,W1118,Prepupae,0,1.0654,4
151520_i_at,BECKSTPREPU04HR,Development,W1118,Prepupae,0,1.1728,4
151521_r_at,BECKSTPREPU04HR,Development,W1118,Prepupae,-1,0.1337,4
151522_at,BECKSTPREPU04HR,Development,W1118,Prepupae,0,1.0339,4
151523_s_at,BECKSTPREPU04HR,Development,W1118,Prepupae,1,1.8824,4
151524_r_at,BECKSTPREPU04HR,Development,W1118,Prepupae,0,0.8572,4
151525_at,BECKSTPREPU04HR,Development,W1118,Prepupae,0,0.8641,4
151526_at,BECKSTPREPU04HR,Development,W1118,Prepupae,1,3.0398,4
151527_at,BECKSTPREPU04HR,Development,W1118,Prepupae,0,0.9864,4
151528_at,BECKSTPREPU04HR,Development,W1118,Prepupae,1,1.2782,4
151529_at,BECKSTPREPU04HR,Development,W1118,Prepupae,0,0.8394,4
151530_i_at,BECKSTPREPU04HR,Development,W1118,Prepupae,1,2.1069,4
151531_s_at,BECKSTPREPU04HR,Development,W1118,Prepupae,0,1.1069,4
151532_at,BECKSTPREPU04HR,Development,W1118,Prepupae,0,0.903,4
151533_at,BECKSTPREPU04HR,Development,W1118,Prepupae,0,1.0133,4
151534_at,BECKSTPREPU04HR,Development,W1118,Prepupae,-1,0.5939,4
151535_at,BECKSTPREPU04HR,Development,W1118,Prepupae,1,1.6563,4
151536_at,BECKSTPREPU04HR,Development,W1118,Prepupae,0,1.1854,4
151537_at,BECKSTPREPU04HR,Development,W1118,Prepupae,0,1.1859,4
151538_s_at,BECKSTPREPU04HR,Development,W1118,Prepupae,0,0.9385,4
151539_at,BECKSTPREPU04HR,Development,W1118,Prepupae,0,1.0316,4
151540_at,BECKSTPREPU04HR,Development,W1118,Prepupae,0,0.9061,4
151541_s_at,BECKSTPREPU04HR,Development,W1118,Prepupae,1,1.4781,4
151542_r_at,BECKSTPREPU04HR,Development,W1118,Prepupae,1,1.2794,4
151543_at,BECKSTPREPU04HR,Development,W1118,Prepupae,0,0.8448,4
151544_s_at,BECKSTPREPU04HR,Development,W1118,Prepupae,0,1.1096,4
151545_at,BECKSTPREPU04HR,Development,W1118,Prepupae,-1,0.77,4
151546_i_at,BECKSTPREPU04HR,Development,W1118,Prepupae,1,2.9089,4
151547_r_at,BECKSTPREPU04HR,Development,W1118,Prepupae,0,0.9754,4
151548_at,BECKSTPREPU04HR,Development,W1118,Prepupae,0,0.9524,4
151549_i_at,BECKSTPREPU04HR,Development,W1118,Prepupae,1,2.5084,4
151550_s_at,BECKSTPREPU04HR,Development,W1118,Prepupae,1,1.9744,4
151551_i_at,BECKSTPREPU04HR,Development,W1118,Prepupae,0,1.0001,4
151552_s_at,BECKSTPREPU04HR,Development,W1118,Prepupae,0,0.8718,4
151553_at,BECKSTPREPU04HR,Development,W1118,Prepupae,0,0.9213,4
151554_at,BECKSTPREPU04HR,Development,W1118,Prepupae,-1,0.5503,4
151555_at,BECKSTPREPU04HR,Development,W1118,Prepupae,0,0.8647,4
151556_s_at,BECKSTPREPU04HR,Development,W1118,Prepupae,1,1.3318,4
151557_i_at,BECKSTPREPU04HR,Development,W1118,Prepupae,-1,0.3971,4
151558_r_at,BECKSTPREPU04HR,Development,W1118,Prepupae,-1,0.5633,4
151559_at,BECKSTPREPU04HR,Development,W1118,Prepupae,1,1.4678,4
151560_s_at,BECKSTPREPU04HR,Development,W1118,Prepupae,-1,0.7271,4
151561_at,BECKSTPREPU04HR,Development,W1118,Prepupae,1,2.0368,4
151562_at,BECKSTPREPU04HR,Development,W1118,Prepupae,-1,0.5694,4
151563_at,BECKSTPREPU04HR,Development,W1118,Prepupae,1,1.3011,4
151564_at,BECKSTPREPU04HR,Development,W1118,Prepupae,1,1.2763,4
151565_at,BECKSTPREPU04HR,Development,W1118,Prepupae,1,1.3797,4
151566_at,BECKSTPREPU04HR,Development,W1118,Prepupae,-1,0.7329,4
151567_at,BECKSTPREPU04HR,Development,W1118,Prepupae,-1,0.5357,4
151568_at,BECKSTPREPU04HR,Development,W1118,Prepupae,-1,0.65,4
151569_at,BECKSTPREPU04HR,Development,W1118,Prepupae,-1,0.7812,4
151570_at,BECKSTPREPU04HR,Development,W1118,Prepupae,0,0.8558,4
151571_at,BECKSTPREPU04HR,Development,W1118,Prepupae,0,0.8125,4
151572_r_at,BECKSTPREPU04HR,Development,W1118,Prepupae,-1,0.5156,4
151573_at,BECKSTPREPU04HR,Development,W1118,Prepupae,-1,0.7738,4
151574_r_at,BECKSTPREPU04HR,Development,W1118,Prepupae,0,1.1071,4
151575_at,BECKSTPREPU04HR,Development,W1118,Prepupae,0,1.0064,4
151576_s_at,BECKSTPREPU04HR,Development,W1118,Prepupae,0,0.8585,4
151577_at,BECKSTPREPU04HR,Development,W1118,Prepupae,-1,0.619,4
151578_s_at,BECKSTPREPU04HR,Development,W1118,Prepupae,0,1.1091,4
151579_s_at,BECKSTPREPU04HR,Development,W1118,Prepupae,1,1.242,4
151580_at,BECKSTPREPU04HR,Development,W1118,Prepupae,1,1.5992,4
151581_i_at,BECKSTPREPU04HR,Development,W1118,Prepupae,-1,0.7778,4
151582_r_at,BECKSTPREPU04HR,Development,W1118,Prepupae,0,1.1111,4
151583_s_at,BECKSTPREPU04HR,Development,W1118,Prepupae,0,0.907,4
151584_r_at,BECKSTPREPU04HR,Development,W1118,Prepupae,0,1.002,4
151585_at,BECKSTPREPU04HR,Development,W1118,Prepupae,-1,0.7282,4
151586_at,BECKSTPREPU04HR,Development,W1118,Prepupae,-1,0.7434,4
151587_at,BECKSTPREPU04HR,Development,W1118,Prepupae,-1,0.7417,4
151588_s_at,BECKSTPREPU04HR,Development,W1118,Prepupae,1,1.3442,4
151589_s_at,BECKSTPREPU04HR,Development,W1118,Prepupae,-1,0.6814,4
151590_s_at,BECKSTPREPU04HR,Development,W1118,Prepupae,1,1.8387,4
151591_at,BECKSTPREPU04HR,Development,W1118,Prepupae,1,1.5541,4
151592_at,BECKSTPREPU04HR,Development,W1118,Prepupae,-1,0.7616,4
151593_s_at,BECKSTPREPU04HR,Development,W1118,Prepupae,0,1.0119,4
151594_at,BECKSTPREPU04HR,Development,W1118,Prepupae,-1,0.7791,4
151595_at,BECKSTPREPU04HR,Development,W1118,Prepupae,-1,0.6,4
151596_s_at,BECKSTPREPU04HR,Development,W1118,Prepupae,1,1.2015,4
151597_s_at,BECKSTPREPU04HR,Development,W1118,Prepupae,0,0.8191,4
151598_at,BECKSTPREPU04HR,Development,W1118,Prepupae,-1,0.7478,4
151599_at,BECKSTPREPU04HR,Development,W1118,Prepupae,-1,0.5886,4
151600_at,BECKSTPREPU04HR,Development,W1118,Prepupae,1,1.2339,4
151601_at,BECKSTPREPU04HR,Development,W1118,Prepupae,0,0.9624,4
151602_at,BECKSTPREPU04HR,Development,W1118,Prepupae,0,0.8768,4
151603_at,BECKSTPREPU04HR,Development,W1118,Prepupae,-1,0.7741,4
151604_s_at,BECKSTPREPU04HR,Development,W1118,Prepupae,1,1.2836,4
151605_at,BECKSTPREPU04HR,Development,W1118,Prepupae,1,2.6182,4
151606_at,BECKSTPREPU04HR,Development,W1118,Prepupae,0,0.9213,4
151607_at,BECKSTPREPU04HR,Development,W1118,Prepupae,1,1.2351,4
151608_s_at,BECKSTPREPU04HR,Development,W1118,Prepupae,1,1.4445,4
151609_at,BECKSTPREPU04HR,Development,W1118,Prepupae,-1,0.6357,4
151610_at,BECKSTPREPU04HR,Development,W1118,Prepupae,-1,0.7958,4
151611_at,BECKSTPREPU04HR,Development,W1118,Prepupae,-1,0.5986,4
151612_at,BECKSTPREPU04HR,Development,W1118,Prepupae,0,0.9033,4
151613_at,BECKSTPREPU04HR,Development,W1118,Prepupae,-1,0.429,4
151614_at,BECKSTPREPU04HR,Development,W1118,Prepupae,0,1.0793,4
151615_at,BECKSTPREPU04HR,Development,W1118,Prepupae,-1,0.6908,4
151616_i_at,BECKSTPREPU04HR,Development,W1118,Prepupae,0,0.9247,4
151617_s_at,BECKSTPREPU04HR,Development,W1118,Prepupae,0,0.988,4
151618_at,BECKSTPREPU04HR,Development,W1118,Prepupae,0,1.0183,4
151619_at,BECKSTPREPU04HR,Development,W1118,Prepupae,0,0.9159,4
151620_at,BECKSTPREPU04HR,Development,W1118,Prepupae,-1,0.6509,4
151621_at,BECKSTPREPU04HR,Development,W1118,Prepupae,0,0.8866,4
151622_at,BECKSTPREPU04HR,Development,W1118,Prepupae,-1,0.562,4
151623_at,BECKSTPREPU04HR,Development,W1118,Prepupae,-1,0.6725,4
151624_s_at,BECKSTPREPU04HR,Development,W1118,Prepupae,0,1.0027,4
151625_at,BECKSTPREPU04HR,Development,W1118,Prepupae,-1,0.7501,4
151626_at,BECKSTPREPU04HR,Development,W1118,Prepupae,1,1.3737,4
151627_s_at,BECKSTPREPU04HR,Development,W1118,Prepupae,-1,0.7031,4
151628_at,BECKSTPREPU04HR,Development,W1118,Prepupae,-1,0.4507,4
151629_at,BECKSTPREPU04HR,Development,W1118,Prepupae,-1,0.6427,4
151630_at,BECKSTPREPU04HR,Development,W1118,Prepupae,0,1.0407,4
151631_at,BECKSTPREPU04HR,Development,W1118,Prepupae,-1,0.609,4
151632_i_at,BECKSTPREPU04HR,Development,W1118,Prepupae,1,1.2523,4
151633_r_at,BECKSTPREPU04HR,Development,W1118,Prepupae,0,1.1613,4
151634_at,BECKSTPREPU04HR,Development,W1118,Prepupae,-1,0.698,4
151635_s_at,BECKSTPREPU04HR,Development,W1118,Prepupae,-1,0.6997,4
151636_at,BECKSTPREPU04HR,Development,W1118,Prepupae,-1,0.5572,4
151637_at,BECKSTPREPU04HR,Development,W1118,Prepupae,-1,0.5636,4
151638_s_at,BECKSTPREPU04HR,Development,W1118,Prepupae,0,0.8568,4
151639_s_at,BECKSTPREPU04HR,Development,W1118,Prepupae,1,1.5801,4
151640_at,BECKSTPREPU04HR,Development,W1118,Prepupae,1,1.2552,4
151641_at,BECKSTPREPU04HR,Development,W1118,Prepupae,0,0.836,4
151642_at,BECKSTPREPU04HR,Development,W1118,Prepupae,0,0.9456,4
151643_at,BECKSTPREPU04HR,Development,W1118,Prepupae,0,0.9906,4
151644_at,BECKSTPREPU04HR,Development,W1118,Prepupae,-1,0.7463,4
151645_at,BECKSTPREPU04HR,Development,W1118,Prepupae,-1,0.3576,4
151646_at,BECKSTPREPU04HR,Development,W1118,Prepupae,1,1.2118,4
151647_at,BECKSTPREPU04HR,Development,W1118,Prepupae,-1,0.7153,4
151648_at,BECKSTPREPU04HR,Development,W1118,Prepupae,-1,0.7323,4
151649_at,BECKSTPREPU04HR,Development,W1118,Prepupae,1,1.2896,4
151650_at,BECKSTPREPU04HR,Development,W1118,Prepupae,0,0.9756,4
151651_at,BECKSTPREPU04HR,Development,W1118,Prepupae,-1,0.6029,4
151652_at,BECKSTPREPU04HR,Development,W1118,Prepupae,-1,0.5595,4
151653_at,BECKSTPREPU04HR,Development,W1118,Prepupae,-1,0.6345,4
151654_r_at,BECKSTPREPU04HR,Development,W1118,Prepupae,-1,0.7166,4
151655_at,BECKSTPREPU04HR,Development,W1118,Prepupae,0,1.1128,4
151656_at,BECKSTPREPU04HR,Development,W1118,Prepupae,-1,0.5639,4
151657_at,BECKSTPREPU04HR,Development,W1118,Prepupae,-1,0.5754,4
151658_at,BECKSTPREPU04HR,Development,W1118,Prepupae,-1,0.5285,4
151659_at,BECKSTPREPU04HR,Development,W1118,Prepupae,1,1.3027,4
151660_at,BECKSTPREPU04HR,Development,W1118,Prepupae,1,1.7316,4
151661_s_at,BECKSTPREPU04HR,Development,W1118,Prepupae,-1,0.7138,4
151662_s_at,BECKSTPREPU04HR,Development,W1118,Prepupae,-1,0.7332,4
151663_at,BECKSTPREPU04HR,Development,W1118,Prepupae,-1,0.5204,4
151664_at,BECKSTPREPU04HR,Development,W1118,Prepupae,0,0.9151,4
151665_at,BECKSTPREPU04HR,Development,W1118,Prepupae,0,1.0885,4
151666_s_at,BECKSTPREPU04HR,Development,W1118,Prepupae,0,0.9313,4
151667_s_at,BECKSTPREPU04HR,Development,W1118,Prepupae,0,0.9197,4
151668_r_at,BECKSTPREPU04HR,Development,W1118,Prepupae,-1,0.4644,4
151669_at,BECKSTPREPU04HR,Development,W1118,Prepupae,-1,0.5702,4
151670_at,BECKSTPREPU04HR,Development,W1118,Prepupae,0,0.9426,4
151671_at,BECKSTPREPU04HR,Development,W1118,Prepupae,-1,0.4094,4
151672_at,BECKSTPREPU04HR,Development,W1118,Prepupae,0,1.0233,4
151673_s_at,BECKSTPREPU04HR,Development,W1118,Prepupae,0,0.9975,4
151674_r_at,BECKSTPREPU04HR,Development,W1118,Prepupae,-1,0.5479,4
151675_s_at,BECKSTPREPU04HR,Development,W1118,Prepupae,1,1.4888,4
151676_at,BECKSTPREPU04HR,Development,W1118,Prepupae,0,1.1649,4
151677_at,BECKSTPREPU04HR,Development,W1118,Prepupae,0,0.8526,4
151678_at,BECKSTPREPU04HR,Development,W1118,Prepupae,-1,0.6223,4
151679_s_at,BECKSTPREPU04HR,Development,W1118,Prepupae,1,1.9461,4
151680_at,BECKSTPREPU04HR,Development,W1118,Prepupae,-1,0.7381,4
151681_at,BECKSTPREPU04HR,Development,W1118,Prepupae,-1,0.7568,4
151682_at,BECKSTPREPU04HR,Development,W1118,Prepupae,0,1.1033,4
151683_at,BECKSTPREPU04HR,Development,W1118,Prepupae,-1,0.7435,4
151684_i_at,BECKSTPREPU04HR,Development,W1118,Prepupae,-1,0.6943,4
151685_r_at,BECKSTPREPU04HR,Development,W1118,Prepupae,-1,0.702,4
151686_s_at,BECKSTPREPU04HR,Development,W1118,Prepupae,0,0.9576,4
151687_s_at,BECKSTPREPU04HR,Development,W1118,Prepupae,-1,0.5628,4
151688_s_at,BECKSTPREPU04HR,Development,W1118,Prepupae,0,0.9608,4
151689_s_at,BECKSTPREPU04HR,Development,W1118,Prepupae,-1,0.7284,4
151690_at,BECKSTPREPU04HR,Development,W1118,Prepupae,0,0.904,4
151691_at,BECKSTPREPU04HR,Development,W1118,Prepupae,-1,0.372,4
151692_i_at,BECKSTPREPU04HR,Development,W1118,Prepupae,-1,0.7149,4
151693_s_at,BECKSTPREPU04HR,Development,W1118,Prepupae,0,0.9283,4
151694_at,BECKSTPREPU04HR,Development,W1118,Prepupae,-1,0.5634,4
151695_at,BECKSTPREPU04HR,Development,W1118,Prepupae,1,1.6997,4
151696_at,BECKSTPREPU04HR,Development,W1118,Prepupae,1,1.4959,4
151697_at,BECKSTPREPU04HR,Development,W1118,Prepupae,0,0.8353,4
151698_at,BECKSTPREPU04HR,Development,W1118,Prepupae,-1,0.5225,4
151699_at,BECKSTPREPU04HR,Development,W1118,Prepupae,0,0.878,4
151700_at,BECKSTPREPU04HR,Development,W1118,Prepupae,-1,0.6441,4
151701_s_at,BECKSTPREPU04HR,Development,W1118,Prepupae,-1,0.796,4
151702_r_at,BECKSTPREPU04HR,Development,W1118,Prepupae,-1,0.664,4
151703_at,BECKSTPREPU04HR,Development,W1118,Prepupae,-1,0.5187,4
151704_s_at,BECKSTPREPU04HR,Development,W1118,Prepupae,0,0.9083,4
151705_r_at,BECKSTPREPU04HR,Development,W1118,Prepupae,0,1.199,4
151706_s_at,BECKSTPREPU04HR,Development,W1118,Prepupae,0,0.8301,4
151707_s_at,BECKSTPREPU04HR,Development,W1118,Prepupae,0,0.9183,4
151708_s_at,BECKSTPREPU04HR,Development,W1118,Prepupae,0,1.0045,4
151709_r_at,BECKSTPREPU04HR,Development,W1118,Prepupae,-1,0.6189,4
151710_at,BECKSTPREPU04HR,Development,W1118,Prepupae,0,0.9223,4
151711_at,BECKSTPREPU04HR,Development,W1118,Prepupae,0,0.8409,4
151712_at,BECKSTPREPU04HR,Development,W1118,Prepupae,-1,0.2804,4
151713_at,BECKSTPREPU04HR,Development,W1118,Prepupae,-1,0.3072,4
151714_at,BECKSTPREPU04HR,Development,W1118,Prepupae,0,1.0914,4
151715_at,BECKSTPREPU04HR,Development,W1118,Prepupae,-1,0.6186,4
151716_s_at,BECKSTPREPU04HR,Development,W1118,Prepupae,0,1.0439,4
151717_s_at,BECKSTPREPU04HR,Development,W1118,Prepupae,1,1.2136,4
151718_at,BECKSTPREPU04HR,Development,W1118,Prepupae,-1,0.7745,4
151719_s_at,BECKSTPREPU04HR,Development,W1118,Prepupae,0,0.8799,4
151720_at,BECKSTPREPU04HR,Development,W1118,Prepupae,1,1.5008,4
151721_at,BECKSTPREPU04HR,Development,W1118,Prepupae,-1,0.3864,4
151722_at,BECKSTPREPU04HR,Development,W1118,Prepupae,0,0.9697,4
151723_at,BECKSTPREPU04HR,Development,W1118,Prepupae,-1,0.4854,4
151724_at,BECKSTPREPU04HR,Development,W1118,Prepupae,-1,0.6964,4
151725_s_at,BECKSTPREPU04HR,Development,W1118,Prepupae,0,1.1943,4
151726_at,BECKSTPREPU04HR,Development,W1118,Prepupae,-1,0.7221,4
151727_s_at,BECKSTPREPU04HR,Development,W1118,Prepupae,1,1.3231,4
151728_at,BECKSTPREPU04HR,Development,W1118,Prepupae,0,0.947,4
151729_at,BECKSTPREPU04HR,Development,W1118,Prepupae,-1,0.645,4
151730_at,BECKSTPREPU04HR,Development,W1118,Prepupae,1,1.484,4
151731_at,BECKSTPREPU04HR,Development,W1118,Prepupae,1,2.4928,4
151732_at,BECKSTPREPU04HR,Development,W1118,Prepupae,-1,0.4144,4
151733_at,BECKSTPREPU04HR,Development,W1118,Prepupae,-1,0.6913,4
151734_at,BECKSTPREPU04HR,Development,W1118,Prepupae,-1,0.5897,4
151735_at,BECKSTPREPU04HR,Development,W1118,Prepupae,-1,0.687,4
151736_at,BECKSTPREPU04HR,Development,W1118,Prepupae,-1,0.6871,4
151737_at,BECKSTPREPU04HR,Development,W1118,Prepupae,1,1.328,4
151738_at,BECKSTPREPU04HR,Development,W1118,Prepupae,0,1.1888,4
151739_at,BECKSTPREPU04HR,Development,W1118,Prepupae,1,1.5511,4
151740_at,BECKSTPREPU04HR,Development,W1118,Prepupae,-1,0.6769,4
151741_at,BECKSTPREPU04HR,Development,W1118,Prepupae,1,1.3469,4
151742_at,BECKSTPREPU04HR,Development,W1118,Prepupae,-1,0.7292,4
151743_s_at,BECKSTPREPU04HR,Development,W1118,Prepupae,0,1.1859,4
151744_at,BECKSTPREPU04HR,Development,W1118,Prepupae,0,0.8073,4
151745_at,BECKSTPREPU04HR,Development,W1118,Prepupae,0,0.8535,4
151746_at,BECKSTPREPU04HR,Development,W1118,Prepupae,1,1.9795,4
151747_s_at,BECKSTPREPU04HR,Development,W1118,Prepupae,-1,0.6932,4
151748_at,BECKSTPREPU04HR,Development,W1118,Prepupae,-1,0.648,4
151749_at,BECKSTPREPU04HR,Development,W1118,Prepupae,0,0.8024,4
151750_at,BECKSTPREPU04HR,Development,W1118,Prepupae,1,2.1776,4
151751_at,BECKSTPREPU04HR,Development,W1118,Prepupae,-1,0.4178,4
151752_s_at,BECKSTPREPU04HR,Development,W1118,Prepupae,0,1.193,4
151753_r_at,BECKSTPREPU04HR,Development,W1118,Prepupae,-1,0.5088,4
151754_at,BECKSTPREPU04HR,Development,W1118,Prepupae,-1,0.541,4
151755_at,BECKSTPREPU04HR,Development,W1118,Prepupae,-1,0.7128,4
151756_at,BECKSTPREPU04HR,Development,W1118,Prepupae,-1,0.5302,4
151757_s_at,BECKSTPREPU04HR,Development,W1118,Prepupae,-1,0.7073,4
151758_at,BECKSTPREPU04HR,Development,W1118,Prepupae,-1,0.4836,4
151759_s_at,BECKSTPREPU04HR,Development,W1118,Prepupae,0,0.8188,4
151760_at,BECKSTPREPU04HR,Development,W1118,Prepupae,-1,0.5585,4
151761_at,BECKSTPREPU04HR,Development,W1118,Prepupae,0,0.9448,4
151762_s_at,BECKSTPREPU04HR,Development,W1118,Prepupae,-1,0.7345,4
151763_at,BECKSTPREPU04HR,Development,W1118,Prepupae,0,1.0624,4
151764_at,BECKSTPREPU04HR,Development,W1118,Prepupae,1,2.1642,4
151765_at,BECKSTPREPU04HR,Development,W1118,Prepupae,0,0.9768,4
151766_at,BECKSTPREPU04HR,Development,W1118,Prepupae,1,1.5763,4
151767_at,BECKSTPREPU04HR,Development,W1118,Prepupae,-1,0.5086,4
151768_at,BECKSTPREPU04HR,Development,W1118,Prepupae,-1,0.5744,4
151769_at,BECKSTPREPU04HR,Development,W1118,Prepupae,0,1.1395,4
151770_at,BECKSTPREPU04HR,Development,W1118,Prepupae,0,1.1779,4
151771_at,BECKSTPREPU04HR,Development,W1118,Prepupae,0,0.8166,4
151772_at,BECKSTPREPU04HR,Development,W1118,Prepupae,0,1.0069,4
151773_at,BECKSTPREPU04HR,Development,W1118,Prepupae,0,0.873,4
151774_at,BECKSTPREPU04HR,Development,W1118,Prepupae,0,0.8802,4
151775_at,BECKSTPREPU04HR,Development,W1118,Prepupae,0,0.8169,4
151776_at,BECKSTPREPU04HR,Development,W1118,Prepupae,0,1.1991,4
151777_at,BECKSTPREPU04HR,Development,W1118,Prepupae,0,0.8303,4
151778_at,BECKSTPREPU04HR,Development,W1118,Prepupae,1,1.5103,4
151779_at,BECKSTPREPU04HR,Development,W1118,Prepupae,-1,0.6194,4
151780_at,BECKSTPREPU04HR,Development,W1118,Prepupae,0,0.9728,4
151781_at,BECKSTPREPU04HR,Development,W1118,Prepupae,1,1.4436,4
151782_at,BECKSTPREPU04HR,Development,W1118,Prepupae,0,1.0536,4
151783_at,BECKSTPREPU04HR,Development,W1118,Prepupae,1,1.2751,4
151784_at,BECKSTPREPU04HR,Development,W1118,Prepupae,0,0.9926,4
151785_at,BECKSTPREPU04HR,Development,W1118,Prepupae,0,0.852,4
151786_at,BECKSTPREPU04HR,Development,W1118,Prepupae,-1,0.7251,4
151787_at,BECKSTPREPU04HR,Development,W1118,Prepupae,-1,0.7797,4
151788_at,BECKSTPREPU04HR,Development,W1118,Prepupae,0,1.0371,4
151789_at,BECKSTPREPU04HR,Development,W1118,Prepupae,0,0.8094,4
151790_at,BECKSTPREPU04HR,Development,W1118,Prepupae,0,0.8921,4
151791_at,BECKSTPREPU04HR,Development,W1118,Prepupae,0,0.9068,4
151792_at,BECKSTPREPU04HR,Development,W1118,Prepupae,0,0.9499,4
151793_at,BECKSTPREPU04HR,Development,W1118,Prepupae,1,1.457,4
151794_at,BECKSTPREPU04HR,Development,W1118,Prepupae,-1,0.6995,4
151795_at,BECKSTPREPU04HR,Development,W1118,Prepupae,0,0.899,4
151796_at,BECKSTPREPU04HR,Development,W1118,Prepupae,0,1.1856,4
151797_at,BECKSTPREPU04HR,Development,W1118,Prepupae,-1,0.6362,4
151798_at,BECKSTPREPU04HR,Development,W1118,Prepupae,1,1.2501,4
151799_at,BECKSTPREPU04HR,Development,W1118,Prepupae,0,0.9387,4
151800_at,BECKSTPREPU04HR,Development,W1118,Prepupae,1,1.6107,4
151801_at,BECKSTPREPU04HR,Development,W1118,Prepupae,0,0.9788,4
151802_at,BECKSTPREPU04HR,Development,W1118,Prepupae,1,1.2932,4
151803_at,BECKSTPREPU04HR,Development,W1118,Prepupae,-1,0.548,4
151804_at,BECKSTPREPU04HR,Development,W1118,Prepupae,-1,0.5466,4
151805_at,BECKSTPREPU04HR,Development,W1118,Prepupae,0,1.0196,4
151806_at,BECKSTPREPU04HR,Development,W1118,Prepupae,-1,0.5485,4
151807_at,BECKSTPREPU04HR,Development,W1118,Prepupae,-1,0.794,4
151808_at,BECKSTPREPU04HR,Development,W1118,Prepupae,0,1.034,4
151809_at,BECKSTPREPU04HR,Development,W1118,Prepupae,0,1.0213,4
151810_at,BECKSTPREPU04HR,Development,W1118,Prepupae,0,1.0194,4
151811_at,BECKSTPREPU04HR,Development,W1118,Prepupae,1,1.7317,4
151812_at,BECKSTPREPU04HR,Development,W1118,Prepupae,0,1.1279,4
151813_at,BECKSTPREPU04HR,Development,W1118,Prepupae,0,1.0807,4
151814_at,BECKSTPREPU04HR,Development,W1118,Prepupae,0,1.198,4
151815_at,BECKSTPREPU04HR,Development,W1118,Prepupae,1,1.3382,4
151816_at,BECKSTPREPU04HR,Development,W1118,Prepupae,0,0.9111,4
151817_at,BECKSTPREPU04HR,Development,W1118,Prepupae,0,1.1529,4
151818_at,BECKSTPREPU04HR,Development,W1118,Prepupae,1,1.3482,4
151819_at,BECKSTPREPU04HR,Development,W1118,Prepupae,0,0.9472,4
151820_at,BECKSTPREPU04HR,Development,W1118,Prepupae,0,0.9974,4
151821_at,BECKSTPREPU04HR,Development,W1118,Prepupae,0,0.9824,4
151822_at,BECKSTPREPU04HR,Development,W1118,Prepupae,-1,0.678,4
151823_at,BECKSTPREPU04HR,Development,W1118,Prepupae,0,0.8471,4
151824_at,BECKSTPREPU04HR,Development,W1118,Prepupae,0,0.9719,4
151825_at,BECKSTPREPU04HR,Development,W1118,Prepupae,-1,0.7083,4
151826_at,BECKSTPREPU04HR,Development,W1118,Prepupae,0,1.0752,4
151827_at,BECKSTPREPU04HR,Development,W1118,Prepupae,1,1.6426,4
151828_at,BECKSTPREPU04HR,Development,W1118,Prepupae,1,1.4457,4
151829_at,BECKSTPREPU04HR,Development,W1118,Prepupae,0,1.02,4
151830_at,BECKSTPREPU04HR,Development,W1118,Prepupae,1,1.3667,4
151831_at,BECKSTPREPU04HR,Development,W1118,Prepupae,0,0.9064,4
151832_at,BECKSTPREPU04HR,Development,W1118,Prepupae,0,0.8235,4
151833_at,BECKSTPREPU04HR,Development,W1118,Prepupae,1,1.6208,4
151834_at,BECKSTPREPU04HR,Development,W1118,Prepupae,-1,0.703,4
151835_at,BECKSTPREPU04HR,Development,W1118,Prepupae,0,1.1369,4
151836_at,BECKSTPREPU04HR,Development,W1118,Prepupae,1,1.5113,4
151837_at,BECKSTPREPU04HR,Development,W1118,Prepupae,0,1.0017,4
151838_at,BECKSTPREPU04HR,Development,W1118,Prepupae,0,1.1412,4
151839_at,BECKSTPREPU04HR,Development,W1118,Prepupae,-1,0.6796,4
151840_at,BECKSTPREPU04HR,Development,W1118,Prepupae,0,1.1054,4
151841_at,BECKSTPREPU04HR,Development,W1118,Prepupae,1,1.3451,4
151842_at,BECKSTPREPU04HR,Development,W1118,Prepupae,0,0.8293,4
151843_at,BECKSTPREPU04HR,Development,W1118,Prepupae,1,1.6729,4
151844_at,BECKSTPREPU04HR,Development,W1118,Prepupae,-1,0.4512,4
151845_at,BECKSTPREPU04HR,Development,W1118,Prepupae,-1,0.5123,4
151846_at,BECKSTPREPU04HR,Development,W1118,Prepupae,-1,0.6723,4
151847_at,BECKSTPREPU04HR,Development,W1118,Prepupae,1,1.3396,4
151848_at,BECKSTPREPU04HR,Development,W1118,Prepupae,1,1.2799,4
151849_at,BECKSTPREPU04HR,Development,W1118,Prepupae,-1,0.7614,4
151850_at,BECKSTPREPU04HR,Development,W1118,Prepupae,0,0.9103,4
151851_at,BECKSTPREPU04HR,Development,W1118,Prepupae,0,0.811,4
151852_at,BECKSTPREPU04HR,Development,W1118,Prepupae,0,1.0882,4
151853_at,BECKSTPREPU04HR,Development,W1118,Prepupae,0,1.0212,4
151854_at,BECKSTPREPU04HR,Development,W1118,Prepupae,0,0.8667,4
151855_at,BECKSTPREPU04HR,Development,W1118,Prepupae,-1,0.4632,4
151856_at,BECKSTPREPU04HR,Development,W1118,Prepupae,0,0.8226,4
151857_at,BECKSTPREPU04HR,Development,W1118,Prepupae,1,1.3188,4
151858_at,BECKSTPREPU04HR,Development,W1118,Prepupae,0,0.9527,4
151859_at,BECKSTPREPU04HR,Development,W1118,Prepupae,1,1.2184,4
151860_at,BECKSTPREPU04HR,Development,W1118,Prepupae,0,0.8442,4
151861_at,BECKSTPREPU04HR,Development,W1118,Prepupae,0,0.9316,4
151862_at,BECKSTPREPU04HR,Development,W1118,Prepupae,0,0.8545,4
151863_at,BECKSTPREPU04HR,Development,W1118,Prepupae,1,1.651,4
151864_at,BECKSTPREPU04HR,Development,W1118,Prepupae,1,1.3459,4
151865_at,BECKSTPREPU04HR,Development,W1118,Prepupae,0,0.9825,4
151866_at,BECKSTPREPU04HR,Development,W1118,Prepupae,-1,0.6223,4
151867_at,BECKSTPREPU04HR,Development,W1118,Prepupae,0,0.8954,4
151868_at,BECKSTPREPU04HR,Development,W1118,Prepupae,-1,0.7488,4
151869_at,BECKSTPREPU04HR,Development,W1118,Prepupae,-1,0.6098,4
151870_at,BECKSTPREPU04HR,Development,W1118,Prepupae,-1,0.7471,4
151871_at,BECKSTPREPU04HR,Development,W1118,Prepupae,1,2.5038,4
151872_at,BECKSTPREPU04HR,Development,W1118,Prepupae,0,0.894,4
151873_at,BECKSTPREPU04HR,Development,W1118,Prepupae,0,0.9636,4
151874_at,BECKSTPREPU04HR,Development,W1118,Prepupae,0,1.0569,4
151875_at,BECKSTPREPU04HR,Development,W1118,Prepupae,0,0.9391,4
151876_at,BECKSTPREPU04HR,Development,W1118,Prepupae,0,1.1139,4
151877_at,BECKSTPREPU04HR,Development,W1118,Prepupae,0,1.0996,4
151878_at,BECKSTPREPU04HR,Development,W1118,Prepupae,0,1.0983,4
151879_at,BECKSTPREPU04HR,Development,W1118,Prepupae,0,1.1768,4
151880_at,BECKSTPREPU04HR,Development,W1118,Prepupae,1,1.5759,4
151881_at,BECKSTPREPU04HR,Development,W1118,Prepupae,1,1.2868,4
151882_at,BECKSTPREPU04HR,Development,W1118,Prepupae,0,0.8769,4
151883_at,BECKSTPREPU04HR,Development,W1118,Prepupae,0,1.1419,4
151884_at,BECKSTPREPU04HR,Development,W1118,Prepupae,0,1.0244,4
151885_at,BECKSTPREPU04HR,Development,W1118,Prepupae,-1,0.6335,4
151886_at,BECKSTPREPU04HR,Development,W1118,Prepupae,0,1.1097,4
151887_at,BECKSTPREPU04HR,Development,W1118,Prepupae,0,1.1718,4
151888_at,BECKSTPREPU04HR,Development,W1118,Prepupae,0,0.8931,4
151889_at,BECKSTPREPU04HR,Development,W1118,Prepupae,0,0.9843,4
151890_at,BECKSTPREPU04HR,Development,W1118,Prepupae,0,0.9614,4
151891_at,BECKSTPREPU04HR,Development,W1118,Prepupae,0,1.1642,4
151892_at,BECKSTPREPU04HR,Development,W1118,Prepupae,1,1.9981,4
151893_at,BECKSTPREPU04HR,Development,W1118,Prepupae,1,1.606,4
151894_at,BECKSTPREPU04HR,Development,W1118,Prepupae,1,1.4228,4
151895_at,BECKSTPREPU04HR,Development,W1118,Prepupae,0,0.9944,4
151896_at,BECKSTPREPU04HR,Development,W1118,Prepupae,0,0.8561,4
151897_at,BECKSTPREPU04HR,Development,W1118,Prepupae,-1,0.6867,4
151898_at,BECKSTPREPU04HR,Development,W1118,Prepupae,-1,0.7874,4
151899_at,BECKSTPREPU04HR,Development,W1118,Prepupae,1,1.5068,4
151900_at,BECKSTPREPU04HR,Development,W1118,Prepupae,1,1.2127,4
151901_at,BECKSTPREPU04HR,Development,W1118,Prepupae,0,1.1019,4
151902_at,BECKSTPREPU04HR,Development,W1118,Prepupae,0,0.8568,4
151903_at,BECKSTPREPU04HR,Development,W1118,Prepupae,0,0.8409,4
151904_at,BECKSTPREPU04HR,Development,W1118,Prepupae,-1,0.6291,4
151905_at,BECKSTPREPU04HR,Development,W1118,Prepupae,0,1.0819,4
151906_at,BECKSTPREPU04HR,Development,W1118,Prepupae,0,0.8042,4
151907_at,BECKSTPREPU04HR,Development,W1118,Prepupae,0,1.1164,4
151908_at,BECKSTPREPU04HR,Development,W1118,Prepupae,0,1.0276,4
151909_at,BECKSTPREPU04HR,Development,W1118,Prepupae,-1,0.7273,4
151910_at,BECKSTPREPU04HR,Development,W1118,Prepupae,-1,0.6446,4
151911_at,BECKSTPREPU04HR,Development,W1118,Prepupae,0,1.072,4
151912_at,BECKSTPREPU04HR,Development,W1118,Prepupae,0,1.1418,4
151913_at,BECKSTPREPU04HR,Development,W1118,Prepupae,1,1.3739,4
151914_at,BECKSTPREPU04HR,Development,W1118,Prepupae,0,1.0511,4
151915_at,BECKSTPREPU04HR,Development,W1118,Prepupae,0,1.0278,4
151916_at,BECKSTPREPU04HR,Development,W1118,Prepupae,0,1.0157,4
151917_at,BECKSTPREPU04HR,Development,W1118,Prepupae,1,1.5431,4
151918_s_at,BECKSTPREPU04HR,Development,W1118,Prepupae,-1,0.5662,4
151919_at,BECKSTPREPU04HR,Development,W1118,Prepupae,0,0.8655,4
151920_at,BECKSTPREPU04HR,Development,W1118,Prepupae,0,1.098,4
151921_at,BECKSTPREPU04HR,Development,W1118,Prepupae,0,0.8485,4
151922_at,BECKSTPREPU04HR,Development,W1118,Prepupae,0,0.9749,4
151923_at,BECKSTPREPU04HR,Development,W1118,Prepupae,0,0.9539,4
151924_at,BECKSTPREPU04HR,Development,W1118,Prepupae,0,0.8647,4
151925_at,BECKSTPREPU04HR,Development,W1118,Prepupae,1,1.3412,4
151926_at,BECKSTPREPU04HR,Development,W1118,Prepupae,0,0.987,4
151927_at,BECKSTPREPU04HR,Development,W1118,Prepupae,0,1.1026,4
151928_at,BECKSTPREPU04HR,Development,W1118,Prepupae,1,1.3449,4
151929_at,BECKSTPREPU04HR,Development,W1118,Prepupae,-1,0.585,4
151930_at,BECKSTPREPU04HR,Development,W1118,Prepupae,0,1.1792,4
151931_at,BECKSTPREPU04HR,Development,W1118,Prepupae,0,0.8847,4
151932_at,BECKSTPREPU04HR,Development,W1118,Prepupae,0,0.9106,4
151933_at,BECKSTPREPU04HR,Development,W1118,Prepupae,-1,0.7839,4
151934_at,BECKSTPREPU04HR,Development,W1118,Prepupae,0,1.1186,4
151935_at,BECKSTPREPU04HR,Development,W1118,Prepupae,-1,0.6607,4
151936_at,BECKSTPREPU04HR,Development,W1118,Prepupae,-1,0.3864,4
151937_at,BECKSTPREPU04HR,Development,W1118,Prepupae,-1,0.6436,4
151938_at,BECKSTPREPU04HR,Development,W1118,Prepupae,0,0.8893,4
151939_at,BECKSTPREPU04HR,Development,W1118,Prepupae,0,1.1827,4
151940_at,BECKSTPREPU04HR,Development,W1118,Prepupae,0,1.0761,4
151941_at,BECKSTPREPU04HR,Development,W1118,Prepupae,1,1.504,4
151942_at,BECKSTPREPU04HR,Development,W1118,Prepupae,0,0.907,4
151943_at,BECKSTPREPU04HR,Development,W1118,Prepupae,0,1.0888,4
151944_at,BECKSTPREPU04HR,Development,W1118,Prepupae,-1,0.7038,4
151945_at,BECKSTPREPU04HR,Development,W1118,Prepupae,1,1.4042,4
151946_at,BECKSTPREPU04HR,Development,W1118,Prepupae,0,0.9438,4
151947_at,BECKSTPREPU04HR,Development,W1118,Prepupae,0,0.9808,4
151948_at,BECKSTPREPU04HR,Development,W1118,Prepupae,0,0.8264,4
151949_at,BECKSTPREPU04HR,Development,W1118,Prepupae,0,1.0134,4
151950_at,BECKSTPREPU04HR,Development,W1118,Prepupae,1,1.2169,4
151951_at,BECKSTPREPU04HR,Development,W1118,Prepupae,-1,0.5001,4
151952_at,BECKSTPREPU04HR,Development,W1118,Prepupae,1,1.506,4
151953_at,BECKSTPREPU04HR,Development,W1118,Prepupae,-1,0.7958,4
151954_at,BECKSTPREPU04HR,Development,W1118,Prepupae,1,1.4942,4
151955_at,BECKSTPREPU04HR,Development,W1118,Prepupae,1,1.4561,4
151956_at,BECKSTPREPU04HR,Development,W1118,Prepupae,1,1.9519,4
151957_at,BECKSTPREPU04HR,Development,W1118,Prepupae,0,0.9574,4
151958_at,BECKSTPREPU04HR,Development,W1118,Prepupae,0,0.8034,4
151959_at,BECKSTPREPU04HR,Development,W1118,Prepupae,0,0.9379,4
151960_at,BECKSTPREPU04HR,Development,W1118,Prepupae,0,1.0567,4
151961_at,BECKSTPREPU04HR,Development,W1118,Prepupae,-1,0.6916,4
151962_at,BECKSTPREPU04HR,Development,W1118,Prepupae,1,1.4851,4
151963_at,BECKSTPREPU04HR,Development,W1118,Prepupae,0,0.9828,4
151964_at,BECKSTPREPU04HR,Development,W1118,Prepupae,1,1.9936,4
151965_at,BECKSTPREPU04HR,Development,W1118,Prepupae,1,1.5033,4
151966_at,BECKSTPREPU04HR,Development,W1118,Prepupae,0,1.07,4
151967_at,BECKSTPREPU04HR,Development,W1118,Prepupae,0,1.1377,4
151968_at,BECKSTPREPU04HR,Development,W1118,Prepupae,0,1.1458,4
151969_at,BECKSTPREPU04HR,Development,W1118,Prepupae,0,1.0957,4
151970_at,BECKSTPREPU04HR,Development,W1118,Prepupae,0,1.0613,4
151971_at,BECKSTPREPU04HR,Development,W1118,Prepupae,1,1.4193,4
151972_at,BECKSTPREPU04HR,Development,W1118,Prepupae,0,1.1708,4
151973_at,BECKSTPREPU04HR,Development,W1118,Prepupae,-1,0.6601,4
151974_at,BECKSTPREPU04HR,Development,W1118,Prepupae,0,0.9116,4
151975_at,BECKSTPREPU04HR,Development,W1118,Prepupae,0,0.9234,4
151976_at,BECKSTPREPU04HR,Development,W1118,Prepupae,1,1.3804,4
151977_at,BECKSTPREPU04HR,Development,W1118,Prepupae,0,0.8979,4
151978_at,BECKSTPREPU04HR,Development,W1118,Prepupae,0,0.9087,4
151979_at,BECKSTPREPU04HR,Development,W1118,Prepupae,-1,0.7216,4
151980_at,BECKSTPREPU04HR,Development,W1118,Prepupae,1,2.8503,4
151981_at,BECKSTPREPU04HR,Development,W1118,Prepupae,1,1.3363,4
151982_at,BECKSTPREPU04HR,Development,W1118,Prepupae,0,0.9238,4
151983_at,BECKSTPREPU04HR,Development,W1118,Prepupae,0,0.9773,4
151984_at,BECKSTPREPU04HR,Development,W1118,Prepupae,0,0.9979,4
151985_at,BECKSTPREPU04HR,Development,W1118,Prepupae,0,1.0534,4
151986_at,BECKSTPREPU04HR,Development,W1118,Prepupae,-1,0.7047,4
151987_at,BECKSTPREPU04HR,Development,W1118,Prepupae,0,0.849,4
151988_at,BECKSTPREPU04HR,Development,W1118,Prepupae,-1,0.7568,4
151989_at,BECKSTPREPU04HR,Development,W1118,Prepupae,0,1.1027,4
151990_at,BECKSTPREPU04HR,Development,W1118,Prepupae,0,1.1291,4
151991_at,BECKSTPREPU04HR,Development,W1118,Prepupae,0,1.1086,4
151992_at,BECKSTPREPU04HR,Development,W1118,Prepupae,1,1.2419,4
151993_at,BECKSTPREPU04HR,Development,W1118,Prepupae,-1,0.5919,4
151994_at,BECKSTPREPU04HR,Development,W1118,Prepupae,0,0.8225,4
151995_at,BECKSTPREPU04HR,Development,W1118,Prepupae,1,1.3466,4
151996_at,BECKSTPREPU04HR,Development,W1118,Prepupae,1,1.2481,4
151997_at,BECKSTPREPU04HR,Development,W1118,Prepupae,-1,0.6982,4
151998_at,BECKSTPREPU04HR,Development,W1118,Prepupae,-1,0.7494,4
151999_at,BECKSTPREPU04HR,Development,W1118,Prepupae,-1,0.4819,4
152000_at,BECKSTPREPU04HR,Development,W1118,Prepupae,-1,0.6327,4
152001_at,BECKSTPREPU04HR,Development,W1118,Prepupae,0,1.0277,4
152002_at,BECKSTPREPU04HR,Development,W1118,Prepupae,-1,0.7619,4
152003_at,BECKSTPREPU04HR,Development,W1118,Prepupae,-1,0.7974,4
152004_at,BECKSTPREPU04HR,Development,W1118,Prepupae,0,0.9798,4
152005_at,BECKSTPREPU04HR,Development,W1118,Prepupae,0,0.9537,4
152006_at,BECKSTPREPU04HR,Development,W1118,Prepupae,1,1.4909,4
152007_at,BECKSTPREPU04HR,Development,W1118,Prepupae,0,1.1682,4
152008_at,BECKSTPREPU04HR,Development,W1118,Prepupae,-1,0.7682,4
152009_at,BECKSTPREPU04HR,Development,W1118,Prepupae,-1,0.7837,4
152010_at,BECKSTPREPU04HR,Development,W1118,Prepupae,0,0.9555,4
152011_at,BECKSTPREPU04HR,Development,W1118,Prepupae,-1,0.6462,4
152012_at,BECKSTPREPU04HR,Development,W1118,Prepupae,1,1.4691,4
152013_at,BECKSTPREPU04HR,Development,W1118,Prepupae,0,1.1436,4
152014_at,BECKSTPREPU04HR,Development,W1118,Prepupae,0,1.0779,4
152015_at,BECKSTPREPU04HR,Development,W1118,Prepupae,-1,0.7594,4
152016_at,BECKSTPREPU04HR,Development,W1118,Prepupae,1,1.5231,4
152017_at,BECKSTPREPU04HR,Development,W1118,Prepupae,1,1.5563,4
152018_at,BECKSTPREPU04HR,Development,W1118,Prepupae,0,0.8222,4
152019_at,BECKSTPREPU04HR,Development,W1118,Prepupae,1,1.4073,4
152020_at,BECKSTPREPU04HR,Development,W1118,Prepupae,0,0.9491,4
152021_at,BECKSTPREPU04HR,Development,W1118,Prepupae,0,1.0538,4
152022_at,BECKSTPREPU04HR,Development,W1118,Prepupae,1,1.3767,4
152023_at,BECKSTPREPU04HR,Development,W1118,Prepupae,0,1.1928,4
152024_at,BECKSTPREPU04HR,Development,W1118,Prepupae,0,0.8144,4
152025_at,BECKSTPREPU04HR,Development,W1118,Prepupae,-1,0.6554,4
152026_at,BECKSTPREPU04HR,Development,W1118,Prepupae,0,1.0522,4
152027_at,BECKSTPREPU04HR,Development,W1118,Prepupae,1,1.7062,4
152028_at,BECKSTPREPU04HR,Development,W1118,Prepupae,-1,0.6952,4
152029_at,BECKSTPREPU04HR,Development,W1118,Prepupae,0,1.048,4
152030_at,BECKSTPREPU04HR,Development,W1118,Prepupae,1,1.3103,4
152031_at,BECKSTPREPU04HR,Development,W1118,Prepupae,0,0.9602,4
152032_at,BECKSTPREPU04HR,Development,W1118,Prepupae,1,1.2746,4
152033_at,BECKSTPREPU04HR,Development,W1118,Prepupae,1,1.3617,4
152034_at,BECKSTPREPU04HR,Development,W1118,Prepupae,1,1.3606,4
152035_at,BECKSTPREPU04HR,Development,W1118,Prepupae,0,0.8342,4
152036_at,BECKSTPREPU04HR,Development,W1118,Prepupae,0,0.9263,4
152037_at,BECKSTPREPU04HR,Development,W1118,Prepupae,0,0.8954,4
152038_at,BECKSTPREPU04HR,Development,W1118,Prepupae,0,0.933,4
152039_at,BECKSTPREPU04HR,Development,W1118,Prepupae,0,1.1179,4
152040_at,BECKSTPREPU04HR,Development,W1118,Prepupae,0,0.8865,4
152041_at,BECKSTPREPU04HR,Development,W1118,Prepupae,0,0.8144,4
152042_at,BECKSTPREPU04HR,Development,W1118,Prepupae,0,0.9278,4
152043_at,BECKSTPREPU04HR,Development,W1118,Prepupae,0,1.0531,4
152044_at,BECKSTPREPU04HR,Development,W1118,Prepupae,0,1.0396,4
152045_at,BECKSTPREPU04HR,Development,W1118,Prepupae,1,1.7522,4
152046_at,BECKSTPREPU04HR,Development,W1118,Prepupae,0,0.9349,4
152047_at,BECKSTPREPU04HR,Development,W1118,Prepupae,0,0.9644,4
152048_at,BECKSTPREPU04HR,Development,W1118,Prepupae,-1,0.6722,4
152049_at,BECKSTPREPU04HR,Development,W1118,Prepupae,1,1.7598,4
152050_at,BECKSTPREPU04HR,Development,W1118,Prepupae,0,1.0062,4
152051_at,BECKSTPREPU04HR,Development,W1118,Prepupae,0,1.0364,4
152052_at,BECKSTPREPU04HR,Development,W1118,Prepupae,-1,0.6019,4
152053_at,BECKSTPREPU04HR,Development,W1118,Prepupae,0,0.8259,4
152054_at,BECKSTPREPU04HR,Development,W1118,Prepupae,1,1.2403,4
152055_at,BECKSTPREPU04HR,Development,W1118,Prepupae,1,1.222,4
152056_at,BECKSTPREPU04HR,Development,W1118,Prepupae,-1,0.6216,4
152057_at,BECKSTPREPU04HR,Development,W1118,Prepupae,0,0.9018,4
152058_at,BECKSTPREPU04HR,Development,W1118,Prepupae,0,0.95,4
152059_at,BECKSTPREPU04HR,Development,W1118,Prepupae,1,1.7487,4
152060_at,BECKSTPREPU04HR,Development,W1118,Prepupae,1,1.2771,4
152061_at,BECKSTPREPU04HR,Development,W1118,Prepupae,-1,0.7351,4
152062_at,BECKSTPREPU04HR,Development,W1118,Prepupae,0,0.907,4
152063_at,BECKSTPREPU04HR,Development,W1118,Prepupae,1,1.2121,4
152064_at,BECKSTPREPU04HR,Development,W1118,Prepupae,0,0.9347,4
152065_at,BECKSTPREPU04HR,Development,W1118,Prepupae,0,1.0011,4
152066_at,BECKSTPREPU04HR,Development,W1118,Prepupae,0,0.8698,4
152067_at,BECKSTPREPU04HR,Development,W1118,Prepupae,-1,0.7544,4
152068_at,BECKSTPREPU04HR,Development,W1118,Prepupae,0,1.1815,4
152069_at,BECKSTPREPU04HR,Development,W1118,Prepupae,-1,0.6526,4
152070_at,BECKSTPREPU04HR,Development,W1118,Prepupae,0,0.9578,4
152071_at,BECKSTPREPU04HR,Development,W1118,Prepupae,1,1.2558,4
152072_at,BECKSTPREPU04HR,Development,W1118,Prepupae,1,1.2374,4
152073_at,BECKSTPREPU04HR,Development,W1118,Prepupae,0,0.8691,4
152074_at,BECKSTPREPU04HR,Development,W1118,Prepupae,0,0.8974,4
152075_at,BECKSTPREPU04HR,Development,W1118,Prepupae,0,0.8585,4
152076_at,BECKSTPREPU04HR,Development,W1118,Prepupae,1,1.2609,4
152077_at,BECKSTPREPU04HR,Development,W1118,Prepupae,-1,0.6753,4
152078_at,BECKSTPREPU04HR,Development,W1118,Prepupae,0,0.8935,4
152079_at,BECKSTPREPU04HR,Development,W1118,Prepupae,-1,0.7032,4
152080_at,BECKSTPREPU04HR,Development,W1118,Prepupae,0,0.8476,4
152081_at,BECKSTPREPU04HR,Development,W1118,Prepupae,0,0.8476,4
152082_at,BECKSTPREPU04HR,Development,W1118,Prepupae,0,0.8846,4
152083_at,BECKSTPREPU04HR,Development,W1118,Prepupae,0,0.9556,4
152084_at,BECKSTPREPU04HR,Development,W1118,Prepupae,0,0.8632,4
152085_at,BECKSTPREPU04HR,Development,W1118,Prepupae,0,1.1646,4
152086_at,BECKSTPREPU04HR,Development,W1118,Prepupae,-1,0.5508,4
152087_at,BECKSTPREPU04HR,Development,W1118,Prepupae,-1,0.5977,4
152088_at,BECKSTPREPU04HR,Development,W1118,Prepupae,-1,0.4518,4
152089_at,BECKSTPREPU04HR,Development,W1118,Prepupae,0,1.0074,4
152090_at,BECKSTPREPU04HR,Development,W1118,Prepupae,0,1.0304,4
152091_at,BECKSTPREPU04HR,Development,W1118,Prepupae,1,2.0903,4
152092_at,BECKSTPREPU04HR,Development,W1118,Prepupae,0,1.0962,4
152093_at,BECKSTPREPU04HR,Development,W1118,Prepupae,-1,0.564,4
152094_at,BECKSTPREPU04HR,Development,W1118,Prepupae,1,1.7297,4
152095_at,BECKSTPREPU04HR,Development,W1118,Prepupae,0,1.1174,4
152096_at,BECKSTPREPU04HR,Development,W1118,Prepupae,0,0.8008,4
152097_at,BECKSTPREPU04HR,Development,W1118,Prepupae,0,0.8574,4
152098_at,BECKSTPREPU04HR,Development,W1118,Prepupae,0,0.9543,4
152099_at,BECKSTPREPU04HR,Development,W1118,Prepupae,1,1.2408,4
152100_at,BECKSTPREPU04HR,Development,W1118,Prepupae,1,1.2864,4
152101_at,BECKSTPREPU04HR,Development,W1118,Prepupae,0,0.9845,4
152102_at,BECKSTPREPU04HR,Development,W1118,Prepupae,1,1.3598,4
152103_at,BECKSTPREPU04HR,Development,W1118,Prepupae,0,0.9609,4
152104_at,BECKSTPREPU04HR,Development,W1118,Prepupae,0,0.9816,4
152105_at,BECKSTPREPU04HR,Development,W1118,Prepupae,1,1.2235,4
152106_at,BECKSTPREPU04HR,Development,W1118,Prepupae,0,0.8964,4
152107_at,BECKSTPREPU04HR,Development,W1118,Prepupae,0,1.052,4
152108_at,BECKSTPREPU04HR,Development,W1118,Prepupae,0,0.8235,4
152109_at,BECKSTPREPU04HR,Development,W1118,Prepupae,0,0.8473,4
152110_at,BECKSTPREPU04HR,Development,W1118,Prepupae,0,1.0441,4
152111_at,BECKSTPREPU04HR,Development,W1118,Prepupae,-1,0.7933,4
152112_at,BECKSTPREPU04HR,Development,W1118,Prepupae,1,1.3138,4
152113_at,BECKSTPREPU04HR,Development,W1118,Prepupae,1,1.5765,4
152114_at,BECKSTPREPU04HR,Development,W1118,Prepupae,1,1.4142,4
152115_at,BECKSTPREPU04HR,Development,W1118,Prepupae,0,0.8642,4
152116_at,BECKSTPREPU04HR,Development,W1118,Prepupae,1,1.3061,4
152117_at,BECKSTPREPU04HR,Development,W1118,Prepupae,0,1.146,4
152118_at,BECKSTPREPU04HR,Development,W1118,Prepupae,1,1.8889,4
152119_at,BECKSTPREPU04HR,Development,W1118,Prepupae,-1,0.7295,4
152120_at,BECKSTPREPU04HR,Development,W1118,Prepupae,-1,0.7394,4
152121_s_at,BECKSTPREPU04HR,Development,W1118,Prepupae,-1,0.7099,4
152122_at,BECKSTPREPU04HR,Development,W1118,Prepupae,0,0.8929,4
152123_at,BECKSTPREPU04HR,Development,W1118,Prepupae,0,0.8651,4
152124_at,BECKSTPREPU04HR,Development,W1118,Prepupae,0,0.8235,4
152125_at,BECKSTPREPU04HR,Development,W1118,Prepupae,0,1.0203,4
152126_at,BECKSTPREPU04HR,Development,W1118,Prepupae,-1,0.7251,4
152127_at,BECKSTPREPU04HR,Development,W1118,Prepupae,0,1.0897,4
152128_at,BECKSTPREPU04HR,Development,W1118,Prepupae,0,1.1057,4
152129_at,BECKSTPREPU04HR,Development,W1118,Prepupae,-1,0.5158,4
152130_at,BECKSTPREPU04HR,Development,W1118,Prepupae,0,0.9458,4
152131_at,BECKSTPREPU04HR,Development,W1118,Prepupae,1,1.4553,4
152132_at,BECKSTPREPU04HR,Development,W1118,Prepupae,1,1.3231,4
152133_at,BECKSTPREPU04HR,Development,W1118,Prepupae,0,1.0887,4
152134_at,BECKSTPREPU04HR,Development,W1118,Prepupae,0,1.1038,4
152135_at,BECKSTPREPU04HR,Development,W1118,Prepupae,0,0.9748,4
152136_at,BECKSTPREPU04HR,Development,W1118,Prepupae,0,0.8252,4
152137_at,BECKSTPREPU04HR,Development,W1118,Prepupae,0,0.9865,4
152138_at,BECKSTPREPU04HR,Development,W1118,Prepupae,-1,0.7687,4
152139_at,BECKSTPREPU04HR,Development,W1118,Prepupae,-1,0.7906,4
152140_at,BECKSTPREPU04HR,Development,W1118,Prepupae,-1,0.6755,4
152141_at,BECKSTPREPU04HR,Development,W1118,Prepupae,0,1.1762,4
152142_at,BECKSTPREPU04HR,Development,W1118,Prepupae,0,0.8735,4
152143_at,BECKSTPREPU04HR,Development,W1118,Prepupae,0,0.9953,4
152144_at,BECKSTPREPU04HR,Development,W1118,Prepupae,0,1.0532,4
152145_at,BECKSTPREPU04HR,Development,W1118,Prepupae,0,1.0111,4
152146_at,BECKSTPREPU04HR,Development,W1118,Prepupae,1,1.8359,4
152147_at,BECKSTPREPU04HR,Development,W1118,Prepupae,1,1.404,4
152148_at,BECKSTPREPU04HR,Development,W1118,Prepupae,0,0.8001,4
152149_at,BECKSTPREPU04HR,Development,W1118,Prepupae,0,1.1875,4
152150_at,BECKSTPREPU04HR,Development,W1118,Prepupae,0,0.8281,4
152151_at,BECKSTPREPU04HR,Development,W1118,Prepupae,0,1.1515,4
152152_at,BECKSTPREPU04HR,Development,W1118,Prepupae,0,1.1146,4
152153_at,BECKSTPREPU04HR,Development,W1118,Prepupae,0,0.9279,4
152154_at,BECKSTPREPU04HR,Development,W1118,Prepupae,-1,0.5057,4
152155_at,BECKSTPREPU04HR,Development,W1118,Prepupae,1,1.3742,4
152156_at,BECKSTPREPU04HR,Development,W1118,Prepupae,1,1.5625,4
152157_at,BECKSTPREPU04HR,Development,W1118,Prepupae,-1,0.658,4
152158_at,BECKSTPREPU04HR,Development,W1118,Prepupae,0,0.8506,4
152159_at,BECKSTPREPU04HR,Development,W1118,Prepupae,0,1.1918,4
152160_at,BECKSTPREPU04HR,Development,W1118,Prepupae,-1,0.6693,4
152161_at,BECKSTPREPU04HR,Development,W1118,Prepupae,0,0.8543,4
152162_at,BECKSTPREPU04HR,Development,W1118,Prepupae,-1,0.5957,4
152163_at,BECKSTPREPU04HR,Development,W1118,Prepupae,1,1.6786,4
152164_at,BECKSTPREPU04HR,Development,W1118,Prepupae,0,0.9952,4
152165_at,BECKSTPREPU04HR,Development,W1118,Prepupae,-1,0.7584,4
152166_at,BECKSTPREPU04HR,Development,W1118,Prepupae,0,1.1221,4
152167_at,BECKSTPREPU04HR,Development,W1118,Prepupae,0,1.1217,4
152168_at,BECKSTPREPU04HR,Development,W1118,Prepupae,0,0.8334,4
152169_at,BECKSTPREPU04HR,Development,W1118,Prepupae,0,1.0109,4
152170_at,BECKSTPREPU04HR,Development,W1118,Prepupae,0,0.9357,4
152171_at,BECKSTPREPU04HR,Development,W1118,Prepupae,0,1.1834,4
152172_at,BECKSTPREPU04HR,Development,W1118,Prepupae,0,1.1946,4
152173_at,BECKSTPREPU04HR,Development,W1118,Prepupae,-1,0.6906,4
152174_at,BECKSTPREPU04HR,Development,W1118,Prepupae,0,1.076,4
152175_at,BECKSTPREPU04HR,Development,W1118,Prepupae,0,1.1742,4
152176_at,BECKSTPREPU04HR,Development,W1118,Prepupae,1,2.0858,4
152177_at,BECKSTPREPU04HR,Development,W1118,Prepupae,-1,0.7312,4
152178_at,BECKSTPREPU04HR,Development,W1118,Prepupae,1,1.324,4
152179_at,BECKSTPREPU04HR,Development,W1118,Prepupae,0,0.9778,4
152180_at,BECKSTPREPU04HR,Development,W1118,Prepupae,0,1.0952,4
152181_at,BECKSTPREPU04HR,Development,W1118,Prepupae,1,1.5009,4
152182_at,BECKSTPREPU04HR,Development,W1118,Prepupae,0,1.0763,4
152183_at,BECKSTPREPU04HR,Development,W1118,Prepupae,0,1.0234,4
152184_at,BECKSTPREPU04HR,Development,W1118,Prepupae,0,1.1518,4
152185_at,BECKSTPREPU04HR,Development,W1118,Prepupae,0,1.0422,4
152186_at,BECKSTPREPU04HR,Development,W1118,Prepupae,0,1.0953,4
152187_at,BECKSTPREPU04HR,Development,W1118,Prepupae,0,1.0511,4
152188_at,BECKSTPREPU04HR,Development,W1118,Prepupae,-1,0.7537,4
152189_at,BECKSTPREPU04HR,Development,W1118,Prepupae,-1,0.6669,4
152190_at,BECKSTPREPU04HR,Development,W1118,Prepupae,0,0.8013,4
152191_at,BECKSTPREPU04HR,Development,W1118,Prepupae,0,0.8443,4
152192_at,BECKSTPREPU04HR,Development,W1118,Prepupae,0,1.0528,4
152193_at,BECKSTPREPU04HR,Development,W1118,Prepupae,-1,0.7926,4
152194_at,BECKSTPREPU04HR,Development,W1118,Prepupae,0,1.0322,4
152195_at,BECKSTPREPU04HR,Development,W1118,Prepupae,0,0.8962,4
152196_at,BECKSTPREPU04HR,Development,W1118,Prepupae,1,1.2609,4
152197_at,BECKSTPREPU04HR,Development,W1118,Prepupae,0,0.8992,4
152198_at,BECKSTPREPU04HR,Development,W1118,Prepupae,-1,0.7247,4
152199_at,BECKSTPREPU04HR,Development,W1118,Prepupae,0,1.1499,4
152200_at,BECKSTPREPU04HR,Development,W1118,Prepupae,1,1.5996,4
152201_at,BECKSTPREPU04HR,Development,W1118,Prepupae,0,1.0011,4
152202_at,BECKSTPREPU04HR,Development,W1118,Prepupae,1,1.9708,4
152203_at,BECKSTPREPU04HR,Development,W1118,Prepupae,-1,0.7922,4
152204_at,BECKSTPREPU04HR,Development,W1118,Prepupae,-1,0.7072,4
152205_at,BECKSTPREPU04HR,Development,W1118,Prepupae,0,1.1378,4
152206_at,BECKSTPREPU04HR,Development,W1118,Prepupae,0,0.842,4
152207_at,BECKSTPREPU04HR,Development,W1118,Prepupae,0,1.0747,4
152208_at,BECKSTPREPU04HR,Development,W1118,Prepupae,-1,0.5923,4
152209_at,BECKSTPREPU04HR,Development,W1118,Prepupae,0,0.8681,4
152210_at,BECKSTPREPU04HR,Development,W1118,Prepupae,0,0.9217,4
152211_at,BECKSTPREPU04HR,Development,W1118,Prepupae,0,1.1082,4
152212_at,BECKSTPREPU04HR,Development,W1118,Prepupae,-1,0.563,4
152213_at,BECKSTPREPU04HR,Development,W1118,Prepupae,0,0.9542,4
152214_at,BECKSTPREPU04HR,Development,W1118,Prepupae,-1,0.6638,4
152215_at,BECKSTPREPU04HR,Development,W1118,Prepupae,1,1.3975,4
152216_at,BECKSTPREPU04HR,Development,W1118,Prepupae,0,0.9789,4
152217_at,BECKSTPREPU04HR,Development,W1118,Prepupae,1,1.2448,4
152218_at,BECKSTPREPU04HR,Development,W1118,Prepupae,-1,0.745,4
152219_at,BECKSTPREPU04HR,Development,W1118,Prepupae,0,0.9887,4
152220_at,BECKSTPREPU04HR,Development,W1118,Prepupae,1,2.2054,4
152221_at,BECKSTPREPU04HR,Development,W1118,Prepupae,1,1.2143,4
152222_at,BECKSTPREPU04HR,Development,W1118,Prepupae,-1,0.719,4
152223_at,BECKSTPREPU04HR,Development,W1118,Prepupae,-1,0.4704,4
152224_at,BECKSTPREPU04HR,Development,W1118,Prepupae,0,0.9118,4
152225_at,BECKSTPREPU04HR,Development,W1118,Prepupae,0,1.1125,4
152226_at,BECKSTPREPU04HR,Development,W1118,Prepupae,0,1.0306,4
152227_at,BECKSTPREPU04HR,Development,W1118,Prepupae,1,2.1369,4
152228_at,BECKSTPREPU04HR,Development,W1118,Prepupae,0,0.8116,4
152229_at,BECKSTPREPU04HR,Development,W1118,Prepupae,0,1.0799,4
152230_at,BECKSTPREPU04HR,Development,W1118,Prepupae,0,1.0618,4
152231_at,BECKSTPREPU04HR,Development,W1118,Prepupae,0,0.8266,4
152232_at,BECKSTPREPU04HR,Development,W1118,Prepupae,0,1.0258,4
152233_at,BECKSTPREPU04HR,Development,W1118,Prepupae,0,0.8199,4
152234_at,BECKSTPREPU04HR,Development,W1118,Prepupae,0,0.8014,4
152235_at,BECKSTPREPU04HR,Development,W1118,Prepupae,0,1.195,4
152236_at,BECKSTPREPU04HR,Development,W1118,Prepupae,1,2.2517,4
152237_at,BECKSTPREPU04HR,Development,W1118,Prepupae,0,1.1907,4
152238_at,BECKSTPREPU04HR,Development,W1118,Prepupae,1,1.3554,4
152239_at,BECKSTPREPU04HR,Development,W1118,Prepupae,0,1.03,4
152240_at,BECKSTPREPU04HR,Development,W1118,Prepupae,0,0.877,4
152241_at,BECKSTPREPU04HR,Development,W1118,Prepupae,0,0.9758,4
152242_at,BECKSTPREPU04HR,Development,W1118,Prepupae,0,1.0132,4
152243_at,BECKSTPREPU04HR,Development,W1118,Prepupae,0,0.9509,4
152244_at,BECKSTPREPU04HR,Development,W1118,Prepupae,0,1.1155,4
152245_at,BECKSTPREPU04HR,Development,W1118,Prepupae,-1,0.4886,4
152246_at,BECKSTPREPU04HR,Development,W1118,Prepupae,-1,0.1972,4
152247_at,BECKSTPREPU04HR,Development,W1118,Prepupae,0,0.9437,4
152248_at,BECKSTPREPU04HR,Development,W1118,Prepupae,0,1.1234,4
152249_at,BECKSTPREPU04HR,Development,W1118,Prepupae,0,0.839,4
152250_at,BECKSTPREPU04HR,Development,W1118,Prepupae,0,0.985,4
152251_at,BECKSTPREPU04HR,Development,W1118,Prepupae,1,1.301,4
152252_at,BECKSTPREPU04HR,Development,W1118,Prepupae,0,1.125,4
152253_at,BECKSTPREPU04HR,Development,W1118,Prepupae,0,0.9384,4
152254_at,BECKSTPREPU04HR,Development,W1118,Prepupae,0,0.9778,4
152255_at,BECKSTPREPU04HR,Development,W1118,Prepupae,1,1.6649,4
152256_at,BECKSTPREPU04HR,Development,W1118,Prepupae,1,1.2688,4
152257_at,BECKSTPREPU04HR,Development,W1118,Prepupae,0,1.036,4
152258_at,BECKSTPREPU04HR,Development,W1118,Prepupae,0,0.8635,4
152259_at,BECKSTPREPU04HR,Development,W1118,Prepupae,0,0.8258,4
152260_at,BECKSTPREPU04HR,Development,W1118,Prepupae,0,0.9133,4
152261_at,BECKSTPREPU04HR,Development,W1118,Prepupae,-1,0.6906,4
152262_at,BECKSTPREPU04HR,Development,W1118,Prepupae,0,0.8126,4
152263_at,BECKSTPREPU04HR,Development,W1118,Prepupae,1,1.2486,4
152264_at,BECKSTPREPU04HR,Development,W1118,Prepupae,0,0.8409,4
152265_at,BECKSTPREPU04HR,Development,W1118,Prepupae,-1,0.6053,4
152266_at,BECKSTPREPU04HR,Development,W1118,Prepupae,1,1.5268,4
152267_at,BECKSTPREPU04HR,Development,W1118,Prepupae,1,1.2979,4
152268_at,BECKSTPREPU04HR,Development,W1118,Prepupae,0,1.0036,4
152269_at,BECKSTPREPU04HR,Development,W1118,Prepupae,0,1.008,4
152270_at,BECKSTPREPU04HR,Development,W1118,Prepupae,0,1.1111,4
152271_at,BECKSTPREPU04HR,Development,W1118,Prepupae,0,1.0133,4
152272_at,BECKSTPREPU04HR,Development,W1118,Prepupae,-1,0.7518,4
152273_at,BECKSTPREPU04HR,Development,W1118,Prepupae,1,1.7686,4
152274_at,BECKSTPREPU04HR,Development,W1118,Prepupae,0,1.1527,4
152275_at,BECKSTPREPU04HR,Development,W1118,Prepupae,0,1.0175,4
152276_at,BECKSTPREPU04HR,Development,W1118,Prepupae,0,0.8419,4
152277_at,BECKSTPREPU04HR,Development,W1118,Prepupae,-1,0.7934,4
152278_at,BECKSTPREPU04HR,Development,W1118,Prepupae,0,1.1471,4
152279_at,BECKSTPREPU04HR,Development,W1118,Prepupae,-1,0.6416,4
152280_at,BECKSTPREPU04HR,Development,W1118,Prepupae,0,0.9143,4
152281_at,BECKSTPREPU04HR,Development,W1118,Prepupae,-1,0.6363,4
152282_at,BECKSTPREPU04HR,Development,W1118,Prepupae,0,0.9115,4
152283_at,BECKSTPREPU04HR,Development,W1118,Prepupae,0,0.8598,4
152284_at,BECKSTPREPU04HR,Development,W1118,Prepupae,-1,0.6635,4
152285_at,BECKSTPREPU04HR,Development,W1118,Prepupae,-1,0.7128,4
152286_at,BECKSTPREPU04HR,Development,W1118,Prepupae,0,1.055,4
152287_at,BECKSTPREPU04HR,Development,W1118,Prepupae,0,1.0391,4
152288_at,BECKSTPREPU04HR,Development,W1118,Prepupae,1,1.2041,4
152289_at,BECKSTPREPU04HR,Development,W1118,Prepupae,0,1.0351,4
152290_at,BECKSTPREPU04HR,Development,W1118,Prepupae,1,1.3483,4
152291_at,BECKSTPREPU04HR,Development,W1118,Prepupae,0,1.1126,4
152292_at,BECKSTPREPU04HR,Development,W1118,Prepupae,0,0.8978,4
152293_at,BECKSTPREPU04HR,Development,W1118,Prepupae,1,1.4661,4
152294_at,BECKSTPREPU04HR,Development,W1118,Prepupae,0,1.0409,4
152295_at,BECKSTPREPU04HR,Development,W1118,Prepupae,-1,0.7565,4
152296_at,BECKSTPREPU04HR,Development,W1118,Prepupae,0,1.1039,4
152297_at,BECKSTPREPU04HR,Development,W1118,Prepupae,-1,0.6078,4
152298_at,BECKSTPREPU04HR,Development,W1118,Prepupae,-1,0.7902,4
152299_at,BECKSTPREPU04HR,Development,W1118,Prepupae,1,1.2248,4
152300_at,BECKSTPREPU04HR,Development,W1118,Prepupae,0,1.0122,4
152301_at,BECKSTPREPU04HR,Development,W1118,Prepupae,-1,0.7272,4
152302_at,BECKSTPREPU04HR,Development,W1118,Prepupae,0,0.893,4
152303_at,BECKSTPREPU04HR,Development,W1118,Prepupae,0,0.833,4
152304_at,BECKSTPREPU04HR,Development,W1118,Prepupae,0,1.1561,4
152305_at,BECKSTPREPU04HR,Development,W1118,Prepupae,1,1.2586,4
152306_at,BECKSTPREPU04HR,Development,W1118,Prepupae,0,0.9339,4
152307_r_at,BECKSTPREPU04HR,Development,W1118,Prepupae,-1,0.5125,4
152308_at,BECKSTPREPU04HR,Development,W1118,Prepupae,0,0.8986,4
152309_at,BECKSTPREPU04HR,Development,W1118,Prepupae,0,1.1745,4
152310_at,BECKSTPREPU04HR,Development,W1118,Prepupae,-1,0.5814,4
152311_at,BECKSTPREPU04HR,Development,W1118,Prepupae,-1,0.7414,4
152312_at,BECKSTPREPU04HR,Development,W1118,Prepupae,1,1.3038,4
152313_at,BECKSTPREPU04HR,Development,W1118,Prepupae,1,1.897,4
152314_at,BECKSTPREPU04HR,Development,W1118,Prepupae,-1,0.7904,4
152315_at,BECKSTPREPU04HR,Development,W1118,Prepupae,0,0.8541,4
152316_at,BECKSTPREPU04HR,Development,W1118,Prepupae,1,1.2972,4
152317_at,BECKSTPREPU04HR,Development,W1118,Prepupae,0,1.0619,4
152318_at,BECKSTPREPU04HR,Development,W1118,Prepupae,0,0.8157,4
152319_at,BECKSTPREPU04HR,Development,W1118,Prepupae,0,1.0312,4
152320_at,BECKSTPREPU04HR,Development,W1118,Prepupae,0,0.9832,4
152321_at,BECKSTPREPU04HR,Development,W1118,Prepupae,0,1.0671,4
152322_at,BECKSTPREPU04HR,Development,W1118,Prepupae,0,1.017,4
152323_at,BECKSTPREPU04HR,Development,W1118,Prepupae,0,0.9153,4
152324_at,BECKSTPREPU04HR,Development,W1118,Prepupae,1,1.3612,4
152325_at,BECKSTPREPU04HR,Development,W1118,Prepupae,0,0.9607,4
152326_at,BECKSTPREPU04HR,Development,W1118,Prepupae,0,0.8472,4
152327_at,BECKSTPREPU04HR,Development,W1118,Prepupae,-1,0.6978,4
152328_at,BECKSTPREPU04HR,Development,W1118,Prepupae,0,1.1828,4
152329_at,BECKSTPREPU04HR,Development,W1118,Prepupae,1,1.2771,4
152330_at,BECKSTPREPU04HR,Development,W1118,Prepupae,0,1.0025,4
152331_at,BECKSTPREPU04HR,Development,W1118,Prepupae,0,1.0352,4
152332_at,BECKSTPREPU04HR,Development,W1118,Prepupae,0,1.1448,4
152333_at,BECKSTPREPU04HR,Development,W1118,Prepupae,0,0.8412,4
152334_at,BECKSTPREPU04HR,Development,W1118,Prepupae,0,0.9664,4
152335_at,BECKSTPREPU04HR,Development,W1118,Prepupae,0,0.8173,4
152336_at,BECKSTPREPU04HR,Development,W1118,Prepupae,-1,0.7379,4
152337_at,BECKSTPREPU04HR,Development,W1118,Prepupae,-1,0.7023,4
152338_at,BECKSTPREPU04HR,Development,W1118,Prepupae,0,1.0513,4
152339_at,BECKSTPREPU04HR,Development,W1118,Prepupae,-1,0.7039,4
152340_at,BECKSTPREPU04HR,Development,W1118,Prepupae,0,0.8501,4
152341_at,BECKSTPREPU04HR,Development,W1118,Prepupae,0,0.8621,4
152342_at,BECKSTPREPU04HR,Development,W1118,Prepupae,0,1.1715,4
152343_at,BECKSTPREPU04HR,Development,W1118,Prepupae,0,0.8271,4
152344_at,BECKSTPREPU04HR,Development,W1118,Prepupae,0,1.1284,4
152345_at,BECKSTPREPU04HR,Development,W1118,Prepupae,0,0.9821,4
152346_s_at,BECKSTPREPU04HR,Development,W1118,Prepupae,0,1.0356,4
152347_at,BECKSTPREPU04HR,Development,W1118,Prepupae,1,1.7861,4
152348_at,BECKSTPREPU04HR,Development,W1118,Prepupae,0,1.0534,4
152349_at,BECKSTPREPU04HR,Development,W1118,Prepupae,0,1.0683,4
152350_at,BECKSTPREPU04HR,Development,W1118,Prepupae,0,0.8734,4
152351_at,BECKSTPREPU04HR,Development,W1118,Prepupae,0,1.0231,4
152352_at,BECKSTPREPU04HR,Development,W1118,Prepupae,0,1.0228,4
152353_at,BECKSTPREPU04HR,Development,W1118,Prepupae,1,1.8457,4
152354_at,BECKSTPREPU04HR,Development,W1118,Prepupae,-1,0.5694,4
152355_at,BECKSTPREPU04HR,Development,W1118,Prepupae,0,0.8517,4
152356_at,BECKSTPREPU04HR,Development,W1118,Prepupae,-1,0.7314,4
152357_at,BECKSTPREPU04HR,Development,W1118,Prepupae,-1,0.5535,4
152358_at,BECKSTPREPU04HR,Development,W1118,Prepupae,0,0.8414,4
152359_at,BECKSTPREPU04HR,Development,W1118,Prepupae,1,1.2187,4
152360_at,BECKSTPREPU04HR,Development,W1118,Prepupae,0,1.1452,4
152361_at,BECKSTPREPU04HR,Development,W1118,Prepupae,-1,0.7878,4
152362_at,BECKSTPREPU04HR,Development,W1118,Prepupae,-1,0.7472,4
152363_at,BECKSTPREPU04HR,Development,W1118,Prepupae,0,0.8573,4
152364_at,BECKSTPREPU04HR,Development,W1118,Prepupae,0,1.0133,4
152365_at,BECKSTPREPU04HR,Development,W1118,Prepupae,0,1.037,4
152366_at,BECKSTPREPU04HR,Development,W1118,Prepupae,0,1.0709,4
152367_at,BECKSTPREPU04HR,Development,W1118,Prepupae,1,1.3989,4
152368_at,BECKSTPREPU04HR,Development,W1118,Prepupae,-1,0.6199,4
152369_at,BECKSTPREPU04HR,Development,W1118,Prepupae,1,1.7777,4
152370_at,BECKSTPREPU04HR,Development,W1118,Prepupae,-1,0.7119,4
152371_at,BECKSTPREPU04HR,Development,W1118,Prepupae,-1,0.7601,4
152372_at,BECKSTPREPU04HR,Development,W1118,Prepupae,0,0.9904,4
152373_at,BECKSTPREPU04HR,Development,W1118,Prepupae,-1,0.7428,4
152374_at,BECKSTPREPU04HR,Development,W1118,Prepupae,0,0.9757,4
152375_at,BECKSTPREPU04HR,Development,W1118,Prepupae,0,0.94,4
152376_at,BECKSTPREPU04HR,Development,W1118,Prepupae,-1,0.5525,4
152377_at,BECKSTPREPU04HR,Development,W1118,Prepupae,0,0.884,4
152378_at,BECKSTPREPU04HR,Development,W1118,Prepupae,0,0.8412,4
152379_at,BECKSTPREPU04HR,Development,W1118,Prepupae,1,1.4581,4
152380_at,BECKSTPREPU04HR,Development,W1118,Prepupae,0,1.146,4
152381_at,BECKSTPREPU04HR,Development,W1118,Prepupae,0,0.9513,4
152382_at,BECKSTPREPU04HR,Development,W1118,Prepupae,0,1.0077,4
152383_at,BECKSTPREPU04HR,Development,W1118,Prepupae,1,1.2603,4
152384_at,BECKSTPREPU04HR,Development,W1118,Prepupae,0,1.0369,4
152385_at,BECKSTPREPU04HR,Development,W1118,Prepupae,0,0.855,4
152386_at,BECKSTPREPU04HR,Development,W1118,Prepupae,0,0.9969,4
152387_at,BECKSTPREPU04HR,Development,W1118,Prepupae,-1,0.7317,4
152388_at,BECKSTPREPU04HR,Development,W1118,Prepupae,1,1.3872,4
152389_at,BECKSTPREPU04HR,Development,W1118,Prepupae,0,1.1853,4
152390_at,BECKSTPREPU04HR,Development,W1118,Prepupae,1,1.2415,4
152391_at,BECKSTPREPU04HR,Development,W1118,Prepupae,1,1.2074,4
152392_at,BECKSTPREPU04HR,Development,W1118,Prepupae,-1,0.5188,4
152393_at,BECKSTPREPU04HR,Development,W1118,Prepupae,1,1.347,4
152394_at,BECKSTPREPU04HR,Development,W1118,Prepupae,1,1.2955,4
152395_at,BECKSTPREPU04HR,Development,W1118,Prepupae,0,1.1517,4
152396_at,BECKSTPREPU04HR,Development,W1118,Prepupae,1,1.5112,4
152397_at,BECKSTPREPU04HR,Development,W1118,Prepupae,0,0.9584,4
152398_at,BECKSTPREPU04HR,Development,W1118,Prepupae,0,0.8517,4
152399_at,BECKSTPREPU04HR,Development,W1118,Prepupae,0,0.8633,4
152400_at,BECKSTPREPU04HR,Development,W1118,Prepupae,0,0.8538,4
152401_at,BECKSTPREPU04HR,Development,W1118,Prepupae,-1,0.6568,4
152402_at,BECKSTPREPU04HR,Development,W1118,Prepupae,0,1.051,4
152403_at,BECKSTPREPU04HR,Development,W1118,Prepupae,-1,0.7846,4
152404_at,BECKSTPREPU04HR,Development,W1118,Prepupae,0,0.9073,4
152405_at,BECKSTPREPU04HR,Development,W1118,Prepupae,0,0.8002,4
152406_at,BECKSTPREPU04HR,Development,W1118,Prepupae,0,0.9585,4
152407_at,BECKSTPREPU04HR,Development,W1118,Prepupae,-1,0.7654,4
152408_at,BECKSTPREPU04HR,Development,W1118,Prepupae,1,2.0743,4
152409_at,BECKSTPREPU04HR,Development,W1118,Prepupae,1,1.2183,4
152410_at,BECKSTPREPU04HR,Development,W1118,Prepupae,1,1.211,4
152411_at,BECKSTPREPU04HR,Development,W1118,Prepupae,-1,0.7794,4
152412_at,BECKSTPREPU04HR,Development,W1118,Prepupae,0,0.8076,4
152413_at,BECKSTPREPU04HR,Development,W1118,Prepupae,0,0.949,4
152414_at,BECKSTPREPU04HR,Development,W1118,Prepupae,0,1.1389,4
152415_at,BECKSTPREPU04HR,Development,W1118,Prepupae,-1,0.4645,4
152416_at,BECKSTPREPU04HR,Development,W1118,Prepupae,-1,0.7142,4
152417_at,BECKSTPREPU04HR,Development,W1118,Prepupae,0,0.9034,4
152418_at,BECKSTPREPU04HR,Development,W1118,Prepupae,0,0.8604,4
152419_at,BECKSTPREPU04HR,Development,W1118,Prepupae,-1,0.6218,4
152420_at,BECKSTPREPU04HR,Development,W1118,Prepupae,0,1.0037,4
152421_at,BECKSTPREPU04HR,Development,W1118,Prepupae,1,1.3223,4
152422_at,BECKSTPREPU04HR,Development,W1118,Prepupae,0,1.0119,4
152423_at,BECKSTPREPU04HR,Development,W1118,Prepupae,0,0.9772,4
152424_at,BECKSTPREPU04HR,Development,W1118,Prepupae,1,1.4377,4
152425_at,BECKSTPREPU04HR,Development,W1118,Prepupae,-1,0.5303,4
152426_at,BECKSTPREPU04HR,Development,W1118,Prepupae,0,0.8421,4
152427_at,BECKSTPREPU04HR,Development,W1118,Prepupae,1,1.4422,4
152428_at,BECKSTPREPU04HR,Development,W1118,Prepupae,0,0.9216,4
152429_at,BECKSTPREPU04HR,Development,W1118,Prepupae,0,1.055,4
152430_at,BECKSTPREPU04HR,Development,W1118,Prepupae,-1,0.6076,4
152431_at,BECKSTPREPU04HR,Development,W1118,Prepupae,0,0.9974,4
152432_at,BECKSTPREPU04HR,Development,W1118,Prepupae,0,0.971,4
152433_at,BECKSTPREPU04HR,Development,W1118,Prepupae,-1,0.452,4
152434_at,BECKSTPREPU04HR,Development,W1118,Prepupae,0,1.1684,4
152435_at,BECKSTPREPU04HR,Development,W1118,Prepupae,1,1.6795,4
152436_at,BECKSTPREPU04HR,Development,W1118,Prepupae,-1,0.4728,4
152437_at,BECKSTPREPU04HR,Development,W1118,Prepupae,0,0.9521,4
152438_at,BECKSTPREPU04HR,Development,W1118,Prepupae,1,1.2648,4
152439_at,BECKSTPREPU04HR,Development,W1118,Prepupae,0,1.0536,4
152440_at,BECKSTPREPU04HR,Development,W1118,Prepupae,0,0.9401,4
152441_at,BECKSTPREPU04HR,Development,W1118,Prepupae,0,0.9677,4
152442_at,BECKSTPREPU04HR,Development,W1118,Prepupae,0,0.852,4
152443_at,BECKSTPREPU04HR,Development,W1118,Prepupae,-1,0.7665,4
152444_at,BECKSTPREPU04HR,Development,W1118,Prepupae,0,1.0924,4
152445_at,BECKSTPREPU04HR,Development,W1118,Prepupae,0,1.1686,4
152446_at,BECKSTPREPU04HR,Development,W1118,Prepupae,1,2.0125,4
152447_at,BECKSTPREPU04HR,Development,W1118,Prepupae,0,1.1166,4
152448_at,BECKSTPREPU04HR,Development,W1118,Prepupae,1,1.247,4
152449_at,BECKSTPREPU04HR,Development,W1118,Prepupae,0,0.8545,4
152450_at,BECKSTPREPU04HR,Development,W1118,Prepupae,1,1.485,4
152451_at,BECKSTPREPU04HR,Development,W1118,Prepupae,0,1.023,4
152452_at,BECKSTPREPU04HR,Development,W1118,Prepupae,-1,0.6099,4
152453_at,BECKSTPREPU04HR,Development,W1118,Prepupae,0,1.0211,4
152454_at,BECKSTPREPU04HR,Development,W1118,Prepupae,0,0.8106,4
152455_at,BECKSTPREPU04HR,Development,W1118,Prepupae,1,1.5008,4
152456_at,BECKSTPREPU04HR,Development,W1118,Prepupae,-1,0.0899,4
152457_at,BECKSTPREPU04HR,Development,W1118,Prepupae,1,3.0798,4
152458_at,BECKSTPREPU04HR,Development,W1118,Prepupae,-1,0.7021,4
152459_at,BECKSTPREPU04HR,Development,W1118,Prepupae,1,1.2534,4
152460_at,BECKSTPREPU04HR,Development,W1118,Prepupae,-1,0.6051,4
152461_at,BECKSTPREPU04HR,Development,W1118,Prepupae,-1,0.6924,4
152462_at,BECKSTPREPU04HR,Development,W1118,Prepupae,1,1.7003,4
152463_at,BECKSTPREPU04HR,Development,W1118,Prepupae,1,1.8544,4
152464_at,BECKSTPREPU04HR,Development,W1118,Prepupae,0,1.106,4
152465_at,BECKSTPREPU04HR,Development,W1118,Prepupae,0,0.8633,4
152466_at,BECKSTPREPU04HR,Development,W1118,Prepupae,0,0.9149,4
152467_at,BECKSTPREPU04HR,Development,W1118,Prepupae,0,0.8636,4
152468_at,BECKSTPREPU04HR,Development,W1118,Prepupae,0,1.124,4
152469_at,BECKSTPREPU04HR,Development,W1118,Prepupae,0,1.0989,4
152470_at,BECKSTPREPU04HR,Development,W1118,Prepupae,0,1.0844,4
152471_at,BECKSTPREPU04HR,Development,W1118,Prepupae,0,1.1796,4
152472_at,BECKSTPREPU04HR,Development,W1118,Prepupae,-1,0.5282,4
152473_at,BECKSTPREPU04HR,Development,W1118,Prepupae,0,1.0284,4
152474_at,BECKSTPREPU04HR,Development,W1118,Prepupae,0,1.1353,4
152475_at,BECKSTPREPU04HR,Development,W1118,Prepupae,0,0.989,4
152476_at,BECKSTPREPU04HR,Development,W1118,Prepupae,1,1.5057,4
152477_at,BECKSTPREPU04HR,Development,W1118,Prepupae,0,1.058,4
152478_at,BECKSTPREPU04HR,Development,W1118,Prepupae,0,0.8129,4
152479_at,BECKSTPREPU04HR,Development,W1118,Prepupae,0,1.0189,4
152480_at,BECKSTPREPU04HR,Development,W1118,Prepupae,0,0.828,4
152481_at,BECKSTPREPU04HR,Development,W1118,Prepupae,0,0.8985,4
152482_at,BECKSTPREPU04HR,Development,W1118,Prepupae,1,1.361,4
152483_at,BECKSTPREPU04HR,Development,W1118,Prepupae,0,1.008,4
152484_at,BECKSTPREPU04HR,Development,W1118,Prepupae,0,1.0798,4
152485_at,BECKSTPREPU04HR,Development,W1118,Prepupae,0,0.8157,4
152486_at,BECKSTPREPU04HR,Development,W1118,Prepupae,-1,0.7882,4
152487_at,BECKSTPREPU04HR,Development,W1118,Prepupae,-1,0.6959,4
152488_at,BECKSTPREPU04HR,Development,W1118,Prepupae,0,1.1436,4
152489_at,BECKSTPREPU04HR,Development,W1118,Prepupae,0,1.061,4
152490_at,BECKSTPREPU04HR,Development,W1118,Prepupae,-1,0.5152,4
152491_at,BECKSTPREPU04HR,Development,W1118,Prepupae,1,1.4542,4
152492_at,BECKSTPREPU04HR,Development,W1118,Prepupae,-1,0.5867,4
152493_at,BECKSTPREPU04HR,Development,W1118,Prepupae,0,1.108,4
152494_at,BECKSTPREPU04HR,Development,W1118,Prepupae,1,1.3517,4
152495_at,BECKSTPREPU04HR,Development,W1118,Prepupae,1,1.5594,4
152496_at,BECKSTPREPU04HR,Development,W1118,Prepupae,0,1.1706,4
152497_at,BECKSTPREPU04HR,Development,W1118,Prepupae,0,0.9805,4
152498_at,BECKSTPREPU04HR,Development,W1118,Prepupae,-1,0.7338,4
152499_at,BECKSTPREPU04HR,Development,W1118,Prepupae,1,1.9817,4
152500_at,BECKSTPREPU04HR,Development,W1118,Prepupae,1,1.3412,4
152501_at,BECKSTPREPU04HR,Development,W1118,Prepupae,0,1.0378,4
152502_at,BECKSTPREPU04HR,Development,W1118,Prepupae,1,1.3392,4
152503_at,BECKSTPREPU04HR,Development,W1118,Prepupae,0,0.9564,4
152504_at,BECKSTPREPU04HR,Development,W1118,Prepupae,0,1.1488,4
152505_at,BECKSTPREPU04HR,Development,W1118,Prepupae,-1,0.7859,4
152506_at,BECKSTPREPU04HR,Development,W1118,Prepupae,-1,0.784,4
152507_at,BECKSTPREPU04HR,Development,W1118,Prepupae,-1,0.6022,4
152508_at,BECKSTPREPU04HR,Development,W1118,Prepupae,-1,0.6236,4
152509_at,BECKSTPREPU04HR,Development,W1118,Prepupae,0,0.9468,4
152510_at,BECKSTPREPU04HR,Development,W1118,Prepupae,-1,0.6863,4
152511_at,BECKSTPREPU04HR,Development,W1118,Prepupae,0,1.1022,4
152512_at,BECKSTPREPU04HR,Development,W1118,Prepupae,-1,0.5498,4
152513_at,BECKSTPREPU04HR,Development,W1118,Prepupae,1,2.4914,4
152514_at,BECKSTPREPU04HR,Development,W1118,Prepupae,0,0.9338,4
152515_at,BECKSTPREPU04HR,Development,W1118,Prepupae,0,0.8822,4
152516_at,BECKSTPREPU04HR,Development,W1118,Prepupae,1,1.2066,4
152517_at,BECKSTPREPU04HR,Development,W1118,Prepupae,0,0.8997,4
152518_at,BECKSTPREPU04HR,Development,W1118,Prepupae,0,0.9586,4
152519_at,BECKSTPREPU04HR,Development,W1118,Prepupae,0,0.952,4
152520_at,BECKSTPREPU04HR,Development,W1118,Prepupae,-1,0.6293,4
152521_at,BECKSTPREPU04HR,Development,W1118,Prepupae,0,0.9481,4
152522_at,BECKSTPREPU04HR,Development,W1118,Prepupae,1,1.7358,4
152523_at,BECKSTPREPU04HR,Development,W1118,Prepupae,1,1.3176,4
152524_at,BECKSTPREPU04HR,Development,W1118,Prepupae,1,1.2182,4
152525_at,BECKSTPREPU04HR,Development,W1118,Prepupae,-1,0.5715,4
152526_at,BECKSTPREPU04HR,Development,W1118,Prepupae,0,0.9752,4
152527_at,BECKSTPREPU04HR,Development,W1118,Prepupae,1,1.2642,4
152528_at,BECKSTPREPU04HR,Development,W1118,Prepupae,1,1.3818,4
152529_at,BECKSTPREPU04HR,Development,W1118,Prepupae,0,1.1679,4
152530_at,BECKSTPREPU04HR,Development,W1118,Prepupae,0,1.0497,4
152531_at,BECKSTPREPU04HR,Development,W1118,Prepupae,0,0.9011,4
152532_at,BECKSTPREPU04HR,Development,W1118,Prepupae,0,0.9247,4
152533_at,BECKSTPREPU04HR,Development,W1118,Prepupae,1,1.4529,4
152534_at,BECKSTPREPU04HR,Development,W1118,Prepupae,-1,0.5111,4
152535_at,BECKSTPREPU04HR,Development,W1118,Prepupae,0,1.0387,4
152536_at,BECKSTPREPU04HR,Development,W1118,Prepupae,0,1.0985,4
152537_at,BECKSTPREPU04HR,Development,W1118,Prepupae,0,0.8835,4
152538_at,BECKSTPREPU04HR,Development,W1118,Prepupae,0,0.9383,4
152539_at,BECKSTPREPU04HR,Development,W1118,Prepupae,0,0.8101,4
152540_at,BECKSTPREPU04HR,Development,W1118,Prepupae,0,1.0123,4
152541_at,BECKSTPREPU04HR,Development,W1118,Prepupae,0,0.8056,4
152542_at,BECKSTPREPU04HR,Development,W1118,Prepupae,0,0.8746,4
152543_at,BECKSTPREPU04HR,Development,W1118,Prepupae,-1,0.7689,4
152544_at,BECKSTPREPU04HR,Development,W1118,Prepupae,-1,0.5944,4
152545_at,BECKSTPREPU04HR,Development,W1118,Prepupae,0,0.9148,4
152546_at,BECKSTPREPU04HR,Development,W1118,Prepupae,0,1.0626,4
152547_at,BECKSTPREPU04HR,Development,W1118,Prepupae,0,0.8051,4
152548_at,BECKSTPREPU04HR,Development,W1118,Prepupae,-1,0.538,4
152549_at,BECKSTPREPU04HR,Development,W1118,Prepupae,-1,0.6742,4
152550_at,BECKSTPREPU04HR,Development,W1118,Prepupae,0,0.822,4
152551_at,BECKSTPREPU04HR,Development,W1118,Prepupae,0,0.8284,4
152552_at,BECKSTPREPU04HR,Development,W1118,Prepupae,1,1.5179,4
152553_at,BECKSTPREPU04HR,Development,W1118,Prepupae,1,1.7015,4
152554_at,BECKSTPREPU04HR,Development,W1118,Prepupae,1,1.6549,4
152555_at,BECKSTPREPU04HR,Development,W1118,Prepupae,1,1.4415,4
152556_at,BECKSTPREPU04HR,Development,W1118,Prepupae,0,1.1476,4
152557_at,BECKSTPREPU04HR,Development,W1118,Prepupae,0,0.9315,4
152558_at,BECKSTPREPU04HR,Development,W1118,Prepupae,0,0.9918,4
152559_at,BECKSTPREPU04HR,Development,W1118,Prepupae,0,0.9248,4
152560_at,BECKSTPREPU04HR,Development,W1118,Prepupae,0,1.0925,4
152561_at,BECKSTPREPU04HR,Development,W1118,Prepupae,0,0.8759,4
152562_at,BECKSTPREPU04HR,Development,W1118,Prepupae,0,0.8127,4
152563_at,BECKSTPREPU04HR,Development,W1118,Prepupae,0,0.9743,4
152564_at,BECKSTPREPU04HR,Development,W1118,Prepupae,1,1.561,4
152565_at,BECKSTPREPU04HR,Development,W1118,Prepupae,1,1.2866,4
152566_at,BECKSTPREPU04HR,Development,W1118,Prepupae,-1,0.5866,4
152567_at,BECKSTPREPU04HR,Development,W1118,Prepupae,1,1.2707,4
152568_at,BECKSTPREPU04HR,Development,W1118,Prepupae,0,0.8018,4
152569_at,BECKSTPREPU04HR,Development,W1118,Prepupae,0,0.8554,4
152570_at,BECKSTPREPU04HR,Development,W1118,Prepupae,0,1.002,4
152571_at,BECKSTPREPU04HR,Development,W1118,Prepupae,0,0.8681,4
152572_at,BECKSTPREPU04HR,Development,W1118,Prepupae,1,1.3735,4
152573_at,BECKSTPREPU04HR,Development,W1118,Prepupae,0,0.8458,4
152574_at,BECKSTPREPU04HR,Development,W1118,Prepupae,-1,0.7798,4
152575_at,BECKSTPREPU04HR,Development,W1118,Prepupae,1,1.2721,4
152576_at,BECKSTPREPU04HR,Development,W1118,Prepupae,-1,0.5162,4
152577_at,BECKSTPREPU04HR,Development,W1118,Prepupae,0,0.965,4
152578_at,BECKSTPREPU04HR,Development,W1118,Prepupae,1,1.3512,4
152579_at,BECKSTPREPU04HR,Development,W1118,Prepupae,0,0.9356,4
152580_at,BECKSTPREPU04HR,Development,W1118,Prepupae,-1,0.7335,4
152581_at,BECKSTPREPU04HR,Development,W1118,Prepupae,-1,0.4421,4
152582_at,BECKSTPREPU04HR,Development,W1118,Prepupae,0,1.1267,4
152583_at,BECKSTPREPU04HR,Development,W1118,Prepupae,0,0.9606,4
152584_at,BECKSTPREPU04HR,Development,W1118,Prepupae,0,1.1231,4
152585_at,BECKSTPREPU04HR,Development,W1118,Prepupae,0,1.0538,4
152586_at,BECKSTPREPU04HR,Development,W1118,Prepupae,1,1.3298,4
152587_at,BECKSTPREPU04HR,Development,W1118,Prepupae,-1,0.6953,4
152588_at,BECKSTPREPU04HR,Development,W1118,Prepupae,-1,0.6801,4
152589_at,BECKSTPREPU04HR,Development,W1118,Prepupae,0,1.073,4
152590_at,BECKSTPREPU04HR,Development,W1118,Prepupae,-1,0.7657,4
152591_at,BECKSTPREPU04HR,Development,W1118,Prepupae,0,1.0628,4
152592_at,BECKSTPREPU04HR,Development,W1118,Prepupae,0,0.984,4
152593_at,BECKSTPREPU04HR,Development,W1118,Prepupae,1,1.2888,4
152594_at,BECKSTPREPU04HR,Development,W1118,Prepupae,1,1.2318,4
152595_at,BECKSTPREPU04HR,Development,W1118,Prepupae,-1,0.6413,4
152596_at,BECKSTPREPU04HR,Development,W1118,Prepupae,0,1.081,4
152597_at,BECKSTPREPU04HR,Development,W1118,Prepupae,0,0.9976,4
152598_at,BECKSTPREPU04HR,Development,W1118,Prepupae,0,1.193,4
152599_at,BECKSTPREPU04HR,Development,W1118,Prepupae,1,1.5028,4
152600_at,BECKSTPREPU04HR,Development,W1118,Prepupae,0,0.9914,4
152601_at,BECKSTPREPU04HR,Development,W1118,Prepupae,0,0.9597,4
152602_at,BECKSTPREPU04HR,Development,W1118,Prepupae,-1,0.73,4
152603_at,BECKSTPREPU04HR,Development,W1118,Prepupae,0,1.0397,4
152604_at,BECKSTPREPU04HR,Development,W1118,Prepupae,1,1.7109,4
152605_at,BECKSTPREPU04HR,Development,W1118,Prepupae,0,0.9581,4
152606_at,BECKSTPREPU04HR,Development,W1118,Prepupae,1,1.6814,4
152607_at,BECKSTPREPU04HR,Development,W1118,Prepupae,0,0.9516,4
152608_at,BECKSTPREPU04HR,Development,W1118,Prepupae,1,1.2648,4
152609_at,BECKSTPREPU04HR,Development,W1118,Prepupae,1,1.3139,4
152610_at,BECKSTPREPU04HR,Development,W1118,Prepupae,1,1.2203,4
152611_at,BECKSTPREPU04HR,Development,W1118,Prepupae,0,1.0965,4
152612_at,BECKSTPREPU04HR,Development,W1118,Prepupae,0,1.0683,4
152613_at,BECKSTPREPU04HR,Development,W1118,Prepupae,-1,0.791,4
152614_at,BECKSTPREPU04HR,Development,W1118,Prepupae,0,1.0423,4
152615_at,BECKSTPREPU04HR,Development,W1118,Prepupae,1,1.2958,4
152616_at,BECKSTPREPU04HR,Development,W1118,Prepupae,0,1.153,4
152617_at,BECKSTPREPU04HR,Development,W1118,Prepupae,0,0.8364,4
152618_at,BECKSTPREPU04HR,Development,W1118,Prepupae,0,0.8671,4
152619_at,BECKSTPREPU04HR,Development,W1118,Prepupae,0,0.94,4
152620_at,BECKSTPREPU04HR,Development,W1118,Prepupae,0,1.0238,4
152621_at,BECKSTPREPU04HR,Development,W1118,Prepupae,1,1.4606,4
152622_at,BECKSTPREPU04HR,Development,W1118,Prepupae,0,1.027,4
152623_at,BECKSTPREPU04HR,Development,W1118,Prepupae,1,1.8882,4
152624_at,BECKSTPREPU04HR,Development,W1118,Prepupae,0,0.9368,4
152625_at,BECKSTPREPU04HR,Development,W1118,Prepupae,-1,0.7579,4
152626_at,BECKSTPREPU04HR,Development,W1118,Prepupae,0,0.9054,4
152627_at,BECKSTPREPU04HR,Development,W1118,Prepupae,1,1.4624,4
152628_at,BECKSTPREPU04HR,Development,W1118,Prepupae,0,0.9512,4
152629_at,BECKSTPREPU04HR,Development,W1118,Prepupae,-1,0.7342,4
152630_at,BECKSTPREPU04HR,Development,W1118,Prepupae,1,1.306,4
152631_at,BECKSTPREPU04HR,Development,W1118,Prepupae,0,1.0615,4
152632_at,BECKSTPREPU04HR,Development,W1118,Prepupae,0,0.8505,4
152633_at,BECKSTPREPU04HR,Development,W1118,Prepupae,-1,0.7898,4
152634_at,BECKSTPREPU04HR,Development,W1118,Prepupae,0,0.8508,4
152635_at,BECKSTPREPU04HR,Development,W1118,Prepupae,0,1.191,4
152636_at,BECKSTPREPU04HR,Development,W1118,Prepupae,0,0.9455,4
152637_at,BECKSTPREPU04HR,Development,W1118,Prepupae,-1,0.7125,4
152638_at,BECKSTPREPU04HR,Development,W1118,Prepupae,0,1.0368,4
152639_at,BECKSTPREPU04HR,Development,W1118,Prepupae,1,1.5644,4
152640_at,BECKSTPREPU04HR,Development,W1118,Prepupae,1,1.2482,4
152641_at,BECKSTPREPU04HR,Development,W1118,Prepupae,0,1.0727,4
152642_at,BECKSTPREPU04HR,Development,W1118,Prepupae,1,1.3428,4
152643_at,BECKSTPREPU04HR,Development,W1118,Prepupae,0,0.9236,4
152644_at,BECKSTPREPU04HR,Development,W1118,Prepupae,1,1.435,4
152645_at,BECKSTPREPU04HR,Development,W1118,Prepupae,0,0.976,4
152646_at,BECKSTPREPU04HR,Development,W1118,Prepupae,0,1.041,4
152647_at,BECKSTPREPU04HR,Development,W1118,Prepupae,0,0.8501,4
152648_at,BECKSTPREPU04HR,Development,W1118,Prepupae,0,1.0103,4
152649_at,BECKSTPREPU04HR,Development,W1118,Prepupae,1,1.3333,4
152650_at,BECKSTPREPU04HR,Development,W1118,Prepupae,1,1.2297,4
152651_at,BECKSTPREPU04HR,Development,W1118,Prepupae,0,0.8937,4
152652_at,BECKSTPREPU04HR,Development,W1118,Prepupae,-1,0.7296,4
152653_at,BECKSTPREPU04HR,Development,W1118,Prepupae,1,1.3563,4
152654_at,BECKSTPREPU04HR,Development,W1118,Prepupae,1,1.702,4
152655_at,BECKSTPREPU04HR,Development,W1118,Prepupae,-1,0.5085,4
152656_at,BECKSTPREPU04HR,Development,W1118,Prepupae,-1,0.7544,4
152657_at,BECKSTPREPU04HR,Development,W1118,Prepupae,1,1.2541,4
152658_at,BECKSTPREPU04HR,Development,W1118,Prepupae,0,1.1364,4
152659_at,BECKSTPREPU04HR,Development,W1118,Prepupae,-1,0.7881,4
152660_at,BECKSTPREPU04HR,Development,W1118,Prepupae,1,1.4248,4
152661_at,BECKSTPREPU04HR,Development,W1118,Prepupae,0,0.9915,4
152662_at,BECKSTPREPU04HR,Development,W1118,Prepupae,0,1.1596,4
152663_at,BECKSTPREPU04HR,Development,W1118,Prepupae,0,0.8055,4
152664_at,BECKSTPREPU04HR,Development,W1118,Prepupae,0,1.051,4
152665_at,BECKSTPREPU04HR,Development,W1118,Prepupae,-1,0.43,4
152666_at,BECKSTPREPU04HR,Development,W1118,Prepupae,1,1.3404,4
152667_at,BECKSTPREPU04HR,Development,W1118,Prepupae,0,0.8036,4
152668_at,BECKSTPREPU04HR,Development,W1118,Prepupae,-1,0.797,4
152669_at,BECKSTPREPU04HR,Development,W1118,Prepupae,0,0.8365,4
152670_at,BECKSTPREPU04HR,Development,W1118,Prepupae,0,0.8609,4
152671_at,BECKSTPREPU04HR,Development,W1118,Prepupae,1,1.7652,4
152672_at,BECKSTPREPU04HR,Development,W1118,Prepupae,1,3.1518,4
152673_at,BECKSTPREPU04HR,Development,W1118,Prepupae,0,1.0584,4
152674_at,BECKSTPREPU04HR,Development,W1118,Prepupae,0,0.9982,4
152675_at,BECKSTPREPU04HR,Development,W1118,Prepupae,-1,0.4866,4
152676_at,BECKSTPREPU04HR,Development,W1118,Prepupae,-1,0.7808,4
152677_at,BECKSTPREPU04HR,Development,W1118,Prepupae,-1,0.6631,4
152678_at,BECKSTPREPU04HR,Development,W1118,Prepupae,1,1.545,4
152679_at,BECKSTPREPU04HR,Development,W1118,Prepupae,1,2.6559,4
152680_at,BECKSTPREPU04HR,Development,W1118,Prepupae,0,0.9231,4
152681_at,BECKSTPREPU04HR,Development,W1118,Prepupae,0,0.8021,4
152682_at,BECKSTPREPU04HR,Development,W1118,Prepupae,1,1.5291,4
152683_at,BECKSTPREPU04HR,Development,W1118,Prepupae,0,1.0886,4
152684_at,BECKSTPREPU04HR,Development,W1118,Prepupae,-1,0.6927,4
152685_at,BECKSTPREPU04HR,Development,W1118,Prepupae,1,1.3743,4
152686_at,BECKSTPREPU04HR,Development,W1118,Prepupae,0,0.8254,4
152687_at,BECKSTPREPU04HR,Development,W1118,Prepupae,1,1.8651,4
152688_at,BECKSTPREPU04HR,Development,W1118,Prepupae,0,1.0143,4
152689_at,BECKSTPREPU04HR,Development,W1118,Prepupae,0,0.9559,4
152690_at,BECKSTPREPU04HR,Development,W1118,Prepupae,0,0.9488,4
152691_at,BECKSTPREPU04HR,Development,W1118,Prepupae,1,1.2187,4
152692_at,BECKSTPREPU04HR,Development,W1118,Prepupae,0,0.8195,4
152693_at,BECKSTPREPU04HR,Development,W1118,Prepupae,0,0.9893,4
152694_at,BECKSTPREPU04HR,Development,W1118,Prepupae,1,1.8136,4
152695_at,BECKSTPREPU04HR,Development,W1118,Prepupae,1,2.1414,4
152696_at,BECKSTPREPU04HR,Development,W1118,Prepupae,0,1.0417,4
152697_at,BECKSTPREPU04HR,Development,W1118,Prepupae,-1,0.4263,4
152698_at,BECKSTPREPU04HR,Development,W1118,Prepupae,0,1.1588,4
152699_at,BECKSTPREPU04HR,Development,W1118,Prepupae,0,0.9939,4
152700_at,BECKSTPREPU04HR,Development,W1118,Prepupae,0,0.8609,4
152701_at,BECKSTPREPU04HR,Development,W1118,Prepupae,0,1.1965,4
152702_at,BECKSTPREPU04HR,Development,W1118,Prepupae,-1,0.7019,4
152703_at,BECKSTPREPU04HR,Development,W1118,Prepupae,1,1.3984,4
152704_at,BECKSTPREPU04HR,Development,W1118,Prepupae,0,1.0581,4
152705_at,BECKSTPREPU04HR,Development,W1118,Prepupae,0,0.9207,4
152706_at,BECKSTPREPU04HR,Development,W1118,Prepupae,0,0.8833,4
152707_at,BECKSTPREPU04HR,Development,W1118,Prepupae,1,1.3963,4
152708_at,BECKSTPREPU04HR,Development,W1118,Prepupae,1,1.236,4
152709_at,BECKSTPREPU04HR,Development,W1118,Prepupae,-1,0.668,4
152710_at,BECKSTPREPU04HR,Development,W1118,Prepupae,0,1.0363,4
152711_at,BECKSTPREPU04HR,Development,W1118,Prepupae,0,0.8326,4
152712_at,BECKSTPREPU04HR,Development,W1118,Prepupae,0,0.8654,4
152713_at,BECKSTPREPU04HR,Development,W1118,Prepupae,0,0.9424,4
152714_at,BECKSTPREPU04HR,Development,W1118,Prepupae,-1,0.7773,4
152715_at,BECKSTPREPU04HR,Development,W1118,Prepupae,-1,0.7326,4
152716_at,BECKSTPREPU04HR,Development,W1118,Prepupae,0,1.0458,4
152717_at,BECKSTPREPU04HR,Development,W1118,Prepupae,0,1.1939,4
152718_at,BECKSTPREPU04HR,Development,W1118,Prepupae,1,1.897,4
152719_at,BECKSTPREPU04HR,Development,W1118,Prepupae,0,0.9027,4
152720_at,BECKSTPREPU04HR,Development,W1118,Prepupae,0,0.9795,4
152721_at,BECKSTPREPU04HR,Development,W1118,Prepupae,-1,0.4889,4
152722_at,BECKSTPREPU04HR,Development,W1118,Prepupae,-1,0.72,4
152723_at,BECKSTPREPU04HR,Development,W1118,Prepupae,-1,0.7717,4
152724_at,BECKSTPREPU04HR,Development,W1118,Prepupae,0,1.0722,4
152725_at,BECKSTPREPU04HR,Development,W1118,Prepupae,1,1.208,4
152726_at,BECKSTPREPU04HR,Development,W1118,Prepupae,0,0.9918,4
152727_at,BECKSTPREPU04HR,Development,W1118,Prepupae,-1,0.6062,4
152728_at,BECKSTPREPU04HR,Development,W1118,Prepupae,0,1.1402,4
152729_at,BECKSTPREPU04HR,Development,W1118,Prepupae,1,1.6391,4
152730_at,BECKSTPREPU04HR,Development,W1118,Prepupae,-1,0.7284,4
152731_at,BECKSTPREPU04HR,Development,W1118,Prepupae,0,1.0537,4
152732_at,BECKSTPREPU04HR,Development,W1118,Prepupae,1,1.3287,4
152733_at,BECKSTPREPU04HR,Development,W1118,Prepupae,1,1.367,4
152734_at,BECKSTPREPU04HR,Development,W1118,Prepupae,1,1.2857,4
152735_at,BECKSTPREPU04HR,Development,W1118,Prepupae,-1,0.6176,4
152736_at,BECKSTPREPU04HR,Development,W1118,Prepupae,1,1.3935,4
152737_at,BECKSTPREPU04HR,Development,W1118,Prepupae,0,0.8557,4
152738_at,BECKSTPREPU04HR,Development,W1118,Prepupae,-1,0.6043,4
152739_at,BECKSTPREPU04HR,Development,W1118,Prepupae,0,1.1424,4
152740_at,BECKSTPREPU04HR,Development,W1118,Prepupae,-1,0.6003,4
152741_at,BECKSTPREPU04HR,Development,W1118,Prepupae,0,1.1339,4
152742_at,BECKSTPREPU04HR,Development,W1118,Prepupae,-1,0.7617,4
152743_at,BECKSTPREPU04HR,Development,W1118,Prepupae,0,1.024,4
152744_at,BECKSTPREPU04HR,Development,W1118,Prepupae,-1,0.7388,4
152745_at,BECKSTPREPU04HR,Development,W1118,Prepupae,0,1.046,4
152746_at,BECKSTPREPU04HR,Development,W1118,Prepupae,0,1.0591,4
152747_at,BECKSTPREPU04HR,Development,W1118,Prepupae,1,2.5008,4
152748_at,BECKSTPREPU04HR,Development,W1118,Prepupae,-1,0.5079,4
152749_at,BECKSTPREPU04HR,Development,W1118,Prepupae,0,1.0188,4
152750_at,BECKSTPREPU04HR,Development,W1118,Prepupae,0,0.9344,4
152751_at,BECKSTPREPU04HR,Development,W1118,Prepupae,0,1.1476,4
152752_at,BECKSTPREPU04HR,Development,W1118,Prepupae,0,1.014,4
152753_at,BECKSTPREPU04HR,Development,W1118,Prepupae,-1,0.6994,4
152754_at,BECKSTPREPU04HR,Development,W1118,Prepupae,0,0.8226,4
152755_at,BECKSTPREPU04HR,Development,W1118,Prepupae,1,1.5886,4
152756_at,BECKSTPREPU04HR,Development,W1118,Prepupae,0,1.1917,4
152757_at,BECKSTPREPU04HR,Development,W1118,Prepupae,1,1.2596,4
152758_at,BECKSTPREPU04HR,Development,W1118,Prepupae,0,0.8152,4
152759_at,BECKSTPREPU04HR,Development,W1118,Prepupae,0,0.9177,4
152760_at,BECKSTPREPU04HR,Development,W1118,Prepupae,-1,0.7933,4
152761_at,BECKSTPREPU04HR,Development,W1118,Prepupae,1,1.2386,4
152762_at,BECKSTPREPU04HR,Development,W1118,Prepupae,0,0.9917,4
152763_at,BECKSTPREPU04HR,Development,W1118,Prepupae,1,1.2358,4
152764_at,BECKSTPREPU04HR,Development,W1118,Prepupae,0,1.1088,4
152765_at,BECKSTPREPU04HR,Development,W1118,Prepupae,1,1.613,4
152766_at,BECKSTPREPU04HR,Development,W1118,Prepupae,0,1.1073,4
152767_at,BECKSTPREPU04HR,Development,W1118,Prepupae,-1,0.7862,4
152768_at,BECKSTPREPU04HR,Development,W1118,Prepupae,0,1.1561,4
152769_at,BECKSTPREPU04HR,Development,W1118,Prepupae,0,0.8045,4
152770_at,BECKSTPREPU04HR,Development,W1118,Prepupae,1,1.5826,4
152771_at,BECKSTPREPU04HR,Development,W1118,Prepupae,-1,0.5836,4
152772_at,BECKSTPREPU04HR,Development,W1118,Prepupae,0,0.9106,4
152773_at,BECKSTPREPU04HR,Development,W1118,Prepupae,1,1.3998,4
152774_at,BECKSTPREPU04HR,Development,W1118,Prepupae,0,0.8636,4
152775_at,BECKSTPREPU04HR,Development,W1118,Prepupae,0,0.8127,4
152776_at,BECKSTPREPU04HR,Development,W1118,Prepupae,1,1.3139,4
152777_at,BECKSTPREPU04HR,Development,W1118,Prepupae,0,0.9406,4
152778_at,BECKSTPREPU04HR,Development,W1118,Prepupae,-1,0.7491,4
152779_at,BECKSTPREPU04HR,Development,W1118,Prepupae,1,1.4758,4
152780_at,BECKSTPREPU04HR,Development,W1118,Prepupae,0,1.0931,4
152781_at,BECKSTPREPU04HR,Development,W1118,Prepupae,1,1.2456,4
152782_at,BECKSTPREPU04HR,Development,W1118,Prepupae,-1,0.611,4
152783_at,BECKSTPREPU04HR,Development,W1118,Prepupae,0,0.9702,4
152784_at,BECKSTPREPU04HR,Development,W1118,Prepupae,0,1.0066,4
152785_at,BECKSTPREPU04HR,Development,W1118,Prepupae,0,0.9787,4
152786_at,BECKSTPREPU04HR,Development,W1118,Prepupae,0,0.8966,4
152787_at,BECKSTPREPU04HR,Development,W1118,Prepupae,1,1.3415,4
152788_at,BECKSTPREPU04HR,Development,W1118,Prepupae,0,0.8274,4
152789_at,BECKSTPREPU04HR,Development,W1118,Prepupae,1,1.2964,4
152790_at,BECKSTPREPU04HR,Development,W1118,Prepupae,0,1.0204,4
152791_at,BECKSTPREPU04HR,Development,W1118,Prepupae,-1,0.4016,4
152792_at,BECKSTPREPU04HR,Development,W1118,Prepupae,0,1.0293,4
152793_at,BECKSTPREPU04HR,Development,W1118,Prepupae,1,1.2427,4
152794_at,BECKSTPREPU04HR,Development,W1118,Prepupae,1,1.7391,4
152795_at,BECKSTPREPU04HR,Development,W1118,Prepupae,0,0.9036,4
152796_at,BECKSTPREPU04HR,Development,W1118,Prepupae,0,0.9342,4
152797_at,BECKSTPREPU04HR,Development,W1118,Prepupae,0,0.8133,4
152798_at,BECKSTPREPU04HR,Development,W1118,Prepupae,-1,0.7452,4
152799_at,BECKSTPREPU04HR,Development,W1118,Prepupae,0,0.8193,4
152800_at,BECKSTPREPU04HR,Development,W1118,Prepupae,0,0.8984,4
152801_at,BECKSTPREPU04HR,Development,W1118,Prepupae,-1,0.6715,4
152802_at,BECKSTPREPU04HR,Development,W1118,Prepupae,0,1.1146,4
152803_at,BECKSTPREPU04HR,Development,W1118,Prepupae,1,1.2368,4
152804_at,BECKSTPREPU04HR,Development,W1118,Prepupae,1,1.2957,4
152805_at,BECKSTPREPU04HR,Development,W1118,Prepupae,0,1.0942,4
152806_at,BECKSTPREPU04HR,Development,W1118,Prepupae,1,1.5549,4
152807_at,BECKSTPREPU04HR,Development,W1118,Prepupae,1,1.3286,4
152808_at,BECKSTPREPU04HR,Development,W1118,Prepupae,1,1.2838,4
152809_at,BECKSTPREPU04HR,Development,W1118,Prepupae,-1,0.6039,4
152810_at,BECKSTPREPU04HR,Development,W1118,Prepupae,0,1.0812,4
152811_at,BECKSTPREPU04HR,Development,W1118,Prepupae,0,1.1498,4
152812_at,BECKSTPREPU04HR,Development,W1118,Prepupae,0,0.9768,4
152813_at,BECKSTPREPU04HR,Development,W1118,Prepupae,0,1.005,4
152814_at,BECKSTPREPU04HR,Development,W1118,Prepupae,-1,0.7722,4
152815_at,BECKSTPREPU04HR,Development,W1118,Prepupae,-1,0.4593,4
152816_at,BECKSTPREPU04HR,Development,W1118,Prepupae,0,0.8792,4
152817_at,BECKSTPREPU04HR,Development,W1118,Prepupae,0,1.1624,4
152818_at,BECKSTPREPU04HR,Development,W1118,Prepupae,1,1.3352,4
152819_at,BECKSTPREPU04HR,Development,W1118,Prepupae,0,0.9967,4
152820_at,BECKSTPREPU04HR,Development,W1118,Prepupae,0,0.9461,4
152821_at,BECKSTPREPU04HR,Development,W1118,Prepupae,0,1.1917,4
152822_at,BECKSTPREPU04HR,Development,W1118,Prepupae,0,0.8991,4
152823_at,BECKSTPREPU04HR,Development,W1118,Prepupae,0,0.9343,4
152824_at,BECKSTPREPU04HR,Development,W1118,Prepupae,1,1.5007,4
152825_at,BECKSTPREPU04HR,Development,W1118,Prepupae,0,0.968,4
152826_at,BECKSTPREPU04HR,Development,W1118,Prepupae,0,0.9487,4
152827_at,BECKSTPREPU04HR,Development,W1118,Prepupae,0,0.9361,4
152828_at,BECKSTPREPU04HR,Development,W1118,Prepupae,1,1.3068,4
152829_at,BECKSTPREPU04HR,Development,W1118,Prepupae,0,0.9079,4
152830_at,BECKSTPREPU04HR,Development,W1118,Prepupae,1,2.2851,4
152831_at,BECKSTPREPU04HR,Development,W1118,Prepupae,0,0.9149,4
152832_at,BECKSTPREPU04HR,Development,W1118,Prepupae,0,1.0322,4
152833_at,BECKSTPREPU04HR,Development,W1118,Prepupae,1,1.5353,4
152834_at,BECKSTPREPU04HR,Development,W1118,Prepupae,0,1.1557,4
152835_at,BECKSTPREPU04HR,Development,W1118,Prepupae,-1,0.7235,4
152836_at,BECKSTPREPU04HR,Development,W1118,Prepupae,0,0.8897,4
152837_at,BECKSTPREPU04HR,Development,W1118,Prepupae,0,0.9655,4
152838_at,BECKSTPREPU04HR,Development,W1118,Prepupae,1,1.2473,4
152839_at,BECKSTPREPU04HR,Development,W1118,Prepupae,0,0.8687,4
152840_at,BECKSTPREPU04HR,Development,W1118,Prepupae,0,1.0832,4
152841_at,BECKSTPREPU04HR,Development,W1118,Prepupae,0,0.9372,4
152842_at,BECKSTPREPU04HR,Development,W1118,Prepupae,0,0.9765,4
152843_at,BECKSTPREPU04HR,Development,W1118,Prepupae,0,1.0542,4
152844_at,BECKSTPREPU04HR,Development,W1118,Prepupae,0,1.024,4
152845_at,BECKSTPREPU04HR,Development,W1118,Prepupae,1,1.3427,4
152846_at,BECKSTPREPU04HR,Development,W1118,Prepupae,0,1.1786,4
152847_at,BECKSTPREPU04HR,Development,W1118,Prepupae,0,1.0118,4
152848_at,BECKSTPREPU04HR,Development,W1118,Prepupae,0,1.0565,4
152849_at,BECKSTPREPU04HR,Development,W1118,Prepupae,0,1.1615,4
152850_at,BECKSTPREPU04HR,Development,W1118,Prepupae,0,0.8625,4
152851_at,BECKSTPREPU04HR,Development,W1118,Prepupae,1,1.589,4
152852_at,BECKSTPREPU04HR,Development,W1118,Prepupae,0,1.0081,4
152853_at,BECKSTPREPU04HR,Development,W1118,Prepupae,1,2.7472,4
152854_at,BECKSTPREPU04HR,Development,W1118,Prepupae,0,0.9664,4
152855_at,BECKSTPREPU04HR,Development,W1118,Prepupae,0,1.1154,4
152856_at,BECKSTPREPU04HR,Development,W1118,Prepupae,1,1.2845,4
152857_at,BECKSTPREPU04HR,Development,W1118,Prepupae,1,1.5391,4
152858_at,BECKSTPREPU04HR,Development,W1118,Prepupae,0,0.9943,4
152859_at,BECKSTPREPU04HR,Development,W1118,Prepupae,0,1.0963,4
152860_at,BECKSTPREPU04HR,Development,W1118,Prepupae,0,0.924,4
152861_at,BECKSTPREPU04HR,Development,W1118,Prepupae,0,1.01,4
152862_at,BECKSTPREPU04HR,Development,W1118,Prepupae,-1,0.4938,4
152863_at,BECKSTPREPU04HR,Development,W1118,Prepupae,-1,0.4746,4
152864_at,BECKSTPREPU04HR,Development,W1118,Prepupae,-1,0.767,4
152865_at,BECKSTPREPU04HR,Development,W1118,Prepupae,0,1.0699,4
152866_at,BECKSTPREPU04HR,Development,W1118,Prepupae,0,1.1573,4
152867_at,BECKSTPREPU04HR,Development,W1118,Prepupae,0,0.8836,4
152868_at,BECKSTPREPU04HR,Development,W1118,Prepupae,0,0.9141,4
152869_at,BECKSTPREPU04HR,Development,W1118,Prepupae,0,0.8282,4
152870_at,BECKSTPREPU04HR,Development,W1118,Prepupae,0,1.0198,4
152871_at,BECKSTPREPU04HR,Development,W1118,Prepupae,1,1.3328,4
152872_at,BECKSTPREPU04HR,Development,W1118,Prepupae,0,0.8602,4
152873_at,BECKSTPREPU04HR,Development,W1118,Prepupae,0,0.8753,4
152874_at,BECKSTPREPU04HR,Development,W1118,Prepupae,-1,0.7577,4
152875_at,BECKSTPREPU04HR,Development,W1118,Prepupae,0,1.1145,4
152876_at,BECKSTPREPU04HR,Development,W1118,Prepupae,1,1.5319,4
152877_at,BECKSTPREPU04HR,Development,W1118,Prepupae,0,1.0571,4
152878_at,BECKSTPREPU04HR,Development,W1118,Prepupae,0,1.0834,4
152879_at,BECKSTPREPU04HR,Development,W1118,Prepupae,-1,0.7226,4
152880_at,BECKSTPREPU04HR,Development,W1118,Prepupae,-1,0.5366,4
152881_at,BECKSTPREPU04HR,Development,W1118,Prepupae,0,1.1465,4
152882_at,BECKSTPREPU04HR,Development,W1118,Prepupae,1,1.2412,4
152883_at,BECKSTPREPU04HR,Development,W1118,Prepupae,0,0.9288,4
152884_at,BECKSTPREPU04HR,Development,W1118,Prepupae,0,0.9531,4
152885_at,BECKSTPREPU04HR,Development,W1118,Prepupae,1,1.3385,4
152886_at,BECKSTPREPU04HR,Development,W1118,Prepupae,-1,0.7889,4
152887_at,BECKSTPREPU04HR,Development,W1118,Prepupae,1,1.2362,4
152888_at,BECKSTPREPU04HR,Development,W1118,Prepupae,1,1.2528,4
152889_at,BECKSTPREPU04HR,Development,W1118,Prepupae,1,1.5216,4
152890_at,BECKSTPREPU04HR,Development,W1118,Prepupae,0,0.9352,4
152891_at,BECKSTPREPU04HR,Development,W1118,Prepupae,-1,0.5461,4
152892_at,BECKSTPREPU04HR,Development,W1118,Prepupae,-1,0.2818,4
152893_at,BECKSTPREPU04HR,Development,W1118,Prepupae,1,1.2659,4
152894_at,BECKSTPREPU04HR,Development,W1118,Prepupae,0,1.0122,4
152895_at,BECKSTPREPU04HR,Development,W1118,Prepupae,1,1.2948,4
152896_at,BECKSTPREPU04HR,Development,W1118,Prepupae,-1,0.6572,4
152897_at,BECKSTPREPU04HR,Development,W1118,Prepupae,1,1.6239,4
152898_at,BECKSTPREPU04HR,Development,W1118,Prepupae,-1,0.4773,4
152899_at,BECKSTPREPU04HR,Development,W1118,Prepupae,-1,0.2188,4
152900_at,BECKSTPREPU04HR,Development,W1118,Prepupae,1,1.4206,4
152901_at,BECKSTPREPU04HR,Development,W1118,Prepupae,-1,0.7831,4
152902_at,BECKSTPREPU04HR,Development,W1118,Prepupae,1,1.3232,4
152903_at,BECKSTPREPU04HR,Development,W1118,Prepupae,0,1.0018,4
152904_at,BECKSTPREPU04HR,Development,W1118,Prepupae,0,1.0092,4
152905_at,BECKSTPREPU04HR,Development,W1118,Prepupae,-1,0.6358,4
152906_at,BECKSTPREPU04HR,Development,W1118,Prepupae,0,1.0939,4
152907_at,BECKSTPREPU04HR,Development,W1118,Prepupae,-1,0.6076,4
152908_at,BECKSTPREPU04HR,Development,W1118,Prepupae,1,1.4056,4
152909_at,BECKSTPREPU04HR,Development,W1118,Prepupae,-1,0.7267,4
152910_at,BECKSTPREPU04HR,Development,W1118,Prepupae,-1,0.4403,4
152911_at,BECKSTPREPU04HR,Development,W1118,Prepupae,-1,0.5583,4
152912_at,BECKSTPREPU04HR,Development,W1118,Prepupae,0,1.1319,4
152913_at,BECKSTPREPU04HR,Development,W1118,Prepupae,-1,0.6885,4
152914_at,BECKSTPREPU04HR,Development,W1118,Prepupae,-1,0.5723,4
152915_at,BECKSTPREPU04HR,Development,W1118,Prepupae,1,1.2739,4
152916_at,BECKSTPREPU04HR,Development,W1118,Prepupae,0,0.9341,4
152917_at,BECKSTPREPU04HR,Development,W1118,Prepupae,-1,0.6414,4
152918_at,BECKSTPREPU04HR,Development,W1118,Prepupae,-1,0.6888,4
152919_at,BECKSTPREPU04HR,Development,W1118,Prepupae,0,0.8452,4
152920_at,BECKSTPREPU04HR,Development,W1118,Prepupae,1,1.8838,4
152921_at,BECKSTPREPU04HR,Development,W1118,Prepupae,0,0.8775,4
152922_at,BECKSTPREPU04HR,Development,W1118,Prepupae,0,0.9674,4
152923_at,BECKSTPREPU04HR,Development,W1118,Prepupae,1,1.2246,4
152924_at,BECKSTPREPU04HR,Development,W1118,Prepupae,0,0.8219,4
152925_at,BECKSTPREPU04HR,Development,W1118,Prepupae,1,1.2824,4
152926_at,BECKSTPREPU04HR,Development,W1118,Prepupae,-1,0.7944,4
152927_at,BECKSTPREPU04HR,Development,W1118,Prepupae,0,1.0006,4
152928_at,BECKSTPREPU04HR,Development,W1118,Prepupae,1,1.3563,4
152929_at,BECKSTPREPU04HR,Development,W1118,Prepupae,1,1.4059,4
152930_at,BECKSTPREPU04HR,Development,W1118,Prepupae,0,0.8879,4
152931_at,BECKSTPREPU04HR,Development,W1118,Prepupae,0,1.1606,4
152932_at,BECKSTPREPU04HR,Development,W1118,Prepupae,-1,0.4012,4
152933_at,BECKSTPREPU04HR,Development,W1118,Prepupae,1,1.4217,4
152934_at,BECKSTPREPU04HR,Development,W1118,Prepupae,0,0.9839,4
152935_at,BECKSTPREPU04HR,Development,W1118,Prepupae,0,0.9878,4
152936_at,BECKSTPREPU04HR,Development,W1118,Prepupae,0,0.9657,4
152937_at,BECKSTPREPU04HR,Development,W1118,Prepupae,1,1.2486,4
152938_at,BECKSTPREPU04HR,Development,W1118,Prepupae,1,1.3365,4
152939_at,BECKSTPREPU04HR,Development,W1118,Prepupae,0,0.8629,4
152940_at,BECKSTPREPU04HR,Development,W1118,Prepupae,1,1.387,4
152941_at,BECKSTPREPU04HR,Development,W1118,Prepupae,0,0.8232,4
152942_at,BECKSTPREPU04HR,Development,W1118,Prepupae,0,0.9756,4
152943_at,BECKSTPREPU04HR,Development,W1118,Prepupae,0,0.9937,4
152944_at,BECKSTPREPU04HR,Development,W1118,Prepupae,1,1.2413,4
152945_at,BECKSTPREPU04HR,Development,W1118,Prepupae,-1,0.7989,4
152946_at,BECKSTPREPU04HR,Development,W1118,Prepupae,0,0.9611,4
152947_at,BECKSTPREPU04HR,Development,W1118,Prepupae,0,0.8911,4
152948_at,BECKSTPREPU04HR,Development,W1118,Prepupae,1,1.2243,4
152949_at,BECKSTPREPU04HR,Development,W1118,Prepupae,0,1.0403,4
152950_at,BECKSTPREPU04HR,Development,W1118,Prepupae,1,1.4025,4
152951_at,BECKSTPREPU04HR,Development,W1118,Prepupae,1,1.6622,4
152952_at,BECKSTPREPU04HR,Development,W1118,Prepupae,0,0.9222,4
152953_at,BECKSTPREPU04HR,Development,W1118,Prepupae,0,1.0489,4
152954_at,BECKSTPREPU04HR,Development,W1118,Prepupae,0,0.933,4
152955_at,BECKSTPREPU04HR,Development,W1118,Prepupae,0,1.0628,4
152956_at,BECKSTPREPU04HR,Development,W1118,Prepupae,0,0.8646,4
152957_at,BECKSTPREPU04HR,Development,W1118,Prepupae,-1,0.7505,4
152958_at,BECKSTPREPU04HR,Development,W1118,Prepupae,1,1.502,4
152959_at,BECKSTPREPU04HR,Development,W1118,Prepupae,0,1.0157,4
152960_i_at,BECKSTPREPU04HR,Development,W1118,Prepupae,1,2.9901,4
152961_at,BECKSTPREPU04HR,Development,W1118,Prepupae,0,1.098,4
152962_at,BECKSTPREPU04HR,Development,W1118,Prepupae,-1,0.7935,4
152963_at,BECKSTPREPU04HR,Development,W1118,Prepupae,-1,0.7936,4
152964_at,BECKSTPREPU04HR,Development,W1118,Prepupae,0,1.0192,4
152965_at,BECKSTPREPU04HR,Development,W1118,Prepupae,0,0.9352,4
152966_at,BECKSTPREPU04HR,Development,W1118,Prepupae,0,1.0741,4
152967_at,BECKSTPREPU04HR,Development,W1118,Prepupae,1,1.3382,4
152968_at,BECKSTPREPU04HR,Development,W1118,Prepupae,0,0.8914,4
152969_at,BECKSTPREPU04HR,Development,W1118,Prepupae,1,1.3711,4
152970_at,BECKSTPREPU04HR,Development,W1118,Prepupae,0,0.9474,4
152971_at,BECKSTPREPU04HR,Development,W1118,Prepupae,0,0.8573,4
152972_at,BECKSTPREPU04HR,Development,W1118,Prepupae,0,1.023,4
152973_at,BECKSTPREPU04HR,Development,W1118,Prepupae,1,1.3291,4
152974_at,BECKSTPREPU04HR,Development,W1118,Prepupae,-1,0.6105,4
152975_at,BECKSTPREPU04HR,Development,W1118,Prepupae,0,0.8842,4
152976_at,BECKSTPREPU04HR,Development,W1118,Prepupae,0,1.1481,4
152977_at,BECKSTPREPU04HR,Development,W1118,Prepupae,0,0.8645,4
152978_at,BECKSTPREPU04HR,Development,W1118,Prepupae,0,0.8473,4
152979_at,BECKSTPREPU04HR,Development,W1118,Prepupae,0,0.8502,4
152980_at,BECKSTPREPU04HR,Development,W1118,Prepupae,-1,0.5718,4
152981_at,BECKSTPREPU04HR,Development,W1118,Prepupae,0,0.9013,4
152982_at,BECKSTPREPU04HR,Development,W1118,Prepupae,1,1.2885,4
152983_at,BECKSTPREPU04HR,Development,W1118,Prepupae,0,1.0457,4
152984_at,BECKSTPREPU04HR,Development,W1118,Prepupae,1,1.2573,4
152985_at,BECKSTPREPU04HR,Development,W1118,Prepupae,0,0.8882,4
152986_at,BECKSTPREPU04HR,Development,W1118,Prepupae,0,1.103,4
152987_at,BECKSTPREPU04HR,Development,W1118,Prepupae,-1,0.544,4
152988_at,BECKSTPREPU04HR,Development,W1118,Prepupae,1,1.2223,4
152989_at,BECKSTPREPU04HR,Development,W1118,Prepupae,0,0.9798,4
152990_at,BECKSTPREPU04HR,Development,W1118,Prepupae,1,2.2158,4
152991_at,BECKSTPREPU04HR,Development,W1118,Prepupae,-1,0.659,4
152992_at,BECKSTPREPU04HR,Development,W1118,Prepupae,0,0.9991,4
152993_at,BECKSTPREPU04HR,Development,W1118,Prepupae,-1,0.7932,4
152994_at,BECKSTPREPU04HR,Development,W1118,Prepupae,0,1.0074,4
152995_at,BECKSTPREPU04HR,Development,W1118,Prepupae,-1,0.7683,4
152996_at,BECKSTPREPU04HR,Development,W1118,Prepupae,-1,0.5423,4
152997_at,BECKSTPREPU04HR,Development,W1118,Prepupae,0,0.9733,4
152998_at,BECKSTPREPU04HR,Development,W1118,Prepupae,0,1.0325,4
152999_at,BECKSTPREPU04HR,Development,W1118,Prepupae,1,1.3602,4
153000_at,BECKSTPREPU04HR,Development,W1118,Prepupae,-1,0.7476,4
153001_at,BECKSTPREPU04HR,Development,W1118,Prepupae,0,0.8969,4
153002_at,BECKSTPREPU04HR,Development,W1118,Prepupae,-1,0.5785,4
153003_at,BECKSTPREPU04HR,Development,W1118,Prepupae,-1,0.6535,4
153004_at,BECKSTPREPU04HR,Development,W1118,Prepupae,-1,0.7258,4
153005_at,BECKSTPREPU04HR,Development,W1118,Prepupae,-1,0.6707,4
153006_at,BECKSTPREPU04HR,Development,W1118,Prepupae,1,2.6036,4
153007_at,BECKSTPREPU04HR,Development,W1118,Prepupae,1,1.269,4
153008_at,BECKSTPREPU04HR,Development,W1118,Prepupae,0,1.0416,4
153009_at,BECKSTPREPU04HR,Development,W1118,Prepupae,0,1.0179,4
153010_at,BECKSTPREPU04HR,Development,W1118,Prepupae,0,0.9144,4
153011_at,BECKSTPREPU04HR,Development,W1118,Prepupae,-1,0.7584,4
153012_at,BECKSTPREPU04HR,Development,W1118,Prepupae,0,1.1121,4
153013_at,BECKSTPREPU04HR,Development,W1118,Prepupae,-1,0.4633,4
153014_at,BECKSTPREPU04HR,Development,W1118,Prepupae,-1,0.7145,4
153015_i_at,BECKSTPREPU04HR,Development,W1118,Prepupae,-1,0.6533,4
153016_r_at,BECKSTPREPU04HR,Development,W1118,Prepupae,-1,0.3838,4
153017_at,BECKSTPREPU04HR,Development,W1118,Prepupae,1,1.2079,4
153018_at,BECKSTPREPU04HR,Development,W1118,Prepupae,1,1.4683,4
153019_at,BECKSTPREPU04HR,Development,W1118,Prepupae,-1,0.7662,4
153020_at,BECKSTPREPU04HR,Development,W1118,Prepupae,0,0.8262,4
153021_at,BECKSTPREPU04HR,Development,W1118,Prepupae,0,1.092,4
153022_at,BECKSTPREPU04HR,Development,W1118,Prepupae,1,1.392,4
153023_at,BECKSTPREPU04HR,Development,W1118,Prepupae,0,0.9232,4
153024_at,BECKSTPREPU04HR,Development,W1118,Prepupae,-1,0.7293,4
153025_at,BECKSTPREPU04HR,Development,W1118,Prepupae,0,0.8444,4
153026_at,BECKSTPREPU04HR,Development,W1118,Prepupae,-1,0.6887,4
153027_at,BECKSTPREPU04HR,Development,W1118,Prepupae,0,0.9029,4
153028_at,BECKSTPREPU04HR,Development,W1118,Prepupae,0,0.9386,4
153029_at,BECKSTPREPU04HR,Development,W1118,Prepupae,1,2.2049,4
153030_at,BECKSTPREPU04HR,Development,W1118,Prepupae,1,1.2039,4
153031_at,BECKSTPREPU04HR,Development,W1118,Prepupae,1,1.4618,4
153032_at,BECKSTPREPU04HR,Development,W1118,Prepupae,0,0.8849,4
153033_at,BECKSTPREPU04HR,Development,W1118,Prepupae,-1,0.5368,4
153034_at,BECKSTPREPU04HR,Development,W1118,Prepupae,1,1.3864,4
153035_at,BECKSTPREPU04HR,Development,W1118,Prepupae,1,1.3643,4
153036_at,BECKSTPREPU04HR,Development,W1118,Prepupae,0,1.1849,4
153037_at,BECKSTPREPU04HR,Development,W1118,Prepupae,0,0.9198,4
153038_at,BECKSTPREPU04HR,Development,W1118,Prepupae,0,0.9727,4
153039_at,BECKSTPREPU04HR,Development,W1118,Prepupae,1,1.3633,4
153040_at,BECKSTPREPU04HR,Development,W1118,Prepupae,-1,0.7089,4
153041_at,BECKSTPREPU04HR,Development,W1118,Prepupae,0,1.1672,4
153042_at,BECKSTPREPU04HR,Development,W1118,Prepupae,0,0.8658,4
153043_at,BECKSTPREPU04HR,Development,W1118,Prepupae,0,1.0433,4
153044_at,BECKSTPREPU04HR,Development,W1118,Prepupae,1,4.4627,4
153045_at,BECKSTPREPU04HR,Development,W1118,Prepupae,0,1.1112,4
153046_at,BECKSTPREPU04HR,Development,W1118,Prepupae,1,1.224,4
153047_at,BECKSTPREPU04HR,Development,W1118,Prepupae,-1,0.7232,4
153048_at,BECKSTPREPU04HR,Development,W1118,Prepupae,-1,0.7217,4
153049_at,BECKSTPREPU04HR,Development,W1118,Prepupae,-1,0.7997,4
153050_at,BECKSTPREPU04HR,Development,W1118,Prepupae,0,1.1713,4
153051_at,BECKSTPREPU04HR,Development,W1118,Prepupae,0,1.0614,4
153052_at,BECKSTPREPU04HR,Development,W1118,Prepupae,-1,0.7517,4
153053_at,BECKSTPREPU04HR,Development,W1118,Prepupae,-1,0.7657,4
153054_at,BECKSTPREPU04HR,Development,W1118,Prepupae,0,1.0593,4
153055_at,BECKSTPREPU04HR,Development,W1118,Prepupae,0,1.1172,4
153056_at,BECKSTPREPU04HR,Development,W1118,Prepupae,0,1.0667,4
153057_at,BECKSTPREPU04HR,Development,W1118,Prepupae,0,0.9375,4
153058_at,BECKSTPREPU04HR,Development,W1118,Prepupae,0,0.89,4
153059_at,BECKSTPREPU04HR,Development,W1118,Prepupae,1,1.7728,4
153060_at,BECKSTPREPU04HR,Development,W1118,Prepupae,0,0.9292,4
153061_at,BECKSTPREPU04HR,Development,W1118,Prepupae,-1,0.3131,4
153062_at,BECKSTPREPU04HR,Development,W1118,Prepupae,0,1.0538,4
153063_at,BECKSTPREPU04HR,Development,W1118,Prepupae,-1,0.6929,4
153064_at,BECKSTPREPU04HR,Development,W1118,Prepupae,0,1.163,4
153065_at,BECKSTPREPU04HR,Development,W1118,Prepupae,-1,0.7595,4
153066_at,BECKSTPREPU04HR,Development,W1118,Prepupae,0,1.0035,4
153067_at,BECKSTPREPU04HR,Development,W1118,Prepupae,0,1.033,4
153068_at,BECKSTPREPU04HR,Development,W1118,Prepupae,1,1.4103,4
153069_at,BECKSTPREPU04HR,Development,W1118,Prepupae,-1,0.6714,4
153070_at,BECKSTPREPU04HR,Development,W1118,Prepupae,0,0.943,4
153071_at,BECKSTPREPU04HR,Development,W1118,Prepupae,0,0.8216,4
153072_at,BECKSTPREPU04HR,Development,W1118,Prepupae,-1,0.7225,4
153073_at,BECKSTPREPU04HR,Development,W1118,Prepupae,-1,0.6001,4
153074_at,BECKSTPREPU04HR,Development,W1118,Prepupae,0,0.9263,4
153075_at,BECKSTPREPU04HR,Development,W1118,Prepupae,-1,0.641,4
153076_at,BECKSTPREPU04HR,Development,W1118,Prepupae,0,1.0618,4
153077_at,BECKSTPREPU04HR,Development,W1118,Prepupae,1,1.9704,4
153078_at,BECKSTPREPU04HR,Development,W1118,Prepupae,1,1.3511,4
153079_at,BECKSTPREPU04HR,Development,W1118,Prepupae,1,1.4861,4
153080_at,BECKSTPREPU04HR,Development,W1118,Prepupae,0,1.1611,4
153081_at,BECKSTPREPU04HR,Development,W1118,Prepupae,0,0.9549,4
153082_at,BECKSTPREPU04HR,Development,W1118,Prepupae,1,1.2201,4
153083_at,BECKSTPREPU04HR,Development,W1118,Prepupae,-1,0.6107,4
153084_at,BECKSTPREPU04HR,Development,W1118,Prepupae,0,1.1036,4
153085_at,BECKSTPREPU04HR,Development,W1118,Prepupae,1,1.4565,4
153086_at,BECKSTPREPU04HR,Development,W1118,Prepupae,0,1.0138,4
153087_at,BECKSTPREPU04HR,Development,W1118,Prepupae,0,0.8415,4
153088_at,BECKSTPREPU04HR,Development,W1118,Prepupae,-1,0.6784,4
153089_at,BECKSTPREPU04HR,Development,W1118,Prepupae,0,1.1547,4
153090_at,BECKSTPREPU04HR,Development,W1118,Prepupae,-1,0.7257,4
153091_at,BECKSTPREPU04HR,Development,W1118,Prepupae,1,1.4284,4
153092_at,BECKSTPREPU04HR,Development,W1118,Prepupae,-1,0.6796,4
153093_at,BECKSTPREPU04HR,Development,W1118,Prepupae,0,1.0817,4
153094_at,BECKSTPREPU04HR,Development,W1118,Prepupae,1,1.3527,4
153095_at,BECKSTPREPU04HR,Development,W1118,Prepupae,0,1.0074,4
153096_at,BECKSTPREPU04HR,Development,W1118,Prepupae,0,0.9512,4
153097_at,BECKSTPREPU04HR,Development,W1118,Prepupae,1,1.2708,4
153098_at,BECKSTPREPU04HR,Development,W1118,Prepupae,0,1.1834,4
153099_at,BECKSTPREPU04HR,Development,W1118,Prepupae,-1,0.6796,4
153100_at,BECKSTPREPU04HR,Development,W1118,Prepupae,0,0.8813,4
153101_at,BECKSTPREPU04HR,Development,W1118,Prepupae,0,0.841,4
153102_at,BECKSTPREPU04HR,Development,W1118,Prepupae,-1,0.6371,4
153103_at,BECKSTPREPU04HR,Development,W1118,Prepupae,-1,0.728,4
153104_at,BECKSTPREPU04HR,Development,W1118,Prepupae,0,0.8436,4
153105_at,BECKSTPREPU04HR,Development,W1118,Prepupae,0,1.1858,4
153106_at,BECKSTPREPU04HR,Development,W1118,Prepupae,0,0.8432,4
153107_at,BECKSTPREPU04HR,Development,W1118,Prepupae,-1,0.5545,4
153108_at,BECKSTPREPU04HR,Development,W1118,Prepupae,0,0.8937,4
153109_at,BECKSTPREPU04HR,Development,W1118,Prepupae,0,0.8422,4
153110_at,BECKSTPREPU04HR,Development,W1118,Prepupae,0,0.8585,4
153111_at,BECKSTPREPU04HR,Development,W1118,Prepupae,-1,0.6138,4
153112_at,BECKSTPREPU04HR,Development,W1118,Prepupae,0,0.8068,4
153113_at,BECKSTPREPU04HR,Development,W1118,Prepupae,-1,0.7412,4
153114_at,BECKSTPREPU04HR,Development,W1118,Prepupae,0,1.1658,4
153115_at,BECKSTPREPU04HR,Development,W1118,Prepupae,0,0.8073,4
153116_at,BECKSTPREPU04HR,Development,W1118,Prepupae,0,0.8975,4
153117_at,BECKSTPREPU04HR,Development,W1118,Prepupae,0,0.8043,4
153118_at,BECKSTPREPU04HR,Development,W1118,Prepupae,0,0.8299,4
153119_at,BECKSTPREPU04HR,Development,W1118,Prepupae,1,1.7259,4
153120_at,BECKSTPREPU04HR,Development,W1118,Prepupae,1,3.2329,4
153121_at,BECKSTPREPU04HR,Development,W1118,Prepupae,0,0.8964,4
153122_at,BECKSTPREPU04HR,Development,W1118,Prepupae,0,1.1004,4
153123_at,BECKSTPREPU04HR,Development,W1118,Prepupae,0,1.0083,4
153124_at,BECKSTPREPU04HR,Development,W1118,Prepupae,1,1.2576,4
153125_at,BECKSTPREPU04HR,Development,W1118,Prepupae,0,1.0154,4
153126_at,BECKSTPREPU04HR,Development,W1118,Prepupae,0,0.8978,4
153127_at,BECKSTPREPU04HR,Development,W1118,Prepupae,0,1.1062,4
153128_at,BECKSTPREPU04HR,Development,W1118,Prepupae,0,0.8448,4
153129_at,BECKSTPREPU04HR,Development,W1118,Prepupae,1,1.27,4
153130_at,BECKSTPREPU04HR,Development,W1118,Prepupae,-1,0.5943,4
153131_at,BECKSTPREPU04HR,Development,W1118,Prepupae,0,0.9741,4
153132_at,BECKSTPREPU04HR,Development,W1118,Prepupae,0,0.8082,4
153133_at,BECKSTPREPU04HR,Development,W1118,Prepupae,0,0.8834,4
153134_at,BECKSTPREPU04HR,Development,W1118,Prepupae,0,0.8059,4
153135_at,BECKSTPREPU04HR,Development,W1118,Prepupae,-1,0.536,4
153136_at,BECKSTPREPU04HR,Development,W1118,Prepupae,0,1.0661,4
153137_at,BECKSTPREPU04HR,Development,W1118,Prepupae,-1,0.7218,4
153138_at,BECKSTPREPU04HR,Development,W1118,Prepupae,0,1.0062,4
153139_at,BECKSTPREPU04HR,Development,W1118,Prepupae,-1,0.7641,4
153140_at,BECKSTPREPU04HR,Development,W1118,Prepupae,0,1.069,4
153141_at,BECKSTPREPU04HR,Development,W1118,Prepupae,0,0.874,4
153142_at,BECKSTPREPU04HR,Development,W1118,Prepupae,-1,0.7118,4
153143_at,BECKSTPREPU04HR,Development,W1118,Prepupae,0,0.9255,4
153144_at,BECKSTPREPU04HR,Development,W1118,Prepupae,0,0.9924,4
153145_at,BECKSTPREPU04HR,Development,W1118,Prepupae,-1,0.4878,4
153146_at,BECKSTPREPU04HR,Development,W1118,Prepupae,-1,0.7988,4
153147_at,BECKSTPREPU04HR,Development,W1118,Prepupae,-1,0.7284,4
153148_at,BECKSTPREPU04HR,Development,W1118,Prepupae,0,0.9004,4
153149_at,BECKSTPREPU04HR,Development,W1118,Prepupae,-1,0.726,4
153150_at,BECKSTPREPU04HR,Development,W1118,Prepupae,-1,0.5835,4
153151_at,BECKSTPREPU04HR,Development,W1118,Prepupae,1,1.2491,4
153152_at,BECKSTPREPU04HR,Development,W1118,Prepupae,0,0.977,4
153153_at,BECKSTPREPU04HR,Development,W1118,Prepupae,0,0.9448,4
153154_at,BECKSTPREPU04HR,Development,W1118,Prepupae,1,1.3762,4
153155_at,BECKSTPREPU04HR,Development,W1118,Prepupae,0,0.9367,4
153156_at,BECKSTPREPU04HR,Development,W1118,Prepupae,0,0.9573,4
153157_at,BECKSTPREPU04HR,Development,W1118,Prepupae,-1,0.7422,4
153158_at,BECKSTPREPU04HR,Development,W1118,Prepupae,0,1.0664,4
153159_at,BECKSTPREPU04HR,Development,W1118,Prepupae,1,1.21,4
153160_at,BECKSTPREPU04HR,Development,W1118,Prepupae,0,0.8383,4
153161_at,BECKSTPREPU04HR,Development,W1118,Prepupae,0,1.1816,4
153162_at,BECKSTPREPU04HR,Development,W1118,Prepupae,1,1.5441,4
153163_at,BECKSTPREPU04HR,Development,W1118,Prepupae,0,1.0218,4
153164_at,BECKSTPREPU04HR,Development,W1118,Prepupae,-1,0.7328,4
153165_at,BECKSTPREPU04HR,Development,W1118,Prepupae,-1,0.6205,4
153166_at,BECKSTPREPU04HR,Development,W1118,Prepupae,-1,0.785,4
153167_at,BECKSTPREPU04HR,Development,W1118,Prepupae,0,1.1543,4
153168_at,BECKSTPREPU04HR,Development,W1118,Prepupae,0,0.9975,4
153169_at,BECKSTPREPU04HR,Development,W1118,Prepupae,-1,0.7002,4
153170_at,BECKSTPREPU04HR,Development,W1118,Prepupae,1,1.8949,4
153171_at,BECKSTPREPU04HR,Development,W1118,Prepupae,1,2.1216,4
153172_at,BECKSTPREPU04HR,Development,W1118,Prepupae,0,0.8517,4
153173_at,BECKSTPREPU04HR,Development,W1118,Prepupae,0,1.1278,4
153174_at,BECKSTPREPU04HR,Development,W1118,Prepupae,0,1.1073,4
153175_at,BECKSTPREPU04HR,Development,W1118,Prepupae,1,1.2499,4
153176_at,BECKSTPREPU04HR,Development,W1118,Prepupae,0,0.9169,4
153177_at,BECKSTPREPU04HR,Development,W1118,Prepupae,-1,0.7376,4
153178_at,BECKSTPREPU04HR,Development,W1118,Prepupae,0,0.9758,4
153179_at,BECKSTPREPU04HR,Development,W1118,Prepupae,0,1.0027,4
153180_at,BECKSTPREPU04HR,Development,W1118,Prepupae,-1,0.5428,4
153181_at,BECKSTPREPU04HR,Development,W1118,Prepupae,0,0.9744,4
153182_at,BECKSTPREPU04HR,Development,W1118,Prepupae,1,1.2544,4
153183_at,BECKSTPREPU04HR,Development,W1118,Prepupae,0,0.8538,4
153184_at,BECKSTPREPU04HR,Development,W1118,Prepupae,0,0.8419,4
153185_at,BECKSTPREPU04HR,Development,W1118,Prepupae,0,1.0618,4
153186_at,BECKSTPREPU04HR,Development,W1118,Prepupae,1,1.308,4
153187_at,BECKSTPREPU04HR,Development,W1118,Prepupae,0,1.0818,4
153188_at,BECKSTPREPU04HR,Development,W1118,Prepupae,0,0.8215,4
153189_at,BECKSTPREPU04HR,Development,W1118,Prepupae,0,1.0312,4
153190_at,BECKSTPREPU04HR,Development,W1118,Prepupae,0,1.1005,4
153191_at,BECKSTPREPU04HR,Development,W1118,Prepupae,1,1.5149,4
153192_at,BECKSTPREPU04HR,Development,W1118,Prepupae,0,0.9506,4
153193_at,BECKSTPREPU04HR,Development,W1118,Prepupae,0,0.8539,4
153194_at,BECKSTPREPU04HR,Development,W1118,Prepupae,0,0.8977,4
153195_at,BECKSTPREPU04HR,Development,W1118,Prepupae,0,1.0056,4
153196_at,BECKSTPREPU04HR,Development,W1118,Prepupae,0,1.1601,4
153197_at,BECKSTPREPU04HR,Development,W1118,Prepupae,1,1.8331,4
153198_at,BECKSTPREPU04HR,Development,W1118,Prepupae,0,0.9672,4
153199_at,BECKSTPREPU04HR,Development,W1118,Prepupae,1,1.6514,4
153200_at,BECKSTPREPU04HR,Development,W1118,Prepupae,0,0.9281,4
153201_at,BECKSTPREPU04HR,Development,W1118,Prepupae,0,1.1314,4
153202_at,BECKSTPREPU04HR,Development,W1118,Prepupae,-1,0.6838,4
153203_at,BECKSTPREPU04HR,Development,W1118,Prepupae,0,0.9311,4
153204_at,BECKSTPREPU04HR,Development,W1118,Prepupae,0,0.9094,4
153205_at,BECKSTPREPU04HR,Development,W1118,Prepupae,-1,0.6097,4
153206_at,BECKSTPREPU04HR,Development,W1118,Prepupae,-1,0.7135,4
153207_at,BECKSTPREPU04HR,Development,W1118,Prepupae,0,1.1416,4
153208_at,BECKSTPREPU04HR,Development,W1118,Prepupae,0,0.933,4
153209_at,BECKSTPREPU04HR,Development,W1118,Prepupae,0,1.0741,4
153210_at,BECKSTPREPU04HR,Development,W1118,Prepupae,1,1.8504,4
153211_at,BECKSTPREPU04HR,Development,W1118,Prepupae,1,1.7825,4
153212_at,BECKSTPREPU04HR,Development,W1118,Prepupae,1,1.2873,4
153213_at,BECKSTPREPU04HR,Development,W1118,Prepupae,-1,0.6969,4
153214_at,BECKSTPREPU04HR,Development,W1118,Prepupae,1,1.2641,4
153215_at,BECKSTPREPU04HR,Development,W1118,Prepupae,0,1.0028,4
153216_at,BECKSTPREPU04HR,Development,W1118,Prepupae,0,0.9126,4
153217_at,BECKSTPREPU04HR,Development,W1118,Prepupae,0,0.8726,4
153218_at,BECKSTPREPU04HR,Development,W1118,Prepupae,0,0.9895,4
153219_at,BECKSTPREPU04HR,Development,W1118,Prepupae,0,0.921,4
153220_at,BECKSTPREPU04HR,Development,W1118,Prepupae,-1,0.7198,4
153221_at,BECKSTPREPU04HR,Development,W1118,Prepupae,1,1.4007,4
153222_at,BECKSTPREPU04HR,Development,W1118,Prepupae,-1,0.5254,4
153223_at,BECKSTPREPU04HR,Development,W1118,Prepupae,0,0.944,4
153224_at,BECKSTPREPU04HR,Development,W1118,Prepupae,0,1.1346,4
153225_at,BECKSTPREPU04HR,Development,W1118,Prepupae,-1,0.6782,4
153226_at,BECKSTPREPU04HR,Development,W1118,Prepupae,-1,0.7168,4
153227_at,BECKSTPREPU04HR,Development,W1118,Prepupae,0,1.1013,4
153228_at,BECKSTPREPU04HR,Development,W1118,Prepupae,-1,0.6884,4
153229_at,BECKSTPREPU04HR,Development,W1118,Prepupae,1,2.1258,4
153230_at,BECKSTPREPU04HR,Development,W1118,Prepupae,0,0.9487,4
153231_at,BECKSTPREPU04HR,Development,W1118,Prepupae,-1,0.4437,4
153232_at,BECKSTPREPU04HR,Development,W1118,Prepupae,-1,0.5166,4
153233_at,BECKSTPREPU04HR,Development,W1118,Prepupae,-1,0.49,4
153234_at,BECKSTPREPU04HR,Development,W1118,Prepupae,-1,0.6466,4
153235_at,BECKSTPREPU04HR,Development,W1118,Prepupae,0,1.1181,4
153236_at,BECKSTPREPU04HR,Development,W1118,Prepupae,-1,0.7181,4
153237_at,BECKSTPREPU04HR,Development,W1118,Prepupae,-1,0.4888,4
153238_at,BECKSTPREPU04HR,Development,W1118,Prepupae,0,0.9303,4
153239_at,BECKSTPREPU04HR,Development,W1118,Prepupae,-1,0.7986,4
153240_at,BECKSTPREPU04HR,Development,W1118,Prepupae,1,1.4403,4
153241_at,BECKSTPREPU04HR,Development,W1118,Prepupae,0,0.8662,4
153242_at,BECKSTPREPU04HR,Development,W1118,Prepupae,0,1.1968,4
153243_at,BECKSTPREPU04HR,Development,W1118,Prepupae,0,0.8207,4
153244_at,BECKSTPREPU04HR,Development,W1118,Prepupae,0,0.9468,4
153245_at,BECKSTPREPU04HR,Development,W1118,Prepupae,0,0.953,4
153246_at,BECKSTPREPU04HR,Development,W1118,Prepupae,0,0.9723,4
153247_at,BECKSTPREPU04HR,Development,W1118,Prepupae,0,0.8703,4
153248_at,BECKSTPREPU04HR,Development,W1118,Prepupae,0,0.9184,4
153249_at,BECKSTPREPU04HR,Development,W1118,Prepupae,1,1.3693,4
153250_at,BECKSTPREPU04HR,Development,W1118,Prepupae,1,1.5064,4
153251_at,BECKSTPREPU04HR,Development,W1118,Prepupae,-1,0.6694,4
153252_at,BECKSTPREPU04HR,Development,W1118,Prepupae,-1,0.7145,4
153253_at,BECKSTPREPU04HR,Development,W1118,Prepupae,0,0.9837,4
153254_at,BECKSTPREPU04HR,Development,W1118,Prepupae,-1,0.7947,4
153255_at,BECKSTPREPU04HR,Development,W1118,Prepupae,0,1.1394,4
153256_at,BECKSTPREPU04HR,Development,W1118,Prepupae,0,0.947,4
153257_at,BECKSTPREPU04HR,Development,W1118,Prepupae,0,1.1017,4
153258_at,BECKSTPREPU04HR,Development,W1118,Prepupae,-1,0.7174,4
153259_s_at,BECKSTPREPU04HR,Development,W1118,Prepupae,0,0.803,4
153260_at,BECKSTPREPU04HR,Development,W1118,Prepupae,0,0.8685,4
153261_at,BECKSTPREPU04HR,Development,W1118,Prepupae,-1,0.7475,4
153262_at,BECKSTPREPU04HR,Development,W1118,Prepupae,0,0.8688,4
153263_at,BECKSTPREPU04HR,Development,W1118,Prepupae,0,0.9754,4
153264_at,BECKSTPREPU04HR,Development,W1118,Prepupae,-1,0.7681,4
153265_at,BECKSTPREPU04HR,Development,W1118,Prepupae,0,0.8735,4
153266_at,BECKSTPREPU04HR,Development,W1118,Prepupae,0,0.8541,4
153267_at,BECKSTPREPU04HR,Development,W1118,Prepupae,-1,0.6001,4
153268_at,BECKSTPREPU04HR,Development,W1118,Prepupae,0,1.0481,4
153269_at,BECKSTPREPU04HR,Development,W1118,Prepupae,1,1.2783,4
153270_at,BECKSTPREPU04HR,Development,W1118,Prepupae,0,0.9184,4
153271_at,BECKSTPREPU04HR,Development,W1118,Prepupae,0,0.9779,4
153272_at,BECKSTPREPU04HR,Development,W1118,Prepupae,0,0.8581,4
153273_at,BECKSTPREPU04HR,Development,W1118,Prepupae,0,1.0761,4
153274_at,BECKSTPREPU04HR,Development,W1118,Prepupae,0,0.9586,4
153275_at,BECKSTPREPU04HR,Development,W1118,Prepupae,-1,0.7179,4
153276_at,BECKSTPREPU04HR,Development,W1118,Prepupae,-1,0.64,4
153277_at,BECKSTPREPU04HR,Development,W1118,Prepupae,1,1.452,4
153278_at,BECKSTPREPU04HR,Development,W1118,Prepupae,0,0.9015,4
153279_at,BECKSTPREPU04HR,Development,W1118,Prepupae,0,0.8824,4
153280_at,BECKSTPREPU04HR,Development,W1118,Prepupae,0,1.0747,4
153281_at,BECKSTPREPU04HR,Development,W1118,Prepupae,-1,0.7763,4
153282_at,BECKSTPREPU04HR,Development,W1118,Prepupae,-1,0.3065,4
153283_at,BECKSTPREPU04HR,Development,W1118,Prepupae,0,0.9696,4
153284_at,BECKSTPREPU04HR,Development,W1118,Prepupae,0,0.8868,4
153285_at,BECKSTPREPU04HR,Development,W1118,Prepupae,0,0.9625,4
153286_at,BECKSTPREPU04HR,Development,W1118,Prepupae,0,1.1349,4
153287_at,BECKSTPREPU04HR,Development,W1118,Prepupae,1,1.3177,4
153288_at,BECKSTPREPU04HR,Development,W1118,Prepupae,0,0.9059,4
153289_at,BECKSTPREPU04HR,Development,W1118,Prepupae,0,0.9698,4
153290_at,BECKSTPREPU04HR,Development,W1118,Prepupae,0,0.8325,4
153291_at,BECKSTPREPU04HR,Development,W1118,Prepupae,0,1.0593,4
153292_at,BECKSTPREPU04HR,Development,W1118,Prepupae,-1,0.7487,4
153293_at,BECKSTPREPU04HR,Development,W1118,Prepupae,0,0.8395,4
153294_at,BECKSTPREPU04HR,Development,W1118,Prepupae,1,1.6995,4
153295_at,BECKSTPREPU04HR,Development,W1118,Prepupae,0,0.8345,4
153296_at,BECKSTPREPU04HR,Development,W1118,Prepupae,1,1.2923,4
153297_at,BECKSTPREPU04HR,Development,W1118,Prepupae,0,0.8983,4
153298_at,BECKSTPREPU04HR,Development,W1118,Prepupae,1,1.2698,4
153299_at,BECKSTPREPU04HR,Development,W1118,Prepupae,-1,0.6139,4
153300_at,BECKSTPREPU04HR,Development,W1118,Prepupae,-1,0.5082,4
153301_at,BECKSTPREPU04HR,Development,W1118,Prepupae,0,1.0245,4
153302_at,BECKSTPREPU04HR,Development,W1118,Prepupae,0,0.9638,4
153303_at,BECKSTPREPU04HR,Development,W1118,Prepupae,0,0.9876,4
153304_at,BECKSTPREPU04HR,Development,W1118,Prepupae,1,1.4155,4
153305_at,BECKSTPREPU04HR,Development,W1118,Prepupae,0,1.1499,4
153306_at,BECKSTPREPU04HR,Development,W1118,Prepupae,0,0.9681,4
153307_at,BECKSTPREPU04HR,Development,W1118,Prepupae,0,0.9207,4
153308_at,BECKSTPREPU04HR,Development,W1118,Prepupae,0,0.9323,4
153309_at,BECKSTPREPU04HR,Development,W1118,Prepupae,0,0.9605,4
153310_at,BECKSTPREPU04HR,Development,W1118,Prepupae,0,0.9952,4
153311_at,BECKSTPREPU04HR,Development,W1118,Prepupae,-1,0.6696,4
153312_at,BECKSTPREPU04HR,Development,W1118,Prepupae,-1,0.7642,4
153313_at,BECKSTPREPU04HR,Development,W1118,Prepupae,-1,0.687,4
153314_at,BECKSTPREPU04HR,Development,W1118,Prepupae,0,0.8423,4
153315_at,BECKSTPREPU04HR,Development,W1118,Prepupae,0,0.9055,4
153316_at,BECKSTPREPU04HR,Development,W1118,Prepupae,0,0.9724,4
153317_at,BECKSTPREPU04HR,Development,W1118,Prepupae,0,0.8582,4
153318_at,BECKSTPREPU04HR,Development,W1118,Prepupae,0,1.0346,4
153319_at,BECKSTPREPU04HR,Development,W1118,Prepupae,-1,0.5049,4
153320_at,BECKSTPREPU04HR,Development,W1118,Prepupae,0,0.8346,4
153321_at,BECKSTPREPU04HR,Development,W1118,Prepupae,-1,0.6882,4
153322_at,BECKSTPREPU04HR,Development,W1118,Prepupae,0,0.8518,4
153323_at,BECKSTPREPU04HR,Development,W1118,Prepupae,1,1.3427,4
153324_at,BECKSTPREPU04HR,Development,W1118,Prepupae,0,1.0528,4
153325_at,BECKSTPREPU04HR,Development,W1118,Prepupae,0,0.8455,4
153326_at,BECKSTPREPU04HR,Development,W1118,Prepupae,0,0.8952,4
153327_at,BECKSTPREPU04HR,Development,W1118,Prepupae,-1,0.7442,4
153328_at,BECKSTPREPU04HR,Development,W1118,Prepupae,0,1.104,4
153329_at,BECKSTPREPU04HR,Development,W1118,Prepupae,0,0.8526,4
153330_at,BECKSTPREPU04HR,Development,W1118,Prepupae,0,0.9187,4
153331_at,BECKSTPREPU04HR,Development,W1118,Prepupae,1,2.0786,4
153332_at,BECKSTPREPU04HR,Development,W1118,Prepupae,0,1.1064,4
153333_at,BECKSTPREPU04HR,Development,W1118,Prepupae,-1,0.6404,4
153334_at,BECKSTPREPU04HR,Development,W1118,Prepupae,0,0.922,4
153335_at,BECKSTPREPU04HR,Development,W1118,Prepupae,0,1.1977,4
153336_at,BECKSTPREPU04HR,Development,W1118,Prepupae,-1,0.4995,4
153337_at,BECKSTPREPU04HR,Development,W1118,Prepupae,0,0.9537,4
153338_at,BECKSTPREPU04HR,Development,W1118,Prepupae,0,1.1902,4
153339_at,BECKSTPREPU04HR,Development,W1118,Prepupae,0,1.0375,4
153340_at,BECKSTPREPU04HR,Development,W1118,Prepupae,-1,0.7715,4
153341_at,BECKSTPREPU04HR,Development,W1118,Prepupae,0,0.986,4
153342_at,BECKSTPREPU04HR,Development,W1118,Prepupae,0,1.1132,4
153343_at,BECKSTPREPU04HR,Development,W1118,Prepupae,0,1.1706,4
153344_at,BECKSTPREPU04HR,Development,W1118,Prepupae,0,0.9789,4
153345_at,BECKSTPREPU04HR,Development,W1118,Prepupae,0,0.8131,4
153346_at,BECKSTPREPU04HR,Development,W1118,Prepupae,0,1.025,4
153347_at,BECKSTPREPU04HR,Development,W1118,Prepupae,-1,0.7617,4
153348_at,BECKSTPREPU04HR,Development,W1118,Prepupae,0,0.8608,4
153349_at,BECKSTPREPU04HR,Development,W1118,Prepupae,-1,0.7837,4
153350_at,BECKSTPREPU04HR,Development,W1118,Prepupae,0,0.9772,4
153351_at,BECKSTPREPU04HR,Development,W1118,Prepupae,0,1.0438,4
153352_at,BECKSTPREPU04HR,Development,W1118,Prepupae,0,0.9369,4
153353_at,BECKSTPREPU04HR,Development,W1118,Prepupae,1,1.328,4
153354_at,BECKSTPREPU04HR,Development,W1118,Prepupae,0,1.0558,4
153355_at,BECKSTPREPU04HR,Development,W1118,Prepupae,-1,0.6805,4
153356_at,BECKSTPREPU04HR,Development,W1118,Prepupae,0,0.8777,4
153357_at,BECKSTPREPU04HR,Development,W1118,Prepupae,0,0.985,4
153358_at,BECKSTPREPU04HR,Development,W1118,Prepupae,0,1.15,4
153359_at,BECKSTPREPU04HR,Development,W1118,Prepupae,-1,0.7013,4
153360_at,BECKSTPREPU04HR,Development,W1118,Prepupae,0,0.9958,4
153361_at,BECKSTPREPU04HR,Development,W1118,Prepupae,0,1.0265,4
153362_at,BECKSTPREPU04HR,Development,W1118,Prepupae,1,1.2447,4
153363_at,BECKSTPREPU04HR,Development,W1118,Prepupae,-1,0.759,4
153364_at,BECKSTPREPU04HR,Development,W1118,Prepupae,0,1.0603,4
153365_at,BECKSTPREPU04HR,Development,W1118,Prepupae,1,1.5999,4
153366_at,BECKSTPREPU04HR,Development,W1118,Prepupae,-1,0.5737,4
153367_at,BECKSTPREPU04HR,Development,W1118,Prepupae,0,0.8697,4
153368_at,BECKSTPREPU04HR,Development,W1118,Prepupae,0,0.8773,4
153369_at,BECKSTPREPU04HR,Development,W1118,Prepupae,0,0.9393,4
153370_at,BECKSTPREPU04HR,Development,W1118,Prepupae,1,1.2928,4
153371_at,BECKSTPREPU04HR,Development,W1118,Prepupae,-1,0.6775,4
153372_at,BECKSTPREPU04HR,Development,W1118,Prepupae,0,0.8556,4
153373_at,BECKSTPREPU04HR,Development,W1118,Prepupae,0,1.1528,4
153374_at,BECKSTPREPU04HR,Development,W1118,Prepupae,-1,0.5546,4
153375_at,BECKSTPREPU04HR,Development,W1118,Prepupae,-1,0.7222,4
153376_at,BECKSTPREPU04HR,Development,W1118,Prepupae,-1,0.7354,4
153377_at,BECKSTPREPU04HR,Development,W1118,Prepupae,-1,0.5839,4
153378_at,BECKSTPREPU04HR,Development,W1118,Prepupae,1,1.3356,4
153379_at,BECKSTPREPU04HR,Development,W1118,Prepupae,1,1.6384,4
153380_at,BECKSTPREPU04HR,Development,W1118,Prepupae,0,1.0344,4
153381_at,BECKSTPREPU04HR,Development,W1118,Prepupae,0,0.8274,4
153382_at,BECKSTPREPU04HR,Development,W1118,Prepupae,-1,0.56,4
153383_at,BECKSTPREPU04HR,Development,W1118,Prepupae,0,0.9685,4
153384_at,BECKSTPREPU04HR,Development,W1118,Prepupae,1,1.6845,4
153385_at,BECKSTPREPU04HR,Development,W1118,Prepupae,1,1.2485,4
153386_at,BECKSTPREPU04HR,Development,W1118,Prepupae,0,0.9648,4
153387_at,BECKSTPREPU04HR,Development,W1118,Prepupae,0,0.8082,4
153388_at,BECKSTPREPU04HR,Development,W1118,Prepupae,0,0.8892,4
153389_at,BECKSTPREPU04HR,Development,W1118,Prepupae,0,0.959,4
153390_at,BECKSTPREPU04HR,Development,W1118,Prepupae,0,0.8068,4
153391_at,BECKSTPREPU04HR,Development,W1118,Prepupae,1,1.3025,4
153392_at,BECKSTPREPU04HR,Development,W1118,Prepupae,0,0.9209,4
153393_at,BECKSTPREPU04HR,Development,W1118,Prepupae,0,1.1881,4
153394_at,BECKSTPREPU04HR,Development,W1118,Prepupae,1,1.3811,4
153395_at,BECKSTPREPU04HR,Development,W1118,Prepupae,-1,0.7047,4
153396_at,BECKSTPREPU04HR,Development,W1118,Prepupae,-1,0.6586,4
153397_at,BECKSTPREPU04HR,Development,W1118,Prepupae,0,1.1407,4
153398_at,BECKSTPREPU04HR,Development,W1118,Prepupae,0,0.8249,4
153399_at,BECKSTPREPU04HR,Development,W1118,Prepupae,-1,0.6684,4
153400_at,BECKSTPREPU04HR,Development,W1118,Prepupae,-1,0.7037,4
153401_at,BECKSTPREPU04HR,Development,W1118,Prepupae,0,1.0962,4
153402_at,BECKSTPREPU04HR,Development,W1118,Prepupae,0,0.9714,4
153403_at,BECKSTPREPU04HR,Development,W1118,Prepupae,1,1.3946,4
153404_at,BECKSTPREPU04HR,Development,W1118,Prepupae,0,1.0687,4
153405_at,BECKSTPREPU04HR,Development,W1118,Prepupae,-1,0.6646,4
153406_at,BECKSTPREPU04HR,Development,W1118,Prepupae,-1,0.6159,4
153407_at,BECKSTPREPU04HR,Development,W1118,Prepupae,0,0.8667,4
153408_at,BECKSTPREPU04HR,Development,W1118,Prepupae,-1,0.475,4
153409_at,BECKSTPREPU04HR,Development,W1118,Prepupae,0,1.1799,4
153410_at,BECKSTPREPU04HR,Development,W1118,Prepupae,0,1.0168,4
153411_at,BECKSTPREPU04HR,Development,W1118,Prepupae,0,1.0724,4
153412_at,BECKSTPREPU04HR,Development,W1118,Prepupae,-1,0.3947,4
153413_at,BECKSTPREPU04HR,Development,W1118,Prepupae,-1,0.7378,4
153414_at,BECKSTPREPU04HR,Development,W1118,Prepupae,0,0.928,4
153415_at,BECKSTPREPU04HR,Development,W1118,Prepupae,0,0.841,4
153416_at,BECKSTPREPU04HR,Development,W1118,Prepupae,1,2.1262,4
153417_at,BECKSTPREPU04HR,Development,W1118,Prepupae,-1,0.771,4
153418_at,BECKSTPREPU04HR,Development,W1118,Prepupae,1,1.9619,4
153419_at,BECKSTPREPU04HR,Development,W1118,Prepupae,1,1.3009,4
153420_at,BECKSTPREPU04HR,Development,W1118,Prepupae,0,1.0495,4
153421_at,BECKSTPREPU04HR,Development,W1118,Prepupae,-1,0.4583,4
153422_at,BECKSTPREPU04HR,Development,W1118,Prepupae,0,0.8266,4
153423_at,BECKSTPREPU04HR,Development,W1118,Prepupae,1,1.3978,4
153424_at,BECKSTPREPU04HR,Development,W1118,Prepupae,-1,0.5607,4
153425_at,BECKSTPREPU04HR,Development,W1118,Prepupae,-1,0.7114,4
153426_at,BECKSTPREPU04HR,Development,W1118,Prepupae,1,1.4195,4
153427_at,BECKSTPREPU04HR,Development,W1118,Prepupae,1,1.6643,4
153428_at,BECKSTPREPU04HR,Development,W1118,Prepupae,0,0.8682,4
153429_at,BECKSTPREPU04HR,Development,W1118,Prepupae,0,0.9781,4
153430_at,BECKSTPREPU04HR,Development,W1118,Prepupae,0,1.1231,4
153431_at,BECKSTPREPU04HR,Development,W1118,Prepupae,0,0.8978,4
153432_at,BECKSTPREPU04HR,Development,W1118,Prepupae,1,1.2703,4
153433_at,BECKSTPREPU04HR,Development,W1118,Prepupae,1,1.3783,4
153434_at,BECKSTPREPU04HR,Development,W1118,Prepupae,-1,0.7233,4
153435_at,BECKSTPREPU04HR,Development,W1118,Prepupae,0,1.1341,4
153436_at,BECKSTPREPU04HR,Development,W1118,Prepupae,0,1.0774,4
153437_at,BECKSTPREPU04HR,Development,W1118,Prepupae,0,0.9107,4
153438_at,BECKSTPREPU04HR,Development,W1118,Prepupae,0,0.8298,4
153439_at,BECKSTPREPU04HR,Development,W1118,Prepupae,0,0.8356,4
153440_at,BECKSTPREPU04HR,Development,W1118,Prepupae,1,1.2604,4
153441_at,BECKSTPREPU04HR,Development,W1118,Prepupae,0,1.0463,4
153442_at,BECKSTPREPU04HR,Development,W1118,Prepupae,1,2.1369,4
153443_at,BECKSTPREPU04HR,Development,W1118,Prepupae,0,0.82,4
153444_at,BECKSTPREPU04HR,Development,W1118,Prepupae,0,0.9511,4
153445_at,BECKSTPREPU04HR,Development,W1118,Prepupae,-1,0.7601,4
153446_at,BECKSTPREPU04HR,Development,W1118,Prepupae,-1,0.5684,4
153447_at,BECKSTPREPU04HR,Development,W1118,Prepupae,0,0.8551,4
153448_at,BECKSTPREPU04HR,Development,W1118,Prepupae,0,1.1112,4
153449_at,BECKSTPREPU04HR,Development,W1118,Prepupae,-1,0.6361,4
153450_at,BECKSTPREPU04HR,Development,W1118,Prepupae,0,0.9776,4
153451_at,BECKSTPREPU04HR,Development,W1118,Prepupae,-1,0.486,4
153452_at,BECKSTPREPU04HR,Development,W1118,Prepupae,0,0.8351,4
153453_at,BECKSTPREPU04HR,Development,W1118,Prepupae,0,0.8715,4
153454_at,BECKSTPREPU04HR,Development,W1118,Prepupae,1,1.7054,4
153455_at,BECKSTPREPU04HR,Development,W1118,Prepupae,0,0.871,4
153456_at,BECKSTPREPU04HR,Development,W1118,Prepupae,0,0.9763,4
153457_at,BECKSTPREPU04HR,Development,W1118,Prepupae,1,1.443,4
153458_at,BECKSTPREPU04HR,Development,W1118,Prepupae,0,0.8501,4
153459_at,BECKSTPREPU04HR,Development,W1118,Prepupae,1,1.3905,4
153460_at,BECKSTPREPU04HR,Development,W1118,Prepupae,0,0.9886,4
153461_at,BECKSTPREPU04HR,Development,W1118,Prepupae,1,1.6791,4
153462_at,BECKSTPREPU04HR,Development,W1118,Prepupae,-1,0.6313,4
153463_at,BECKSTPREPU04HR,Development,W1118,Prepupae,-1,0.7484,4
153464_at,BECKSTPREPU04HR,Development,W1118,Prepupae,0,0.938,4
153465_at,BECKSTPREPU04HR,Development,W1118,Prepupae,0,0.8141,4
153466_at,BECKSTPREPU04HR,Development,W1118,Prepupae,0,1.0931,4
153467_at,BECKSTPREPU04HR,Development,W1118,Prepupae,-1,0.7243,4
153468_at,BECKSTPREPU04HR,Development,W1118,Prepupae,-1,0.7759,4
153469_at,BECKSTPREPU04HR,Development,W1118,Prepupae,-1,0.6899,4
153470_at,BECKSTPREPU04HR,Development,W1118,Prepupae,0,1.1854,4
153471_at,BECKSTPREPU04HR,Development,W1118,Prepupae,0,0.81,4
153472_at,BECKSTPREPU04HR,Development,W1118,Prepupae,1,1.8948,4
153473_at,BECKSTPREPU04HR,Development,W1118,Prepupae,0,0.904,4
153474_at,BECKSTPREPU04HR,Development,W1118,Prepupae,-1,0.5059,4
153475_at,BECKSTPREPU04HR,Development,W1118,Prepupae,-1,0.5509,4
153476_at,BECKSTPREPU04HR,Development,W1118,Prepupae,0,0.9977,4
153477_at,BECKSTPREPU04HR,Development,W1118,Prepupae,0,0.8506,4
153478_at,BECKSTPREPU04HR,Development,W1118,Prepupae,-1,0.7574,4
153479_at,BECKSTPREPU04HR,Development,W1118,Prepupae,1,1.2237,4
153480_at,BECKSTPREPU04HR,Development,W1118,Prepupae,1,1.6016,4
153481_at,BECKSTPREPU04HR,Development,W1118,Prepupae,0,0.9349,4
153482_at,BECKSTPREPU04HR,Development,W1118,Prepupae,0,1.1258,4
153483_at,BECKSTPREPU04HR,Development,W1118,Prepupae,0,0.8023,4
153484_at,BECKSTPREPU04HR,Development,W1118,Prepupae,-1,0.704,4
153485_at,BECKSTPREPU04HR,Development,W1118,Prepupae,0,0.8297,4
153486_at,BECKSTPREPU04HR,Development,W1118,Prepupae,0,1.0189,4
153487_at,BECKSTPREPU04HR,Development,W1118,Prepupae,-1,0.6622,4
153488_at,BECKSTPREPU04HR,Development,W1118,Prepupae,0,0.8783,4
153489_at,BECKSTPREPU04HR,Development,W1118,Prepupae,-1,0.75,4
153490_at,BECKSTPREPU04HR,Development,W1118,Prepupae,-1,0.749,4
153491_at,BECKSTPREPU04HR,Development,W1118,Prepupae,1,1.312,4
153492_at,BECKSTPREPU04HR,Development,W1118,Prepupae,1,1.2201,4
153493_at,BECKSTPREPU04HR,Development,W1118,Prepupae,-1,0.5753,4
153494_at,BECKSTPREPU04HR,Development,W1118,Prepupae,1,1.3551,4
153495_at,BECKSTPREPU04HR,Development,W1118,Prepupae,0,0.983,4
153496_at,BECKSTPREPU04HR,Development,W1118,Prepupae,-1,0.756,4
153497_at,BECKSTPREPU04HR,Development,W1118,Prepupae,0,1.1413,4
153498_at,BECKSTPREPU04HR,Development,W1118,Prepupae,0,0.8543,4
153499_at,BECKSTPREPU04HR,Development,W1118,Prepupae,-1,0.6863,4
153500_at,BECKSTPREPU04HR,Development,W1118,Prepupae,-1,0.6757,4
153501_at,BECKSTPREPU04HR,Development,W1118,Prepupae,1,1.3135,4
153502_at,BECKSTPREPU04HR,Development,W1118,Prepupae,-1,0.733,4
153503_at,BECKSTPREPU04HR,Development,W1118,Prepupae,0,1.1186,4
153504_at,BECKSTPREPU04HR,Development,W1118,Prepupae,0,0.8293,4
153505_at,BECKSTPREPU04HR,Development,W1118,Prepupae,0,1.0063,4
153506_at,BECKSTPREPU04HR,Development,W1118,Prepupae,0,0.9511,4
153507_at,BECKSTPREPU04HR,Development,W1118,Prepupae,0,0.8094,4
153508_at,BECKSTPREPU04HR,Development,W1118,Prepupae,-1,0.7001,4
153509_at,BECKSTPREPU04HR,Development,W1118,Prepupae,-1,0.5364,4
153510_at,BECKSTPREPU04HR,Development,W1118,Prepupae,0,0.9539,4
153511_at,BECKSTPREPU04HR,Development,W1118,Prepupae,0,1.1304,4
153512_at,BECKSTPREPU04HR,Development,W1118,Prepupae,0,0.9725,4
153513_at,BECKSTPREPU04HR,Development,W1118,Prepupae,0,0.8134,4
153514_at,BECKSTPREPU04HR,Development,W1118,Prepupae,1,1.4201,4
153515_at,BECKSTPREPU04HR,Development,W1118,Prepupae,-1,0.6945,4
153516_at,BECKSTPREPU04HR,Development,W1118,Prepupae,1,1.2535,4
153517_at,BECKSTPREPU04HR,Development,W1118,Prepupae,1,1.5326,4
153518_at,BECKSTPREPU04HR,Development,W1118,Prepupae,0,1.018,4
153519_at,BECKSTPREPU04HR,Development,W1118,Prepupae,1,2.5572,4
153520_at,BECKSTPREPU04HR,Development,W1118,Prepupae,0,0.8961,4
153521_at,BECKSTPREPU04HR,Development,W1118,Prepupae,0,0.9324,4
153522_at,BECKSTPREPU04HR,Development,W1118,Prepupae,-1,0.4526,4
153523_at,BECKSTPREPU04HR,Development,W1118,Prepupae,-1,0.6583,4
153524_at,BECKSTPREPU04HR,Development,W1118,Prepupae,1,1.4859,4
153525_at,BECKSTPREPU04HR,Development,W1118,Prepupae,-1,0.2674,4
153526_at,BECKSTPREPU04HR,Development,W1118,Prepupae,0,1.0953,4
153527_at,BECKSTPREPU04HR,Development,W1118,Prepupae,0,1.0026,4
153528_at,BECKSTPREPU04HR,Development,W1118,Prepupae,-1,0.5311,4
153529_at,BECKSTPREPU04HR,Development,W1118,Prepupae,0,0.8593,4
153530_at,BECKSTPREPU04HR,Development,W1118,Prepupae,0,0.9139,4
153531_at,BECKSTPREPU04HR,Development,W1118,Prepupae,1,1.8241,4
153532_at,BECKSTPREPU04HR,Development,W1118,Prepupae,0,1.1656,4
153533_at,BECKSTPREPU04HR,Development,W1118,Prepupae,0,0.8615,4
153534_at,BECKSTPREPU04HR,Development,W1118,Prepupae,0,0.9285,4
153535_at,BECKSTPREPU04HR,Development,W1118,Prepupae,0,0.8145,4
153536_at,BECKSTPREPU04HR,Development,W1118,Prepupae,0,1.0752,4
153537_at,BECKSTPREPU04HR,Development,W1118,Prepupae,0,1.0494,4
153538_at,BECKSTPREPU04HR,Development,W1118,Prepupae,0,1.0047,4
153539_at,BECKSTPREPU04HR,Development,W1118,Prepupae,-1,0.5132,4
153540_at,BECKSTPREPU04HR,Development,W1118,Prepupae,-1,0.6696,4
153541_at,BECKSTPREPU04HR,Development,W1118,Prepupae,0,0.9341,4
153542_at,BECKSTPREPU04HR,Development,W1118,Prepupae,0,1.0714,4
153543_at,BECKSTPREPU04HR,Development,W1118,Prepupae,0,1.0119,4
153544_at,BECKSTPREPU04HR,Development,W1118,Prepupae,-1,0.7008,4
153545_at,BECKSTPREPU04HR,Development,W1118,Prepupae,0,1.083,4
153546_at,BECKSTPREPU04HR,Development,W1118,Prepupae,-1,0.796,4
153547_at,BECKSTPREPU04HR,Development,W1118,Prepupae,0,1.0947,4
153548_at,BECKSTPREPU04HR,Development,W1118,Prepupae,0,0.9163,4
153549_at,BECKSTPREPU04HR,Development,W1118,Prepupae,-1,0.7908,4
153550_at,BECKSTPREPU04HR,Development,W1118,Prepupae,0,0.9927,4
153551_at,BECKSTPREPU04HR,Development,W1118,Prepupae,-1,0.6867,4
153552_at,BECKSTPREPU04HR,Development,W1118,Prepupae,0,0.8725,4
153553_at,BECKSTPREPU04HR,Development,W1118,Prepupae,0,0.89,4
153554_at,BECKSTPREPU04HR,Development,W1118,Prepupae,-1,0.7846,4
153555_at,BECKSTPREPU04HR,Development,W1118,Prepupae,0,1.0614,4
153556_at,BECKSTPREPU04HR,Development,W1118,Prepupae,0,0.8866,4
153557_at,BECKSTPREPU04HR,Development,W1118,Prepupae,0,1.0827,4
153558_at,BECKSTPREPU04HR,Development,W1118,Prepupae,0,1.0553,4
153559_at,BECKSTPREPU04HR,Development,W1118,Prepupae,0,1.0284,4
153560_at,BECKSTPREPU04HR,Development,W1118,Prepupae,0,0.9356,4
153561_at,BECKSTPREPU04HR,Development,W1118,Prepupae,-1,0.6651,4
153562_at,BECKSTPREPU04HR,Development,W1118,Prepupae,0,0.8606,4
153563_at,BECKSTPREPU04HR,Development,W1118,Prepupae,0,0.8506,4
153564_at,BECKSTPREPU04HR,Development,W1118,Prepupae,-1,0.7728,4
153565_at,BECKSTPREPU04HR,Development,W1118,Prepupae,-1,0.5232,4
153566_at,BECKSTPREPU04HR,Development,W1118,Prepupae,0,0.8409,4
153567_at,BECKSTPREPU04HR,Development,W1118,Prepupae,1,1.7175,4
153568_at,BECKSTPREPU04HR,Development,W1118,Prepupae,1,1.4681,4
153569_at,BECKSTPREPU04HR,Development,W1118,Prepupae,-1,0.7831,4
153570_at,BECKSTPREPU04HR,Development,W1118,Prepupae,0,1.0291,4
153571_at,BECKSTPREPU04HR,Development,W1118,Prepupae,-1,0.7145,4
153572_at,BECKSTPREPU04HR,Development,W1118,Prepupae,0,1.0357,4
153573_at,BECKSTPREPU04HR,Development,W1118,Prepupae,0,1.0225,4
153574_at,BECKSTPREPU04HR,Development,W1118,Prepupae,-1,0.5855,4
153575_at,BECKSTPREPU04HR,Development,W1118,Prepupae,0,1.0621,4
153576_at,BECKSTPREPU04HR,Development,W1118,Prepupae,0,1.0998,4
153577_at,BECKSTPREPU04HR,Development,W1118,Prepupae,1,3.2683,4
153578_at,BECKSTPREPU04HR,Development,W1118,Prepupae,-1,0.7428,4
153579_at,BECKSTPREPU04HR,Development,W1118,Prepupae,0,1.108,4
153580_at,BECKSTPREPU04HR,Development,W1118,Prepupae,1,1.8593,4
153581_at,BECKSTPREPU04HR,Development,W1118,Prepupae,0,1.0966,4
153582_at,BECKSTPREPU04HR,Development,W1118,Prepupae,1,2.0763,4
153583_at,BECKSTPREPU04HR,Development,W1118,Prepupae,0,0.875,4
153584_at,BECKSTPREPU04HR,Development,W1118,Prepupae,0,0.9033,4
153585_at,BECKSTPREPU04HR,Development,W1118,Prepupae,0,0.8811,4
153586_at,BECKSTPREPU04HR,Development,W1118,Prepupae,0,1.1234,4
153587_at,BECKSTPREPU04HR,Development,W1118,Prepupae,1,1.2295,4
153588_at,BECKSTPREPU04HR,Development,W1118,Prepupae,0,0.8337,4
153589_at,BECKSTPREPU04HR,Development,W1118,Prepupae,0,0.8552,4
153590_at,BECKSTPREPU04HR,Development,W1118,Prepupae,0,1.0173,4
153591_at,BECKSTPREPU04HR,Development,W1118,Prepupae,0,1.0271,4
153592_at,BECKSTPREPU04HR,Development,W1118,Prepupae,0,0.8797,4
153593_at,BECKSTPREPU04HR,Development,W1118,Prepupae,0,0.929,4
153594_at,BECKSTPREPU04HR,Development,W1118,Prepupae,-1,0.5597,4
153595_at,BECKSTPREPU04HR,Development,W1118,Prepupae,0,1.1223,4
153596_at,BECKSTPREPU04HR,Development,W1118,Prepupae,-1,0.7676,4
153597_at,BECKSTPREPU04HR,Development,W1118,Prepupae,-1,0.6754,4
153598_at,BECKSTPREPU04HR,Development,W1118,Prepupae,-1,0.7644,4
153599_at,BECKSTPREPU04HR,Development,W1118,Prepupae,-1,0.6473,4
153600_at,BECKSTPREPU04HR,Development,W1118,Prepupae,-1,0.7279,4
153601_at,BECKSTPREPU04HR,Development,W1118,Prepupae,0,1.0525,4
153602_at,BECKSTPREPU04HR,Development,W1118,Prepupae,0,0.8671,4
153603_at,BECKSTPREPU04HR,Development,W1118,Prepupae,0,1.0557,4
153604_at,BECKSTPREPU04HR,Development,W1118,Prepupae,-1,0.5622,4
153605_at,BECKSTPREPU04HR,Development,W1118,Prepupae,0,0.8353,4
153606_at,BECKSTPREPU04HR,Development,W1118,Prepupae,0,0.9577,4
153607_at,BECKSTPREPU04HR,Development,W1118,Prepupae,-1,0.6613,4
153608_at,BECKSTPREPU04HR,Development,W1118,Prepupae,-1,0.5698,4
153609_at,BECKSTPREPU04HR,Development,W1118,Prepupae,1,1.4424,4
153610_at,BECKSTPREPU04HR,Development,W1118,Prepupae,0,0.8483,4
153611_at,BECKSTPREPU04HR,Development,W1118,Prepupae,-1,0.7381,4
153612_at,BECKSTPREPU04HR,Development,W1118,Prepupae,0,1.1641,4
153613_at,BECKSTPREPU04HR,Development,W1118,Prepupae,0,1.0071,4
153614_at,BECKSTPREPU04HR,Development,W1118,Prepupae,1,1.5418,4
153615_at,BECKSTPREPU04HR,Development,W1118,Prepupae,0,1.0471,4
153616_at,BECKSTPREPU04HR,Development,W1118,Prepupae,0,0.9201,4
153617_at,BECKSTPREPU04HR,Development,W1118,Prepupae,0,0.8398,4
153618_at,BECKSTPREPU04HR,Development,W1118,Prepupae,-1,0.7838,4
153619_at,BECKSTPREPU04HR,Development,W1118,Prepupae,0,0.8054,4
153620_at,BECKSTPREPU04HR,Development,W1118,Prepupae,1,1.3958,4
153621_at,BECKSTPREPU04HR,Development,W1118,Prepupae,0,0.9118,4
153622_at,BECKSTPREPU04HR,Development,W1118,Prepupae,-1,0.7571,4
153623_at,BECKSTPREPU04HR,Development,W1118,Prepupae,0,1.0539,4
153624_at,BECKSTPREPU04HR,Development,W1118,Prepupae,-1,0.6721,4
153625_at,BECKSTPREPU04HR,Development,W1118,Prepupae,0,0.9061,4
153626_at,BECKSTPREPU04HR,Development,W1118,Prepupae,0,0.8257,4
153627_at,BECKSTPREPU04HR,Development,W1118,Prepupae,0,1.0334,4
153628_at,BECKSTPREPU04HR,Development,W1118,Prepupae,0,1.0005,4
153629_at,BECKSTPREPU04HR,Development,W1118,Prepupae,0,0.9074,4
153630_at,BECKSTPREPU04HR,Development,W1118,Prepupae,-1,0.6203,4
153631_at,BECKSTPREPU04HR,Development,W1118,Prepupae,1,1.3287,4
153632_at,BECKSTPREPU04HR,Development,W1118,Prepupae,-1,0.7995,4
153633_at,BECKSTPREPU04HR,Development,W1118,Prepupae,-1,0.7043,4
153634_at,BECKSTPREPU04HR,Development,W1118,Prepupae,0,1.0438,4
153635_at,BECKSTPREPU04HR,Development,W1118,Prepupae,0,1.1987,4
153636_at,BECKSTPREPU04HR,Development,W1118,Prepupae,0,0.8929,4
153637_at,BECKSTPREPU04HR,Development,W1118,Prepupae,-1,0.7837,4
153638_at,BECKSTPREPU04HR,Development,W1118,Prepupae,1,1.2855,4
153639_at,BECKSTPREPU04HR,Development,W1118,Prepupae,0,1.0516,4
153640_at,BECKSTPREPU04HR,Development,W1118,Prepupae,-1,0.7327,4
153641_at,BECKSTPREPU04HR,Development,W1118,Prepupae,0,0.8777,4
153642_at,BECKSTPREPU04HR,Development,W1118,Prepupae,0,1.0747,4
153643_at,BECKSTPREPU04HR,Development,W1118,Prepupae,0,1.0791,4
153644_at,BECKSTPREPU04HR,Development,W1118,Prepupae,1,1.3558,4
153645_at,BECKSTPREPU04HR,Development,W1118,Prepupae,0,0.8161,4
153646_at,BECKSTPREPU04HR,Development,W1118,Prepupae,0,0.8281,4
153647_at,BECKSTPREPU04HR,Development,W1118,Prepupae,-1,0.4651,4
153648_at,BECKSTPREPU04HR,Development,W1118,Prepupae,-1,0.7549,4
153649_at,BECKSTPREPU04HR,Development,W1118,Prepupae,0,0.8587,4
153650_at,BECKSTPREPU04HR,Development,W1118,Prepupae,-1,0.7803,4
153651_at,BECKSTPREPU04HR,Development,W1118,Prepupae,-1,0.6805,4
153652_at,BECKSTPREPU04HR,Development,W1118,Prepupae,0,1.0762,4
153653_at,BECKSTPREPU04HR,Development,W1118,Prepupae,0,1.0418,4
153654_at,BECKSTPREPU04HR,Development,W1118,Prepupae,-1,0.5909,4
153655_at,BECKSTPREPU04HR,Development,W1118,Prepupae,0,0.8443,4
153656_at,BECKSTPREPU04HR,Development,W1118,Prepupae,0,0.9412,4
153657_at,BECKSTPREPU04HR,Development,W1118,Prepupae,-1,0.5541,4
153658_at,BECKSTPREPU04HR,Development,W1118,Prepupae,-1,0.6817,4
153659_at,BECKSTPREPU04HR,Development,W1118,Prepupae,-1,0.7252,4
153660_at,BECKSTPREPU04HR,Development,W1118,Prepupae,0,0.8713,4
153661_at,BECKSTPREPU04HR,Development,W1118,Prepupae,-1,0.5304,4
153662_at,BECKSTPREPU04HR,Development,W1118,Prepupae,0,1.11,4
153663_at,BECKSTPREPU04HR,Development,W1118,Prepupae,0,0.8674,4
153664_at,BECKSTPREPU04HR,Development,W1118,Prepupae,0,1.0586,4
153665_at,BECKSTPREPU04HR,Development,W1118,Prepupae,1,1.3021,4
153666_at,BECKSTPREPU04HR,Development,W1118,Prepupae,0,0.9821,4
153667_at,BECKSTPREPU04HR,Development,W1118,Prepupae,0,0.8409,4
153668_at,BECKSTPREPU04HR,Development,W1118,Prepupae,1,1.5813,4
153669_at,BECKSTPREPU04HR,Development,W1118,Prepupae,-1,0.7113,4
153670_at,BECKSTPREPU04HR,Development,W1118,Prepupae,0,0.9738,4
153671_at,BECKSTPREPU04HR,Development,W1118,Prepupae,1,1.3594,4
153672_at,BECKSTPREPU04HR,Development,W1118,Prepupae,0,1.1836,4
153673_at,BECKSTPREPU04HR,Development,W1118,Prepupae,0,0.8511,4
153674_at,BECKSTPREPU04HR,Development,W1118,Prepupae,-1,0.7326,4
153675_at,BECKSTPREPU04HR,Development,W1118,Prepupae,-1,0.5311,4
153676_at,BECKSTPREPU04HR,Development,W1118,Prepupae,0,0.8662,4
153677_at,BECKSTPREPU04HR,Development,W1118,Prepupae,0,0.9711,4
153678_at,BECKSTPREPU04HR,Development,W1118,Prepupae,1,1.36,4
153679_at,BECKSTPREPU04HR,Development,W1118,Prepupae,0,0.9745,4
153680_at,BECKSTPREPU04HR,Development,W1118,Prepupae,1,1.4399,4
153681_at,BECKSTPREPU04HR,Development,W1118,Prepupae,-1,0.7631,4
153682_at,BECKSTPREPU04HR,Development,W1118,Prepupae,-1,0.7919,4
153683_at,BECKSTPREPU04HR,Development,W1118,Prepupae,-1,0.7423,4
153684_at,BECKSTPREPU04HR,Development,W1118,Prepupae,-1,0.6375,4
153685_at,BECKSTPREPU04HR,Development,W1118,Prepupae,0,0.8349,4
153686_at,BECKSTPREPU04HR,Development,W1118,Prepupae,0,0.8321,4
153687_at,BECKSTPREPU04HR,Development,W1118,Prepupae,0,0.902,4
153688_at,BECKSTPREPU04HR,Development,W1118,Prepupae,-1,0.4099,4
153689_at,BECKSTPREPU04HR,Development,W1118,Prepupae,0,0.8512,4
153690_at,BECKSTPREPU04HR,Development,W1118,Prepupae,0,1.0252,4
153691_at,BECKSTPREPU04HR,Development,W1118,Prepupae,0,1.0919,4
153692_at,BECKSTPREPU04HR,Development,W1118,Prepupae,0,1.0405,4
153693_at,BECKSTPREPU04HR,Development,W1118,Prepupae,0,1.1646,4
153694_at,BECKSTPREPU04HR,Development,W1118,Prepupae,0,1.1338,4
153695_at,BECKSTPREPU04HR,Development,W1118,Prepupae,0,1.0203,4
153696_at,BECKSTPREPU04HR,Development,W1118,Prepupae,0,1.0044,4
153697_at,BECKSTPREPU04HR,Development,W1118,Prepupae,0,0.9903,4
153698_at,BECKSTPREPU04HR,Development,W1118,Prepupae,-1,0.658,4
153699_at,BECKSTPREPU04HR,Development,W1118,Prepupae,-1,0.705,4
153700_at,BECKSTPREPU04HR,Development,W1118,Prepupae,0,1.0795,4
153701_at,BECKSTPREPU04HR,Development,W1118,Prepupae,-1,0.795,4
153702_at,BECKSTPREPU04HR,Development,W1118,Prepupae,0,0.9691,4
153703_at,BECKSTPREPU04HR,Development,W1118,Prepupae,-1,0.6264,4
153704_at,BECKSTPREPU04HR,Development,W1118,Prepupae,0,0.8935,4
153705_at,BECKSTPREPU04HR,Development,W1118,Prepupae,0,0.8367,4
153706_at,BECKSTPREPU04HR,Development,W1118,Prepupae,-1,0.613,4
153707_at,BECKSTPREPU04HR,Development,W1118,Prepupae,-1,0.6078,4
153708_at,BECKSTPREPU04HR,Development,W1118,Prepupae,0,0.8286,4
153709_at,BECKSTPREPU04HR,Development,W1118,Prepupae,-1,0.4867,4
153710_at,BECKSTPREPU04HR,Development,W1118,Prepupae,-1,0.6375,4
153711_at,BECKSTPREPU04HR,Development,W1118,Prepupae,0,1.024,4
153712_at,BECKSTPREPU04HR,Development,W1118,Prepupae,0,1.0163,4
153713_at,BECKSTPREPU04HR,Development,W1118,Prepupae,-1,0.6891,4
153714_at,BECKSTPREPU04HR,Development,W1118,Prepupae,0,1.1013,4
153715_at,BECKSTPREPU04HR,Development,W1118,Prepupae,-1,0.5403,4
153716_at,BECKSTPREPU04HR,Development,W1118,Prepupae,-1,0.4514,4
153717_at,BECKSTPREPU04HR,Development,W1118,Prepupae,1,1.6263,4
153718_at,BECKSTPREPU04HR,Development,W1118,Prepupae,-1,0.6131,4
153719_at,BECKSTPREPU04HR,Development,W1118,Prepupae,-1,0.6825,4
153720_at,BECKSTPREPU04HR,Development,W1118,Prepupae,-1,0.7507,4
153721_at,BECKSTPREPU04HR,Development,W1118,Prepupae,-1,0.661,4
153722_at,BECKSTPREPU04HR,Development,W1118,Prepupae,0,0.8494,4
153723_at,BECKSTPREPU04HR,Development,W1118,Prepupae,-1,0.4413,4
153724_at,BECKSTPREPU04HR,Development,W1118,Prepupae,0,0.9406,4
153725_at,BECKSTPREPU04HR,Development,W1118,Prepupae,0,0.8889,4
153726_at,BECKSTPREPU04HR,Development,W1118,Prepupae,0,0.8289,4
153727_at,BECKSTPREPU04HR,Development,W1118,Prepupae,0,1.1277,4
153728_at,BECKSTPREPU04HR,Development,W1118,Prepupae,0,1.156,4
153729_at,BECKSTPREPU04HR,Development,W1118,Prepupae,0,1.1857,4
153730_at,BECKSTPREPU04HR,Development,W1118,Prepupae,-1,0.5588,4
153731_at,BECKSTPREPU04HR,Development,W1118,Prepupae,-1,0.7986,4
153732_at,BECKSTPREPU04HR,Development,W1118,Prepupae,0,0.9054,4
153733_at,BECKSTPREPU04HR,Development,W1118,Prepupae,-1,0.3292,4
153734_at,BECKSTPREPU04HR,Development,W1118,Prepupae,1,1.6043,4
153735_at,BECKSTPREPU04HR,Development,W1118,Prepupae,0,0.9476,4
153736_at,BECKSTPREPU04HR,Development,W1118,Prepupae,1,1.7734,4
153737_at,BECKSTPREPU04HR,Development,W1118,Prepupae,0,1.0902,4
153738_at,BECKSTPREPU04HR,Development,W1118,Prepupae,0,1.0474,4
153739_at,BECKSTPREPU04HR,Development,W1118,Prepupae,-1,0.465,4
153740_at,BECKSTPREPU04HR,Development,W1118,Prepupae,-1,0.7359,4
153741_at,BECKSTPREPU04HR,Development,W1118,Prepupae,0,0.8485,4
153742_at,BECKSTPREPU04HR,Development,W1118,Prepupae,-1,0.7259,4
153743_at,BECKSTPREPU04HR,Development,W1118,Prepupae,0,0.9373,4
153744_at,BECKSTPREPU04HR,Development,W1118,Prepupae,0,0.9686,4
153745_at,BECKSTPREPU04HR,Development,W1118,Prepupae,-1,0.5574,4
153746_at,BECKSTPREPU04HR,Development,W1118,Prepupae,1,1.2885,4
153747_at,BECKSTPREPU04HR,Development,W1118,Prepupae,0,0.8757,4
153748_at,BECKSTPREPU04HR,Development,W1118,Prepupae,-1,0.6793,4
153749_at,BECKSTPREPU04HR,Development,W1118,Prepupae,0,0.9618,4
153750_at,BECKSTPREPU04HR,Development,W1118,Prepupae,-1,0.7533,4
153751_at,BECKSTPREPU04HR,Development,W1118,Prepupae,0,1.1544,4
153752_at,BECKSTPREPU04HR,Development,W1118,Prepupae,0,1.1907,4
153753_at,BECKSTPREPU04HR,Development,W1118,Prepupae,-1,0.7635,4
153754_at,BECKSTPREPU04HR,Development,W1118,Prepupae,0,0.8225,4
153755_at,BECKSTPREPU04HR,Development,W1118,Prepupae,-1,0.703,4
153756_at,BECKSTPREPU04HR,Development,W1118,Prepupae,1,1.476,4
153757_at,BECKSTPREPU04HR,Development,W1118,Prepupae,-1,0.7157,4
153758_at,BECKSTPREPU04HR,Development,W1118,Prepupae,0,0.8289,4
153759_at,BECKSTPREPU04HR,Development,W1118,Prepupae,0,1.1046,4
153760_at,BECKSTPREPU04HR,Development,W1118,Prepupae,0,0.9393,4
153761_at,BECKSTPREPU04HR,Development,W1118,Prepupae,0,0.9485,4
153762_at,BECKSTPREPU04HR,Development,W1118,Prepupae,0,1.008,4
153763_at,BECKSTPREPU04HR,Development,W1118,Prepupae,-1,0.7744,4
153764_at,BECKSTPREPU04HR,Development,W1118,Prepupae,1,1.3701,4
153765_at,BECKSTPREPU04HR,Development,W1118,Prepupae,-1,0.7585,4
153766_at,BECKSTPREPU04HR,Development,W1118,Prepupae,0,0.9522,4
153767_at,BECKSTPREPU04HR,Development,W1118,Prepupae,0,0.833,4
153768_at,BECKSTPREPU04HR,Development,W1118,Prepupae,0,0.8485,4
153769_at,BECKSTPREPU04HR,Development,W1118,Prepupae,-1,0.5981,4
153770_at,BECKSTPREPU04HR,Development,W1118,Prepupae,-1,0.7435,4
153771_at,BECKSTPREPU04HR,Development,W1118,Prepupae,0,0.8761,4
153772_at,BECKSTPREPU04HR,Development,W1118,Prepupae,-1,0.5622,4
153773_at,BECKSTPREPU04HR,Development,W1118,Prepupae,-1,0.7341,4
153774_at,BECKSTPREPU04HR,Development,W1118,Prepupae,-1,0.4822,4
153775_at,BECKSTPREPU04HR,Development,W1118,Prepupae,0,1.1225,4
153776_at,BECKSTPREPU04HR,Development,W1118,Prepupae,-1,0.72,4
153777_at,BECKSTPREPU04HR,Development,W1118,Prepupae,0,1.1255,4
153778_at,BECKSTPREPU04HR,Development,W1118,Prepupae,-1,0.6926,4
153779_at,BECKSTPREPU04HR,Development,W1118,Prepupae,-1,0.7342,4
153780_at,BECKSTPREPU04HR,Development,W1118,Prepupae,-1,0.751,4
153781_at,BECKSTPREPU04HR,Development,W1118,Prepupae,0,0.917,4
153782_at,BECKSTPREPU04HR,Development,W1118,Prepupae,-1,0.6218,4
153783_at,BECKSTPREPU04HR,Development,W1118,Prepupae,-1,0.7529,4
153784_at,BECKSTPREPU04HR,Development,W1118,Prepupae,-1,0.7193,4
153785_at,BECKSTPREPU04HR,Development,W1118,Prepupae,0,0.9084,4
153786_at,BECKSTPREPU04HR,Development,W1118,Prepupae,0,1.0661,4
153787_at,BECKSTPREPU04HR,Development,W1118,Prepupae,-1,0.7601,4
153788_at,BECKSTPREPU04HR,Development,W1118,Prepupae,-1,0.6373,4
153789_at,BECKSTPREPU04HR,Development,W1118,Prepupae,0,0.8517,4
153790_at,BECKSTPREPU04HR,Development,W1118,Prepupae,0,0.8405,4
153791_at,BECKSTPREPU04HR,Development,W1118,Prepupae,-1,0.6045,4
153792_at,BECKSTPREPU04HR,Development,W1118,Prepupae,0,1.0641,4
153793_at,BECKSTPREPU04HR,Development,W1118,Prepupae,0,0.9248,4
153794_at,BECKSTPREPU04HR,Development,W1118,Prepupae,0,0.8084,4
153795_at,BECKSTPREPU04HR,Development,W1118,Prepupae,-1,0.7845,4
153796_at,BECKSTPREPU04HR,Development,W1118,Prepupae,0,1.1815,4
153797_at,BECKSTPREPU04HR,Development,W1118,Prepupae,0,0.923,4
153798_at,BECKSTPREPU04HR,Development,W1118,Prepupae,0,0.8663,4
153799_at,BECKSTPREPU04HR,Development,W1118,Prepupae,-1,0.5368,4
153800_at,BECKSTPREPU04HR,Development,W1118,Prepupae,0,0.8736,4
153801_at,BECKSTPREPU04HR,Development,W1118,Prepupae,1,1.9197,4
153802_at,BECKSTPREPU04HR,Development,W1118,Prepupae,-1,0.627,4
153803_at,BECKSTPREPU04HR,Development,W1118,Prepupae,-1,0.761,4
153804_at,BECKSTPREPU04HR,Development,W1118,Prepupae,0,1.0684,4
153805_at,BECKSTPREPU04HR,Development,W1118,Prepupae,0,1.0894,4
153806_at,BECKSTPREPU04HR,Development,W1118,Prepupae,0,0.9545,4
153807_at,BECKSTPREPU04HR,Development,W1118,Prepupae,0,1.0885,4
153808_at,BECKSTPREPU04HR,Development,W1118,Prepupae,0,1.1784,4
153809_at,BECKSTPREPU04HR,Development,W1118,Prepupae,0,1.0594,4
153810_at,BECKSTPREPU04HR,Development,W1118,Prepupae,0,1.0472,4
153811_at,BECKSTPREPU04HR,Development,W1118,Prepupae,-1,0.5166,4
153812_at,BECKSTPREPU04HR,Development,W1118,Prepupae,0,0.9181,4
153813_at,BECKSTPREPU04HR,Development,W1118,Prepupae,0,1.0942,4
153814_at,BECKSTPREPU04HR,Development,W1118,Prepupae,-1,0.7206,4
153815_at,BECKSTPREPU04HR,Development,W1118,Prepupae,-1,0.696,4
153816_at,BECKSTPREPU04HR,Development,W1118,Prepupae,0,0.8757,4
153817_at,BECKSTPREPU04HR,Development,W1118,Prepupae,0,0.8425,4
153818_at,BECKSTPREPU04HR,Development,W1118,Prepupae,1,1.2244,4
153819_at,BECKSTPREPU04HR,Development,W1118,Prepupae,0,1.0534,4
153820_at,BECKSTPREPU04HR,Development,W1118,Prepupae,0,0.9546,4
153821_at,BECKSTPREPU04HR,Development,W1118,Prepupae,-1,0.6516,4
153822_at,BECKSTPREPU04HR,Development,W1118,Prepupae,0,0.9865,4
153823_at,BECKSTPREPU04HR,Development,W1118,Prepupae,-1,0.682,4
153824_at,BECKSTPREPU04HR,Development,W1118,Prepupae,-1,0.4765,4
153825_at,BECKSTPREPU04HR,Development,W1118,Prepupae,-1,0.4207,4
153826_at,BECKSTPREPU04HR,Development,W1118,Prepupae,0,1.0122,4
153827_at,BECKSTPREPU04HR,Development,W1118,Prepupae,-1,0.7141,4
153828_at,BECKSTPREPU04HR,Development,W1118,Prepupae,0,1.0085,4
153829_at,BECKSTPREPU04HR,Development,W1118,Prepupae,-1,0.6959,4
153830_at,BECKSTPREPU04HR,Development,W1118,Prepupae,0,0.9828,4
153831_at,BECKSTPREPU04HR,Development,W1118,Prepupae,0,0.918,4
153832_at,BECKSTPREPU04HR,Development,W1118,Prepupae,1,1.5056,4
153833_at,BECKSTPREPU04HR,Development,W1118,Prepupae,0,0.9527,4
153834_at,BECKSTPREPU04HR,Development,W1118,Prepupae,0,0.9889,4
153835_at,BECKSTPREPU04HR,Development,W1118,Prepupae,-1,0.5914,4
153836_at,BECKSTPREPU04HR,Development,W1118,Prepupae,1,1.7342,4
153837_at,BECKSTPREPU04HR,Development,W1118,Prepupae,1,1.2573,4
153838_at,BECKSTPREPU04HR,Development,W1118,Prepupae,0,1.0621,4
153839_at,BECKSTPREPU04HR,Development,W1118,Prepupae,-1,0.5068,4
153840_at,BECKSTPREPU04HR,Development,W1118,Prepupae,-1,0.7901,4
153841_at,BECKSTPREPU04HR,Development,W1118,Prepupae,0,0.9602,4
153842_at,BECKSTPREPU04HR,Development,W1118,Prepupae,-1,0.5927,4
153843_at,BECKSTPREPU04HR,Development,W1118,Prepupae,-1,0.5009,4
153844_at,BECKSTPREPU04HR,Development,W1118,Prepupae,-1,0.764,4
153845_at,BECKSTPREPU04HR,Development,W1118,Prepupae,0,0.9674,4
153846_at,BECKSTPREPU04HR,Development,W1118,Prepupae,0,0.8892,4
153847_at,BECKSTPREPU04HR,Development,W1118,Prepupae,0,0.8342,4
153848_at,BECKSTPREPU04HR,Development,W1118,Prepupae,1,1.4313,4
153849_at,BECKSTPREPU04HR,Development,W1118,Prepupae,0,1.0022,4
153850_at,BECKSTPREPU04HR,Development,W1118,Prepupae,0,0.9714,4
153851_at,BECKSTPREPU04HR,Development,W1118,Prepupae,1,1.4576,4
153852_at,BECKSTPREPU04HR,Development,W1118,Prepupae,1,1.2807,4
153853_at,BECKSTPREPU04HR,Development,W1118,Prepupae,0,1.0125,4
153854_at,BECKSTPREPU04HR,Development,W1118,Prepupae,0,0.9768,4
153855_at,BECKSTPREPU04HR,Development,W1118,Prepupae,0,0.8528,4
153856_at,BECKSTPREPU04HR,Development,W1118,Prepupae,0,0.9679,4
153857_at,BECKSTPREPU04HR,Development,W1118,Prepupae,-1,0.5877,4
153858_at,BECKSTPREPU04HR,Development,W1118,Prepupae,0,0.9263,4
153859_at,BECKSTPREPU04HR,Development,W1118,Prepupae,-1,0.5546,4
153860_at,BECKSTPREPU04HR,Development,W1118,Prepupae,-1,0.782,4
153861_at,BECKSTPREPU04HR,Development,W1118,Prepupae,0,1.1582,4
153862_at,BECKSTPREPU04HR,Development,W1118,Prepupae,0,1.0083,4
153863_at,BECKSTPREPU04HR,Development,W1118,Prepupae,0,0.9745,4
153864_at,BECKSTPREPU04HR,Development,W1118,Prepupae,-1,0.6994,4
153865_at,BECKSTPREPU04HR,Development,W1118,Prepupae,-1,0.5832,4
153866_at,BECKSTPREPU04HR,Development,W1118,Prepupae,-1,0.4522,4
153867_at,BECKSTPREPU04HR,Development,W1118,Prepupae,0,0.9071,4
153868_at,BECKSTPREPU04HR,Development,W1118,Prepupae,-1,0.7379,4
153869_at,BECKSTPREPU04HR,Development,W1118,Prepupae,0,0.8564,4
153870_at,BECKSTPREPU04HR,Development,W1118,Prepupae,0,1.0129,4
153871_at,BECKSTPREPU04HR,Development,W1118,Prepupae,-1,0.796,4
153872_at,BECKSTPREPU04HR,Development,W1118,Prepupae,-1,0.7989,4
153873_at,BECKSTPREPU04HR,Development,W1118,Prepupae,0,0.9241,4
153874_at,BECKSTPREPU04HR,Development,W1118,Prepupae,0,0.8331,4
153875_at,BECKSTPREPU04HR,Development,W1118,Prepupae,1,1.2248,4
153876_at,BECKSTPREPU04HR,Development,W1118,Prepupae,0,0.9603,4
153877_at,BECKSTPREPU04HR,Development,W1118,Prepupae,-1,0.79,4
153878_at,BECKSTPREPU04HR,Development,W1118,Prepupae,1,2.3146,4
153879_at,BECKSTPREPU04HR,Development,W1118,Prepupae,0,1.0401,4
153880_at,BECKSTPREPU04HR,Development,W1118,Prepupae,0,0.9043,4
153881_at,BECKSTPREPU04HR,Development,W1118,Prepupae,-1,0.4109,4
153882_at,BECKSTPREPU04HR,Development,W1118,Prepupae,-1,0.715,4
153883_at,BECKSTPREPU04HR,Development,W1118,Prepupae,0,0.8549,4
153884_at,BECKSTPREPU04HR,Development,W1118,Prepupae,-1,0.6167,4
153885_at,BECKSTPREPU04HR,Development,W1118,Prepupae,0,1.1777,4
153886_at,BECKSTPREPU04HR,Development,W1118,Prepupae,1,1.4272,4
153887_at,BECKSTPREPU04HR,Development,W1118,Prepupae,-1,0.7915,4
153888_at,BECKSTPREPU04HR,Development,W1118,Prepupae,0,0.8029,4
153889_at,BECKSTPREPU04HR,Development,W1118,Prepupae,-1,0.6198,4
153890_at,BECKSTPREPU04HR,Development,W1118,Prepupae,1,1.5175,4
153891_at,BECKSTPREPU04HR,Development,W1118,Prepupae,0,0.9043,4
153892_at,BECKSTPREPU04HR,Development,W1118,Prepupae,0,1.0186,4
153893_at,BECKSTPREPU04HR,Development,W1118,Prepupae,0,0.9455,4
153894_at,BECKSTPREPU04HR,Development,W1118,Prepupae,-1,0.5299,4
153895_at,BECKSTPREPU04HR,Development,W1118,Prepupae,0,0.85,4
153896_at,BECKSTPREPU04HR,Development,W1118,Prepupae,0,0.988,4
153897_at,BECKSTPREPU04HR,Development,W1118,Prepupae,-1,0.7328,4
153898_at,BECKSTPREPU04HR,Development,W1118,Prepupae,0,1.0428,4
153899_at,BECKSTPREPU04HR,Development,W1118,Prepupae,0,0.9687,4
153900_at,BECKSTPREPU04HR,Development,W1118,Prepupae,0,0.8701,4
153901_at,BECKSTPREPU04HR,Development,W1118,Prepupae,-1,0.7119,4
153902_at,BECKSTPREPU04HR,Development,W1118,Prepupae,-1,0.5741,4
153903_at,BECKSTPREPU04HR,Development,W1118,Prepupae,0,0.9021,4
153904_at,BECKSTPREPU04HR,Development,W1118,Prepupae,-1,0.7164,4
153905_at,BECKSTPREPU04HR,Development,W1118,Prepupae,1,1.7539,4
153906_at,BECKSTPREPU04HR,Development,W1118,Prepupae,-1,0.7323,4
153907_at,BECKSTPREPU04HR,Development,W1118,Prepupae,0,0.9751,4
153908_at,BECKSTPREPU04HR,Development,W1118,Prepupae,1,1.6591,4
153909_at,BECKSTPREPU04HR,Development,W1118,Prepupae,0,1.0667,4
153910_at,BECKSTPREPU04HR,Development,W1118,Prepupae,0,1.0992,4
153911_at,BECKSTPREPU04HR,Development,W1118,Prepupae,1,1.4492,4
153912_at,BECKSTPREPU04HR,Development,W1118,Prepupae,0,0.9132,4
153913_at,BECKSTPREPU04HR,Development,W1118,Prepupae,-1,0.4912,4
153914_at,BECKSTPREPU04HR,Development,W1118,Prepupae,-1,0.7239,4
153915_at,BECKSTPREPU04HR,Development,W1118,Prepupae,0,0.9496,4
153916_at,BECKSTPREPU04HR,Development,W1118,Prepupae,-1,0.6765,4
153917_at,BECKSTPREPU04HR,Development,W1118,Prepupae,0,1.0964,4
153918_at,BECKSTPREPU04HR,Development,W1118,Prepupae,0,0.9357,4
153919_at,BECKSTPREPU04HR,Development,W1118,Prepupae,0,0.9131,4
153920_at,BECKSTPREPU04HR,Development,W1118,Prepupae,-1,0.2582,4
153921_at,BECKSTPREPU04HR,Development,W1118,Prepupae,-1,0.549,4
153922_at,BECKSTPREPU04HR,Development,W1118,Prepupae,1,1.3364,4
153923_at,BECKSTPREPU04HR,Development,W1118,Prepupae,1,1.2403,4
153924_at,BECKSTPREPU04HR,Development,W1118,Prepupae,0,0.9148,4
153925_at,BECKSTPREPU04HR,Development,W1118,Prepupae,0,0.9047,4
153926_at,BECKSTPREPU04HR,Development,W1118,Prepupae,1,2.069,4
153927_at,BECKSTPREPU04HR,Development,W1118,Prepupae,-1,0.6945,4
153928_at,BECKSTPREPU04HR,Development,W1118,Prepupae,-1,0.5761,4
153929_at,BECKSTPREPU04HR,Development,W1118,Prepupae,0,1.1089,4
153930_at,BECKSTPREPU04HR,Development,W1118,Prepupae,-1,0.6905,4
153931_at,BECKSTPREPU04HR,Development,W1118,Prepupae,0,0.8194,4
153932_at,BECKSTPREPU04HR,Development,W1118,Prepupae,0,0.9192,4
153933_at,BECKSTPREPU04HR,Development,W1118,Prepupae,0,0.9779,4
153934_at,BECKSTPREPU04HR,Development,W1118,Prepupae,0,1.0825,4
153935_at,BECKSTPREPU04HR,Development,W1118,Prepupae,0,0.8152,4
153936_at,BECKSTPREPU04HR,Development,W1118,Prepupae,0,1.0714,4
153937_at,BECKSTPREPU04HR,Development,W1118,Prepupae,0,1.0644,4
153938_at,BECKSTPREPU04HR,Development,W1118,Prepupae,0,0.8264,4
153939_at,BECKSTPREPU04HR,Development,W1118,Prepupae,0,1.0777,4
153940_at,BECKSTPREPU04HR,Development,W1118,Prepupae,0,0.8581,4
153941_at,BECKSTPREPU04HR,Development,W1118,Prepupae,-1,0.748,4
153942_at,BECKSTPREPU04HR,Development,W1118,Prepupae,-1,0.7534,4
153943_at,BECKSTPREPU04HR,Development,W1118,Prepupae,-1,0.5922,4
153944_at,BECKSTPREPU04HR,Development,W1118,Prepupae,0,1.0609,4
153945_at,BECKSTPREPU04HR,Development,W1118,Prepupae,0,1.0398,4
153946_at,BECKSTPREPU04HR,Development,W1118,Prepupae,-1,0.7274,4
153947_at,BECKSTPREPU04HR,Development,W1118,Prepupae,0,0.9692,4
153948_at,BECKSTPREPU04HR,Development,W1118,Prepupae,0,0.9405,4
153949_at,BECKSTPREPU04HR,Development,W1118,Prepupae,-1,0.7254,4
153950_at,BECKSTPREPU04HR,Development,W1118,Prepupae,0,0.9706,4
153951_at,BECKSTPREPU04HR,Development,W1118,Prepupae,-1,0.7099,4
153952_at,BECKSTPREPU04HR,Development,W1118,Prepupae,0,1.0927,4
153953_at,BECKSTPREPU04HR,Development,W1118,Prepupae,0,1.0141,4
153954_at,BECKSTPREPU04HR,Development,W1118,Prepupae,-1,0.6046,4
153955_at,BECKSTPREPU04HR,Development,W1118,Prepupae,-1,0.7525,4
153956_at,BECKSTPREPU04HR,Development,W1118,Prepupae,0,0.8698,4
153957_at,BECKSTPREPU04HR,Development,W1118,Prepupae,-1,0.6296,4
153958_at,BECKSTPREPU04HR,Development,W1118,Prepupae,0,0.9867,4
153959_at,BECKSTPREPU04HR,Development,W1118,Prepupae,1,1.2137,4
153960_at,BECKSTPREPU04HR,Development,W1118,Prepupae,-1,0.704,4
153961_at,BECKSTPREPU04HR,Development,W1118,Prepupae,0,0.8329,4
153962_at,BECKSTPREPU04HR,Development,W1118,Prepupae,0,1.0183,4
153963_at,BECKSTPREPU04HR,Development,W1118,Prepupae,-1,0.7111,4
153964_at,BECKSTPREPU04HR,Development,W1118,Prepupae,1,1.2787,4
153965_at,BECKSTPREPU04HR,Development,W1118,Prepupae,0,1.0042,4
153966_at,BECKSTPREPU04HR,Development,W1118,Prepupae,0,0.9912,4
153967_at,BECKSTPREPU04HR,Development,W1118,Prepupae,0,0.8079,4
153968_at,BECKSTPREPU04HR,Development,W1118,Prepupae,0,1.0119,4
153969_at,BECKSTPREPU04HR,Development,W1118,Prepupae,0,1.1542,4
153970_at,BECKSTPREPU04HR,Development,W1118,Prepupae,-1,0.7309,4
153971_at,BECKSTPREPU04HR,Development,W1118,Prepupae,-1,0.6588,4
153972_at,BECKSTPREPU04HR,Development,W1118,Prepupae,0,0.8104,4
153973_at,BECKSTPREPU04HR,Development,W1118,Prepupae,-1,0.6559,4
153974_at,BECKSTPREPU04HR,Development,W1118,Prepupae,0,1.0963,4
153975_at,BECKSTPREPU04HR,Development,W1118,Prepupae,-1,0.758,4
153976_at,BECKSTPREPU04HR,Development,W1118,Prepupae,-1,0.6412,4
153977_at,BECKSTPREPU04HR,Development,W1118,Prepupae,1,1.2647,4
153978_at,BECKSTPREPU04HR,Development,W1118,Prepupae,0,1.088,4
153979_at,BECKSTPREPU04HR,Development,W1118,Prepupae,-1,0.6712,4
153980_at,BECKSTPREPU04HR,Development,W1118,Prepupae,0,0.8328,4
153981_at,BECKSTPREPU04HR,Development,W1118,Prepupae,0,0.8001,4
153982_at,BECKSTPREPU04HR,Development,W1118,Prepupae,0,0.8624,4
153983_at,BECKSTPREPU04HR,Development,W1118,Prepupae,-1,0.7972,4
153984_at,BECKSTPREPU04HR,Development,W1118,Prepupae,0,0.834,4
153985_at,BECKSTPREPU04HR,Development,W1118,Prepupae,-1,0.6954,4
153986_at,BECKSTPREPU04HR,Development,W1118,Prepupae,0,0.9377,4
153987_at,BECKSTPREPU04HR,Development,W1118,Prepupae,1,1.5732,4
153988_at,BECKSTPREPU04HR,Development,W1118,Prepupae,0,0.967,4
153989_at,BECKSTPREPU04HR,Development,W1118,Prepupae,0,0.9754,4
153990_at,BECKSTPREPU04HR,Development,W1118,Prepupae,-1,0.777,4
153991_at,BECKSTPREPU04HR,Development,W1118,Prepupae,-1,0.5698,4
153992_at,BECKSTPREPU04HR,Development,W1118,Prepupae,-1,0.7307,4
153993_at,BECKSTPREPU04HR,Development,W1118,Prepupae,0,0.8411,4
153994_at,BECKSTPREPU04HR,Development,W1118,Prepupae,0,0.9634,4
153995_at,BECKSTPREPU04HR,Development,W1118,Prepupae,-1,0.7543,4
153996_at,BECKSTPREPU04HR,Development,W1118,Prepupae,-1,0.6994,4
153997_at,BECKSTPREPU04HR,Development,W1118,Prepupae,-1,0.7278,4
153998_at,BECKSTPREPU04HR,Development,W1118,Prepupae,1,1.3512,4
153999_at,BECKSTPREPU04HR,Development,W1118,Prepupae,-1,0.6877,4
154000_at,BECKSTPREPU04HR,Development,W1118,Prepupae,0,0.9486,4
154001_at,BECKSTPREPU04HR,Development,W1118,Prepupae,1,1.2189,4
154002_at,BECKSTPREPU04HR,Development,W1118,Prepupae,0,0.8452,4
154003_at,BECKSTPREPU04HR,Development,W1118,Prepupae,0,0.8598,4
154004_at,BECKSTPREPU04HR,Development,W1118,Prepupae,0,1.0182,4
154005_at,BECKSTPREPU04HR,Development,W1118,Prepupae,0,0.9108,4
154006_at,BECKSTPREPU04HR,Development,W1118,Prepupae,0,1.158,4
154007_at,BECKSTPREPU04HR,Development,W1118,Prepupae,-1,0.5916,4
154008_at,BECKSTPREPU04HR,Development,W1118,Prepupae,0,0.9055,4
154009_at,BECKSTPREPU04HR,Development,W1118,Prepupae,0,0.9808,4
154010_at,BECKSTPREPU04HR,Development,W1118,Prepupae,0,1.0562,4
154011_at,BECKSTPREPU04HR,Development,W1118,Prepupae,-1,0.7718,4
154012_at,BECKSTPREPU04HR,Development,W1118,Prepupae,0,0.8677,4
154013_at,BECKSTPREPU04HR,Development,W1118,Prepupae,0,1.0742,4
154014_at,BECKSTPREPU04HR,Development,W1118,Prepupae,-1,0.4884,4
154015_at,BECKSTPREPU04HR,Development,W1118,Prepupae,1,1.3245,4
154016_at,BECKSTPREPU04HR,Development,W1118,Prepupae,0,0.8397,4
154017_at,BECKSTPREPU04HR,Development,W1118,Prepupae,0,1.0636,4
154018_at,BECKSTPREPU04HR,Development,W1118,Prepupae,0,0.8427,4
154019_at,BECKSTPREPU04HR,Development,W1118,Prepupae,0,1.1405,4
154020_at,BECKSTPREPU04HR,Development,W1118,Prepupae,-1,0.5607,4
154021_at,BECKSTPREPU04HR,Development,W1118,Prepupae,1,1.7552,4
154022_at,BECKSTPREPU04HR,Development,W1118,Prepupae,0,0.9239,4
154023_at,BECKSTPREPU04HR,Development,W1118,Prepupae,-1,0.7581,4
154024_at,BECKSTPREPU04HR,Development,W1118,Prepupae,0,0.9552,4
154025_at,BECKSTPREPU04HR,Development,W1118,Prepupae,-1,0.5389,4
154026_at,BECKSTPREPU04HR,Development,W1118,Prepupae,-1,0.4317,4
154027_at,BECKSTPREPU04HR,Development,W1118,Prepupae,0,0.9007,4
154028_at,BECKSTPREPU04HR,Development,W1118,Prepupae,0,1.0991,4
154029_at,BECKSTPREPU04HR,Development,W1118,Prepupae,1,1.3551,4
154030_at,BECKSTPREPU04HR,Development,W1118,Prepupae,-1,0.5663,4
154031_at,BECKSTPREPU04HR,Development,W1118,Prepupae,1,1.5809,4
154032_at,BECKSTPREPU04HR,Development,W1118,Prepupae,0,0.9781,4
154033_at,BECKSTPREPU04HR,Development,W1118,Prepupae,1,1.3382,4
154034_at,BECKSTPREPU04HR,Development,W1118,Prepupae,0,0.8326,4
154035_at,BECKSTPREPU04HR,Development,W1118,Prepupae,1,1.2685,4
154036_at,BECKSTPREPU04HR,Development,W1118,Prepupae,1,1.2571,4
154037_at,BECKSTPREPU04HR,Development,W1118,Prepupae,0,1.0086,4
154038_at,BECKSTPREPU04HR,Development,W1118,Prepupae,0,0.9838,4
154039_at,BECKSTPREPU04HR,Development,W1118,Prepupae,0,1.0483,4
154040_at,BECKSTPREPU04HR,Development,W1118,Prepupae,0,1.169,4
154041_at,BECKSTPREPU04HR,Development,W1118,Prepupae,0,1.0173,4
154042_at,BECKSTPREPU04HR,Development,W1118,Prepupae,0,1.152,4
154043_at,BECKSTPREPU04HR,Development,W1118,Prepupae,1,1.2113,4
154044_at,BECKSTPREPU04HR,Development,W1118,Prepupae,-1,0.6306,4
154045_at,BECKSTPREPU04HR,Development,W1118,Prepupae,0,1.177,4
154046_at,BECKSTPREPU04HR,Development,W1118,Prepupae,0,0.8626,4
154047_at,BECKSTPREPU04HR,Development,W1118,Prepupae,-1,0.7229,4
154048_at,BECKSTPREPU04HR,Development,W1118,Prepupae,1,1.5225,4
154049_at,BECKSTPREPU04HR,Development,W1118,Prepupae,0,0.9333,4
154050_at,BECKSTPREPU04HR,Development,W1118,Prepupae,0,1.0373,4
154051_at,BECKSTPREPU04HR,Development,W1118,Prepupae,0,0.8118,4
154052_at,BECKSTPREPU04HR,Development,W1118,Prepupae,0,0.8006,4
154053_at,BECKSTPREPU04HR,Development,W1118,Prepupae,0,0.9051,4
154054_at,BECKSTPREPU04HR,Development,W1118,Prepupae,-1,0.7073,4
154055_at,BECKSTPREPU04HR,Development,W1118,Prepupae,0,0.8762,4
154056_at,BECKSTPREPU04HR,Development,W1118,Prepupae,0,0.9994,4
154057_at,BECKSTPREPU04HR,Development,W1118,Prepupae,0,0.9732,4
154058_at,BECKSTPREPU04HR,Development,W1118,Prepupae,0,1.1294,4
154059_at,BECKSTPREPU04HR,Development,W1118,Prepupae,-1,0.607,4
154060_at,BECKSTPREPU04HR,Development,W1118,Prepupae,0,0.8015,4
154061_at,BECKSTPREPU04HR,Development,W1118,Prepupae,-1,0.7945,4
154062_at,BECKSTPREPU04HR,Development,W1118,Prepupae,-1,0.7517,4
154063_at,BECKSTPREPU04HR,Development,W1118,Prepupae,0,1.1731,4
154064_at,BECKSTPREPU04HR,Development,W1118,Prepupae,1,1.5952,4
154065_at,BECKSTPREPU04HR,Development,W1118,Prepupae,0,1.0857,4
154066_at,BECKSTPREPU04HR,Development,W1118,Prepupae,0,0.9878,4
154067_at,BECKSTPREPU04HR,Development,W1118,Prepupae,1,1.2122,4
154068_at,BECKSTPREPU04HR,Development,W1118,Prepupae,0,1.0087,4
154069_at,BECKSTPREPU04HR,Development,W1118,Prepupae,-1,0.78,4
154070_at,BECKSTPREPU04HR,Development,W1118,Prepupae,0,1.0113,4
154071_at,BECKSTPREPU04HR,Development,W1118,Prepupae,0,0.8317,4
154072_at,BECKSTPREPU04HR,Development,W1118,Prepupae,1,1.5693,4
154073_at,BECKSTPREPU04HR,Development,W1118,Prepupae,0,0.8157,4
154074_at,BECKSTPREPU04HR,Development,W1118,Prepupae,0,1.0982,4
154075_at,BECKSTPREPU04HR,Development,W1118,Prepupae,1,1.3097,4
154076_at,BECKSTPREPU04HR,Development,W1118,Prepupae,0,0.8772,4
154077_at,BECKSTPREPU04HR,Development,W1118,Prepupae,-1,0.7881,4
154078_at,BECKSTPREPU04HR,Development,W1118,Prepupae,0,1.1176,4
154079_at,BECKSTPREPU04HR,Development,W1118,Prepupae,-1,0.6953,4
154080_at,BECKSTPREPU04HR,Development,W1118,Prepupae,0,0.8531,4
154081_at,BECKSTPREPU04HR,Development,W1118,Prepupae,0,0.8508,4
154082_at,BECKSTPREPU04HR,Development,W1118,Prepupae,0,1.0874,4
154083_at,BECKSTPREPU04HR,Development,W1118,Prepupae,-1,0.7266,4
154084_s_at,BECKSTPREPU04HR,Development,W1118,Prepupae,-1,0.5481,4
154085_at,BECKSTPREPU04HR,Development,W1118,Prepupae,0,0.9134,4
154086_at,BECKSTPREPU04HR,Development,W1118,Prepupae,-1,0.7853,4
154087_at,BECKSTPREPU04HR,Development,W1118,Prepupae,0,0.959,4
154088_at,BECKSTPREPU04HR,Development,W1118,Prepupae,0,0.9385,4
154089_at,BECKSTPREPU04HR,Development,W1118,Prepupae,-1,0.7706,4
154090_at,BECKSTPREPU04HR,Development,W1118,Prepupae,-1,0.6105,4
154091_at,BECKSTPREPU04HR,Development,W1118,Prepupae,0,0.8439,4
154092_at,BECKSTPREPU04HR,Development,W1118,Prepupae,0,0.8634,4
154093_at,BECKSTPREPU04HR,Development,W1118,Prepupae,0,0.938,4
154094_at,BECKSTPREPU04HR,Development,W1118,Prepupae,-1,0.7171,4
154095_at,BECKSTPREPU04HR,Development,W1118,Prepupae,-1,0.4483,4
154096_at,BECKSTPREPU04HR,Development,W1118,Prepupae,0,1.1603,4
154097_at,BECKSTPREPU04HR,Development,W1118,Prepupae,0,0.841,4
154098_at,BECKSTPREPU04HR,Development,W1118,Prepupae,0,0.8442,4
154099_at,BECKSTPREPU04HR,Development,W1118,Prepupae,0,0.8394,4
154100_at,BECKSTPREPU04HR,Development,W1118,Prepupae,0,0.9821,4
154101_at,BECKSTPREPU04HR,Development,W1118,Prepupae,0,0.8776,4
154102_at,BECKSTPREPU04HR,Development,W1118,Prepupae,0,0.9588,4
154103_at,BECKSTPREPU04HR,Development,W1118,Prepupae,0,0.85,4
154104_at,BECKSTPREPU04HR,Development,W1118,Prepupae,0,1.037,4
154105_at,BECKSTPREPU04HR,Development,W1118,Prepupae,-1,0.7719,4
154106_at,BECKSTPREPU04HR,Development,W1118,Prepupae,1,1.4623,4
154107_at,BECKSTPREPU04HR,Development,W1118,Prepupae,0,0.9643,4
154108_at,BECKSTPREPU04HR,Development,W1118,Prepupae,0,1.0207,4
154109_at,BECKSTPREPU04HR,Development,W1118,Prepupae,0,0.8191,4
154110_at,BECKSTPREPU04HR,Development,W1118,Prepupae,1,1.5352,4
154111_at,BECKSTPREPU04HR,Development,W1118,Prepupae,0,0.9188,4
154112_at,BECKSTPREPU04HR,Development,W1118,Prepupae,1,1.2102,4
154113_at,BECKSTPREPU04HR,Development,W1118,Prepupae,1,1.9137,4
154114_at,BECKSTPREPU04HR,Development,W1118,Prepupae,-1,0.6857,4
154115_at,BECKSTPREPU04HR,Development,W1118,Prepupae,0,0.9824,4
154116_at,BECKSTPREPU04HR,Development,W1118,Prepupae,0,0.8817,4
154117_at,BECKSTPREPU04HR,Development,W1118,Prepupae,0,1.1964,4
154118_at,BECKSTPREPU04HR,Development,W1118,Prepupae,-1,0.6566,4
154119_at,BECKSTPREPU04HR,Development,W1118,Prepupae,-1,0.5719,4
154120_at,BECKSTPREPU04HR,Development,W1118,Prepupae,0,0.8428,4
154121_at,BECKSTPREPU04HR,Development,W1118,Prepupae,-1,0.7732,4
154122_at,BECKSTPREPU04HR,Development,W1118,Prepupae,0,0.9807,4
154123_at,BECKSTPREPU04HR,Development,W1118,Prepupae,0,1.1564,4
154124_at,BECKSTPREPU04HR,Development,W1118,Prepupae,-1,0.7378,4
154125_at,BECKSTPREPU04HR,Development,W1118,Prepupae,-1,0.6015,4
154126_at,BECKSTPREPU04HR,Development,W1118,Prepupae,0,0.8231,4
154127_at,BECKSTPREPU04HR,Development,W1118,Prepupae,0,1.1399,4
154128_at,BECKSTPREPU04HR,Development,W1118,Prepupae,-1,0.5727,4
154129_at,BECKSTPREPU04HR,Development,W1118,Prepupae,0,0.8821,4
154130_at,BECKSTPREPU04HR,Development,W1118,Prepupae,0,0.9489,4
154131_at,BECKSTPREPU04HR,Development,W1118,Prepupae,-1,0.773,4
154132_at,BECKSTPREPU04HR,Development,W1118,Prepupae,0,0.8589,4
154133_at,BECKSTPREPU04HR,Development,W1118,Prepupae,-1,0.5575,4
154134_at,BECKSTPREPU04HR,Development,W1118,Prepupae,1,2.0378,4
154135_at,BECKSTPREPU04HR,Development,W1118,Prepupae,-1,0.7158,4
154136_at,BECKSTPREPU04HR,Development,W1118,Prepupae,-1,0.741,4
154137_at,BECKSTPREPU04HR,Development,W1118,Prepupae,0,1.1609,4
154138_at,BECKSTPREPU04HR,Development,W1118,Prepupae,1,1.407,4
154139_at,BECKSTPREPU04HR,Development,W1118,Prepupae,0,1.1674,4
154140_at,BECKSTPREPU04HR,Development,W1118,Prepupae,-1,0.7636,4
154141_at,BECKSTPREPU04HR,Development,W1118,Prepupae,0,0.9104,4
154142_at,BECKSTPREPU04HR,Development,W1118,Prepupae,1,1.365,4
154143_at,BECKSTPREPU04HR,Development,W1118,Prepupae,1,1.239,4
154144_at,BECKSTPREPU04HR,Development,W1118,Prepupae,0,0.9366,4
154145_at,BECKSTPREPU04HR,Development,W1118,Prepupae,0,0.969,4
154146_at,BECKSTPREPU04HR,Development,W1118,Prepupae,1,1.4885,4
154147_at,BECKSTPREPU04HR,Development,W1118,Prepupae,0,1.1381,4
154148_at,BECKSTPREPU04HR,Development,W1118,Prepupae,-1,0.6188,4
154149_at,BECKSTPREPU04HR,Development,W1118,Prepupae,-1,0.7348,4
154150_at,BECKSTPREPU04HR,Development,W1118,Prepupae,0,0.8381,4
154151_at,BECKSTPREPU04HR,Development,W1118,Prepupae,0,1.1639,4
154152_at,BECKSTPREPU04HR,Development,W1118,Prepupae,-1,0.3403,4
154153_at,BECKSTPREPU04HR,Development,W1118,Prepupae,-1,0.7825,4
154154_at,BECKSTPREPU04HR,Development,W1118,Prepupae,-1,0.6342,4
154155_at,BECKSTPREPU04HR,Development,W1118,Prepupae,0,1.0466,4
154156_at,BECKSTPREPU04HR,Development,W1118,Prepupae,1,1.2449,4
154157_at,BECKSTPREPU04HR,Development,W1118,Prepupae,0,0.8995,4
154158_at,BECKSTPREPU04HR,Development,W1118,Prepupae,0,1.0103,4
154159_at,BECKSTPREPU04HR,Development,W1118,Prepupae,-1,0.6521,4
154160_at,BECKSTPREPU04HR,Development,W1118,Prepupae,0,1.0841,4
154161_at,BECKSTPREPU04HR,Development,W1118,Prepupae,-1,0.7879,4
154162_at,BECKSTPREPU04HR,Development,W1118,Prepupae,0,0.9827,4
154163_at,BECKSTPREPU04HR,Development,W1118,Prepupae,0,0.8693,4
154164_at,BECKSTPREPU04HR,Development,W1118,Prepupae,0,0.9037,4
154165_at,BECKSTPREPU04HR,Development,W1118,Prepupae,0,0.8442,4
154166_at,BECKSTPREPU04HR,Development,W1118,Prepupae,0,1.0553,4
154167_at,BECKSTPREPU04HR,Development,W1118,Prepupae,-1,0.7669,4
154168_at,BECKSTPREPU04HR,Development,W1118,Prepupae,0,0.9114,4
154169_at,BECKSTPREPU04HR,Development,W1118,Prepupae,0,1.0156,4
154170_at,BECKSTPREPU04HR,Development,W1118,Prepupae,0,0.8106,4
154171_at,BECKSTPREPU04HR,Development,W1118,Prepupae,1,1.8061,4
154172_at,BECKSTPREPU04HR,Development,W1118,Prepupae,0,0.9733,4
154173_at,BECKSTPREPU04HR,Development,W1118,Prepupae,0,1.181,4
154174_at,BECKSTPREPU04HR,Development,W1118,Prepupae,0,0.9195,4
154175_at,BECKSTPREPU04HR,Development,W1118,Prepupae,0,0.9538,4
154176_at,BECKSTPREPU04HR,Development,W1118,Prepupae,0,1.0359,4
154177_at,BECKSTPREPU04HR,Development,W1118,Prepupae,0,0.9491,4
154178_at,BECKSTPREPU04HR,Development,W1118,Prepupae,0,0.9691,4
154179_at,BECKSTPREPU04HR,Development,W1118,Prepupae,0,0.9681,4
154180_at,BECKSTPREPU04HR,Development,W1118,Prepupae,-1,0.747,4
154181_at,BECKSTPREPU04HR,Development,W1118,Prepupae,0,0.8613,4
154182_at,BECKSTPREPU04HR,Development,W1118,Prepupae,0,1.034,4
154183_at,BECKSTPREPU04HR,Development,W1118,Prepupae,0,1.117,4
154184_at,BECKSTPREPU04HR,Development,W1118,Prepupae,-1,0.3787,4
154185_at,BECKSTPREPU04HR,Development,W1118,Prepupae,-1,0.5685,4
154186_at,BECKSTPREPU04HR,Development,W1118,Prepupae,1,1.2307,4
154187_at,BECKSTPREPU04HR,Development,W1118,Prepupae,-1,0.6986,4
154188_at,BECKSTPREPU04HR,Development,W1118,Prepupae,0,1.0609,4
154189_at,BECKSTPREPU04HR,Development,W1118,Prepupae,-1,0.6859,4
154190_at,BECKSTPREPU04HR,Development,W1118,Prepupae,0,0.9644,4
154191_at,BECKSTPREPU04HR,Development,W1118,Prepupae,0,0.9872,4
154192_at,BECKSTPREPU04HR,Development,W1118,Prepupae,0,0.9666,4
154193_at,BECKSTPREPU04HR,Development,W1118,Prepupae,-1,0.7756,4
154194_at,BECKSTPREPU04HR,Development,W1118,Prepupae,0,1.1465,4
154195_at,BECKSTPREPU04HR,Development,W1118,Prepupae,0,1.0676,4
154196_at,BECKSTPREPU04HR,Development,W1118,Prepupae,-1,0.695,4
154197_at,BECKSTPREPU04HR,Development,W1118,Prepupae,1,1.3608,4
154198_at,BECKSTPREPU04HR,Development,W1118,Prepupae,0,0.8102,4
154199_at,BECKSTPREPU04HR,Development,W1118,Prepupae,0,1.1237,4
154200_at,BECKSTPREPU04HR,Development,W1118,Prepupae,0,0.9944,4
154201_at,BECKSTPREPU04HR,Development,W1118,Prepupae,0,1.1911,4
154202_at,BECKSTPREPU04HR,Development,W1118,Prepupae,0,1.0553,4
154203_at,BECKSTPREPU04HR,Development,W1118,Prepupae,0,0.9302,4
154204_at,BECKSTPREPU04HR,Development,W1118,Prepupae,0,1.0843,4
154205_at,BECKSTPREPU04HR,Development,W1118,Prepupae,-1,0.6067,4
154206_at,BECKSTPREPU04HR,Development,W1118,Prepupae,0,0.8216,4
154207_at,BECKSTPREPU04HR,Development,W1118,Prepupae,0,1.0762,4
154208_at,BECKSTPREPU04HR,Development,W1118,Prepupae,-1,0.6141,4
154209_at,BECKSTPREPU04HR,Development,W1118,Prepupae,0,0.834,4
154210_at,BECKSTPREPU04HR,Development,W1118,Prepupae,0,0.9046,4
154211_at,BECKSTPREPU04HR,Development,W1118,Prepupae,0,0.9945,4
154212_at,BECKSTPREPU04HR,Development,W1118,Prepupae,0,0.9562,4
154213_at,BECKSTPREPU04HR,Development,W1118,Prepupae,0,1.0332,4
154214_at,BECKSTPREPU04HR,Development,W1118,Prepupae,-1,0.6131,4
154215_at,BECKSTPREPU04HR,Development,W1118,Prepupae,1,2.0625,4
154216_at,BECKSTPREPU04HR,Development,W1118,Prepupae,-1,0.788,4
154217_at,BECKSTPREPU04HR,Development,W1118,Prepupae,0,0.8732,4
154218_at,BECKSTPREPU04HR,Development,W1118,Prepupae,0,0.8084,4
154219_at,BECKSTPREPU04HR,Development,W1118,Prepupae,0,0.9501,4
154220_at,BECKSTPREPU04HR,Development,W1118,Prepupae,1,1.2239,4
154221_at,BECKSTPREPU04HR,Development,W1118,Prepupae,0,1.1942,4
154222_at,BECKSTPREPU04HR,Development,W1118,Prepupae,0,0.9672,4
154223_at,BECKSTPREPU04HR,Development,W1118,Prepupae,-1,0.7267,4
154224_at,BECKSTPREPU04HR,Development,W1118,Prepupae,0,1.125,4
154225_at,BECKSTPREPU04HR,Development,W1118,Prepupae,-1,0.7501,4
154226_at,BECKSTPREPU04HR,Development,W1118,Prepupae,-1,0.6673,4
154227_at,BECKSTPREPU04HR,Development,W1118,Prepupae,0,0.8073,4
154228_at,BECKSTPREPU04HR,Development,W1118,Prepupae,0,1.0187,4
154229_at,BECKSTPREPU04HR,Development,W1118,Prepupae,1,1.5476,4
154230_at,BECKSTPREPU04HR,Development,W1118,Prepupae,0,1.1587,4
154231_at,BECKSTPREPU04HR,Development,W1118,Prepupae,1,1.2203,4
154232_at,BECKSTPREPU04HR,Development,W1118,Prepupae,0,1.0159,4
154233_at,BECKSTPREPU04HR,Development,W1118,Prepupae,-1,0.5979,4
154234_at,BECKSTPREPU04HR,Development,W1118,Prepupae,-1,0.6469,4
154235_at,BECKSTPREPU04HR,Development,W1118,Prepupae,1,1.3925,4
154236_at,BECKSTPREPU04HR,Development,W1118,Prepupae,0,1.0776,4
154237_at,BECKSTPREPU04HR,Development,W1118,Prepupae,-1,0.7372,4
154238_at,BECKSTPREPU04HR,Development,W1118,Prepupae,0,0.8706,4
154239_at,BECKSTPREPU04HR,Development,W1118,Prepupae,0,0.9611,4
154240_at,BECKSTPREPU04HR,Development,W1118,Prepupae,0,1.028,4
154241_at,BECKSTPREPU04HR,Development,W1118,Prepupae,-1,0.3611,4
154242_at,BECKSTPREPU04HR,Development,W1118,Prepupae,-1,0.6091,4
154243_at,BECKSTPREPU04HR,Development,W1118,Prepupae,1,1.2495,4
154244_at,BECKSTPREPU04HR,Development,W1118,Prepupae,0,1.0809,4
154245_at,BECKSTPREPU04HR,Development,W1118,Prepupae,0,1.2,4
154246_at,BECKSTPREPU04HR,Development,W1118,Prepupae,-1,0.6606,4
154247_at,BECKSTPREPU04HR,Development,W1118,Prepupae,1,1.4021,4
154248_at,BECKSTPREPU04HR,Development,W1118,Prepupae,0,0.8616,4
154249_at,BECKSTPREPU04HR,Development,W1118,Prepupae,0,1.1232,4
154250_at,BECKSTPREPU04HR,Development,W1118,Prepupae,0,1.0586,4
154251_at,BECKSTPREPU04HR,Development,W1118,Prepupae,0,0.8224,4
154252_at,BECKSTPREPU04HR,Development,W1118,Prepupae,0,0.8059,4
154253_at,BECKSTPREPU04HR,Development,W1118,Prepupae,0,0.9709,4
154254_at,BECKSTPREPU04HR,Development,W1118,Prepupae,1,1.5903,4
154255_at,BECKSTPREPU04HR,Development,W1118,Prepupae,-1,0.6866,4
154256_at,BECKSTPREPU04HR,Development,W1118,Prepupae,-1,0.6853,4
154257_at,BECKSTPREPU04HR,Development,W1118,Prepupae,0,1.0664,4
154258_at,BECKSTPREPU04HR,Development,W1118,Prepupae,1,1.3453,4
154259_at,BECKSTPREPU04HR,Development,W1118,Prepupae,0,0.845,4
154260_at,BECKSTPREPU04HR,Development,W1118,Prepupae,0,0.9363,4
154261_at,BECKSTPREPU04HR,Development,W1118,Prepupae,0,1.058,4
154262_at,BECKSTPREPU04HR,Development,W1118,Prepupae,1,1.284,4
154263_at,BECKSTPREPU04HR,Development,W1118,Prepupae,0,0.8446,4
154264_at,BECKSTPREPU04HR,Development,W1118,Prepupae,0,1.115,4
154265_at,BECKSTPREPU04HR,Development,W1118,Prepupae,0,0.8492,4
154266_at,BECKSTPREPU04HR,Development,W1118,Prepupae,0,0.8228,4
154267_at,BECKSTPREPU04HR,Development,W1118,Prepupae,0,1.0022,4
154268_at,BECKSTPREPU04HR,Development,W1118,Prepupae,0,0.8925,4
154269_at,BECKSTPREPU04HR,Development,W1118,Prepupae,0,1.0695,4
154270_at,BECKSTPREPU04HR,Development,W1118,Prepupae,0,1.1437,4
154271_at,BECKSTPREPU04HR,Development,W1118,Prepupae,0,0.9612,4
154272_at,BECKSTPREPU04HR,Development,W1118,Prepupae,0,1.0756,4
154273_at,BECKSTPREPU04HR,Development,W1118,Prepupae,0,0.8047,4
154274_at,BECKSTPREPU04HR,Development,W1118,Prepupae,0,0.9326,4
154275_at,BECKSTPREPU04HR,Development,W1118,Prepupae,0,0.8598,4
154276_at,BECKSTPREPU04HR,Development,W1118,Prepupae,1,1.2123,4
154277_at,BECKSTPREPU04HR,Development,W1118,Prepupae,0,1.0333,4
154278_at,BECKSTPREPU04HR,Development,W1118,Prepupae,0,0.8645,4
154279_at,BECKSTPREPU04HR,Development,W1118,Prepupae,0,0.9171,4
154280_at,BECKSTPREPU04HR,Development,W1118,Prepupae,0,0.8206,4
154281_at,BECKSTPREPU04HR,Development,W1118,Prepupae,0,1.1555,4
154282_at,BECKSTPREPU04HR,Development,W1118,Prepupae,0,0.9055,4
154283_at,BECKSTPREPU04HR,Development,W1118,Prepupae,0,0.9964,4
154284_at,BECKSTPREPU04HR,Development,W1118,Prepupae,-1,0.7983,4
154285_at,BECKSTPREPU04HR,Development,W1118,Prepupae,0,0.9099,4
154286_at,BECKSTPREPU04HR,Development,W1118,Prepupae,0,1.0364,4
154287_at,BECKSTPREPU04HR,Development,W1118,Prepupae,0,0.8159,4
154288_at,BECKSTPREPU04HR,Development,W1118,Prepupae,0,0.8108,4
154289_at,BECKSTPREPU04HR,Development,W1118,Prepupae,-1,0.7194,4
154290_at,BECKSTPREPU04HR,Development,W1118,Prepupae,0,0.9247,4
154291_at,BECKSTPREPU04HR,Development,W1118,Prepupae,0,1.1261,4
154292_at,BECKSTPREPU04HR,Development,W1118,Prepupae,0,0.8412,4
154293_at,BECKSTPREPU04HR,Development,W1118,Prepupae,0,0.8153,4
154294_at,BECKSTPREPU04HR,Development,W1118,Prepupae,0,0.8169,4
154295_at,BECKSTPREPU04HR,Development,W1118,Prepupae,0,1.0633,4
154296_at,BECKSTPREPU04HR,Development,W1118,Prepupae,-1,0.7131,4
154297_at,BECKSTPREPU04HR,Development,W1118,Prepupae,-1,0.7832,4
154298_at,BECKSTPREPU04HR,Development,W1118,Prepupae,-1,0.6436,4
154299_at,BECKSTPREPU04HR,Development,W1118,Prepupae,0,0.8218,4
154300_at,BECKSTPREPU04HR,Development,W1118,Prepupae,0,1.0612,4
154301_at,BECKSTPREPU04HR,Development,W1118,Prepupae,0,1.0669,4
154302_at,BECKSTPREPU04HR,Development,W1118,Prepupae,-1,0.6431,4
154303_at,BECKSTPREPU04HR,Development,W1118,Prepupae,0,0.9194,4
154304_at,BECKSTPREPU04HR,Development,W1118,Prepupae,-1,0.7002,4
154305_at,BECKSTPREPU04HR,Development,W1118,Prepupae,0,0.9756,4
154306_at,BECKSTPREPU04HR,Development,W1118,Prepupae,0,1.15,4
154307_at,BECKSTPREPU04HR,Development,W1118,Prepupae,0,0.9709,4
154308_at,BECKSTPREPU04HR,Development,W1118,Prepupae,-1,0.7554,4
154309_at,BECKSTPREPU04HR,Development,W1118,Prepupae,0,1.0617,4
154310_at,BECKSTPREPU04HR,Development,W1118,Prepupae,0,0.8954,4
154311_at,BECKSTPREPU04HR,Development,W1118,Prepupae,-1,0.7087,4
154312_at,BECKSTPREPU04HR,Development,W1118,Prepupae,0,0.9013,4
154313_at,BECKSTPREPU04HR,Development,W1118,Prepupae,0,1.0145,4
154314_at,BECKSTPREPU04HR,Development,W1118,Prepupae,0,0.9509,4
154315_at,BECKSTPREPU04HR,Development,W1118,Prepupae,1,1.3331,4
154316_at,BECKSTPREPU04HR,Development,W1118,Prepupae,-1,0.729,4
154317_at,BECKSTPREPU04HR,Development,W1118,Prepupae,0,1.1367,4
154318_at,BECKSTPREPU04HR,Development,W1118,Prepupae,1,1.2585,4
154319_at,BECKSTPREPU04HR,Development,W1118,Prepupae,-1,0.7711,4
154320_at,BECKSTPREPU04HR,Development,W1118,Prepupae,-1,0.6445,4
154321_at,BECKSTPREPU04HR,Development,W1118,Prepupae,0,0.8421,4
154322_at,BECKSTPREPU04HR,Development,W1118,Prepupae,-1,0.6279,4
154323_at,BECKSTPREPU04HR,Development,W1118,Prepupae,0,0.8869,4
154324_at,BECKSTPREPU04HR,Development,W1118,Prepupae,0,1.1243,4
154325_at,BECKSTPREPU04HR,Development,W1118,Prepupae,0,0.8726,4
154326_at,BECKSTPREPU04HR,Development,W1118,Prepupae,-1,0.7611,4
154327_at,BECKSTPREPU04HR,Development,W1118,Prepupae,0,0.9872,4
154328_at,BECKSTPREPU04HR,Development,W1118,Prepupae,0,0.9053,4
154329_at,BECKSTPREPU04HR,Development,W1118,Prepupae,1,1.8219,4
154330_at,BECKSTPREPU04HR,Development,W1118,Prepupae,0,1.0087,4
154331_at,BECKSTPREPU04HR,Development,W1118,Prepupae,-1,0.7411,4
154332_at,BECKSTPREPU04HR,Development,W1118,Prepupae,0,1.0099,4
154333_at,BECKSTPREPU04HR,Development,W1118,Prepupae,-1,0.6702,4
154334_at,BECKSTPREPU04HR,Development,W1118,Prepupae,0,1.092,4
154335_at,BECKSTPREPU04HR,Development,W1118,Prepupae,0,0.9753,4
154336_at,BECKSTPREPU04HR,Development,W1118,Prepupae,0,1.1942,4
154337_at,BECKSTPREPU04HR,Development,W1118,Prepupae,0,1.0099,4
154338_at,BECKSTPREPU04HR,Development,W1118,Prepupae,0,0.8119,4
154339_at,BECKSTPREPU04HR,Development,W1118,Prepupae,0,1.0766,4
154340_at,BECKSTPREPU04HR,Development,W1118,Prepupae,-1,0.7824,4
154341_at,BECKSTPREPU04HR,Development,W1118,Prepupae,0,1.1847,4
154342_at,BECKSTPREPU04HR,Development,W1118,Prepupae,0,0.8298,4
154343_at,BECKSTPREPU04HR,Development,W1118,Prepupae,0,0.978,4
154344_at,BECKSTPREPU04HR,Development,W1118,Prepupae,0,1.142,4
154345_at,BECKSTPREPU04HR,Development,W1118,Prepupae,1,1.3891,4
154346_at,BECKSTPREPU04HR,Development,W1118,Prepupae,0,0.8841,4
154347_at,BECKSTPREPU04HR,Development,W1118,Prepupae,0,0.8964,4
154348_at,BECKSTPREPU04HR,Development,W1118,Prepupae,0,1.022,4
154349_at,BECKSTPREPU04HR,Development,W1118,Prepupae,1,1.314,4
154350_at,BECKSTPREPU04HR,Development,W1118,Prepupae,0,0.8452,4
154351_at,BECKSTPREPU04HR,Development,W1118,Prepupae,-1,0.5909,4
154352_at,BECKSTPREPU04HR,Development,W1118,Prepupae,1,1.547,4
154353_at,BECKSTPREPU04HR,Development,W1118,Prepupae,0,0.8755,4
154354_at,BECKSTPREPU04HR,Development,W1118,Prepupae,0,0.992,4
154355_at,BECKSTPREPU04HR,Development,W1118,Prepupae,1,1.3334,4
154356_at,BECKSTPREPU04HR,Development,W1118,Prepupae,0,0.9058,4
154357_at,BECKSTPREPU04HR,Development,W1118,Prepupae,1,1.4142,4
154358_at,BECKSTPREPU04HR,Development,W1118,Prepupae,-1,0.7822,4
154359_at,BECKSTPREPU04HR,Development,W1118,Prepupae,0,0.818,4
154360_at,BECKSTPREPU04HR,Development,W1118,Prepupae,-1,0.3827,4
154361_at,BECKSTPREPU04HR,Development,W1118,Prepupae,0,1.1697,4
154362_at,BECKSTPREPU04HR,Development,W1118,Prepupae,0,0.8037,4
154363_at,BECKSTPREPU04HR,Development,W1118,Prepupae,0,0.8657,4
154364_at,BECKSTPREPU04HR,Development,W1118,Prepupae,-1,0.728,4
154365_at,BECKSTPREPU04HR,Development,W1118,Prepupae,0,0.9087,4
154366_at,BECKSTPREPU04HR,Development,W1118,Prepupae,1,1.2316,4
154367_at,BECKSTPREPU04HR,Development,W1118,Prepupae,-1,0.7192,4
154368_at,BECKSTPREPU04HR,Development,W1118,Prepupae,-1,0.7582,4
154369_at,BECKSTPREPU04HR,Development,W1118,Prepupae,0,0.9803,4
154370_at,BECKSTPREPU04HR,Development,W1118,Prepupae,0,0.9897,4
154371_at,BECKSTPREPU04HR,Development,W1118,Prepupae,0,0.8274,4
154372_at,BECKSTPREPU04HR,Development,W1118,Prepupae,1,1.2729,4
154373_at,BECKSTPREPU04HR,Development,W1118,Prepupae,0,0.8191,4
154374_at,BECKSTPREPU04HR,Development,W1118,Prepupae,0,0.9312,4
154375_at,BECKSTPREPU04HR,Development,W1118,Prepupae,0,1.076,4
154376_at,BECKSTPREPU04HR,Development,W1118,Prepupae,0,0.9386,4
154377_at,BECKSTPREPU04HR,Development,W1118,Prepupae,1,1.4683,4
154378_at,BECKSTPREPU04HR,Development,W1118,Prepupae,0,1.0375,4
154379_at,BECKSTPREPU04HR,Development,W1118,Prepupae,-1,0.5455,4
154380_at,BECKSTPREPU04HR,Development,W1118,Prepupae,0,0.9681,4
154381_at,BECKSTPREPU04HR,Development,W1118,Prepupae,-1,0.7399,4
154382_at,BECKSTPREPU04HR,Development,W1118,Prepupae,0,0.8942,4
154383_at,BECKSTPREPU04HR,Development,W1118,Prepupae,0,0.971,4
154384_at,BECKSTPREPU04HR,Development,W1118,Prepupae,1,1.348,4
154385_at,BECKSTPREPU04HR,Development,W1118,Prepupae,0,1.0382,4
154386_at,BECKSTPREPU04HR,Development,W1118,Prepupae,0,1.0585,4
154387_at,BECKSTPREPU04HR,Development,W1118,Prepupae,-1,0.6291,4
154388_at,BECKSTPREPU04HR,Development,W1118,Prepupae,-1,0.7531,4
154389_at,BECKSTPREPU04HR,Development,W1118,Prepupae,0,0.8182,4
154390_at,BECKSTPREPU04HR,Development,W1118,Prepupae,1,1.219,4
154391_at,BECKSTPREPU04HR,Development,W1118,Prepupae,-1,0.7952,4
154392_at,BECKSTPREPU04HR,Development,W1118,Prepupae,0,1.055,4
154393_at,BECKSTPREPU04HR,Development,W1118,Prepupae,0,0.8024,4
154394_at,BECKSTPREPU04HR,Development,W1118,Prepupae,1,1.3064,4
154395_at,BECKSTPREPU04HR,Development,W1118,Prepupae,1,1.2293,4
154396_at,BECKSTPREPU04HR,Development,W1118,Prepupae,0,0.8973,4
154397_at,BECKSTPREPU04HR,Development,W1118,Prepupae,0,0.8386,4
154398_at,BECKSTPREPU04HR,Development,W1118,Prepupae,0,0.8372,4
154399_at,BECKSTPREPU04HR,Development,W1118,Prepupae,-1,0.7923,4
154400_at,BECKSTPREPU04HR,Development,W1118,Prepupae,0,0.9923,4
154401_at,BECKSTPREPU04HR,Development,W1118,Prepupae,1,1.3357,4
154402_at,BECKSTPREPU04HR,Development,W1118,Prepupae,0,0.9971,4
154403_at,BECKSTPREPU04HR,Development,W1118,Prepupae,0,0.9326,4
154404_at,BECKSTPREPU04HR,Development,W1118,Prepupae,-1,0.5545,4
154405_at,BECKSTPREPU04HR,Development,W1118,Prepupae,0,0.8759,4
154406_at,BECKSTPREPU04HR,Development,W1118,Prepupae,0,0.8368,4
154407_at,BECKSTPREPU04HR,Development,W1118,Prepupae,0,1.0213,4
154408_at,BECKSTPREPU04HR,Development,W1118,Prepupae,0,0.8395,4
154409_at,BECKSTPREPU04HR,Development,W1118,Prepupae,0,0.8986,4
154410_at,BECKSTPREPU04HR,Development,W1118,Prepupae,1,1.2076,4
154411_at,BECKSTPREPU04HR,Development,W1118,Prepupae,-1,0.7003,4
154412_at,BECKSTPREPU04HR,Development,W1118,Prepupae,-1,0.6751,4
154413_at,BECKSTPREPU04HR,Development,W1118,Prepupae,0,0.8511,4
154414_at,BECKSTPREPU04HR,Development,W1118,Prepupae,-1,0.7427,4
154415_at,BECKSTPREPU04HR,Development,W1118,Prepupae,-1,0.7351,4
154416_at,BECKSTPREPU04HR,Development,W1118,Prepupae,-1,0.6362,4
154417_at,BECKSTPREPU04HR,Development,W1118,Prepupae,0,0.8155,4
154418_at,BECKSTPREPU04HR,Development,W1118,Prepupae,1,1.2891,4
154419_at,BECKSTPREPU04HR,Development,W1118,Prepupae,-1,0.6982,4
154420_at,BECKSTPREPU04HR,Development,W1118,Prepupae,-1,0.5809,4
154421_at,BECKSTPREPU04HR,Development,W1118,Prepupae,0,0.9472,4
154422_at,BECKSTPREPU04HR,Development,W1118,Prepupae,0,1.1394,4
154423_at,BECKSTPREPU04HR,Development,W1118,Prepupae,0,0.8768,4
154424_at,BECKSTPREPU04HR,Development,W1118,Prepupae,-1,0.7121,4
154425_at,BECKSTPREPU04HR,Development,W1118,Prepupae,-1,0.4838,4
154426_at,BECKSTPREPU04HR,Development,W1118,Prepupae,1,1.777,4
154427_at,BECKSTPREPU04HR,Development,W1118,Prepupae,-1,0.7583,4
154428_at,BECKSTPREPU04HR,Development,W1118,Prepupae,-1,0.7102,4
154429_at,BECKSTPREPU04HR,Development,W1118,Prepupae,0,1.0584,4
154430_at,BECKSTPREPU04HR,Development,W1118,Prepupae,0,0.8581,4
154431_at,BECKSTPREPU04HR,Development,W1118,Prepupae,0,1.0468,4
154432_at,BECKSTPREPU04HR,Development,W1118,Prepupae,0,1.1844,4
154433_at,BECKSTPREPU04HR,Development,W1118,Prepupae,-1,0.772,4
154434_at,BECKSTPREPU04HR,Development,W1118,Prepupae,-1,0.6547,4
154435_at,BECKSTPREPU04HR,Development,W1118,Prepupae,1,1.2838,4
154436_at,BECKSTPREPU04HR,Development,W1118,Prepupae,0,1.1032,4
154437_at,BECKSTPREPU04HR,Development,W1118,Prepupae,-1,0.7952,4
154438_at,BECKSTPREPU04HR,Development,W1118,Prepupae,1,1.5642,4
154439_at,BECKSTPREPU04HR,Development,W1118,Prepupae,0,0.8096,4
154440_at,BECKSTPREPU04HR,Development,W1118,Prepupae,0,0.8544,4
154441_at,BECKSTPREPU04HR,Development,W1118,Prepupae,0,1.0844,4
154442_at,BECKSTPREPU04HR,Development,W1118,Prepupae,1,1.4334,4
154443_at,BECKSTPREPU04HR,Development,W1118,Prepupae,-1,0.6444,4
154444_at,BECKSTPREPU04HR,Development,W1118,Prepupae,0,1.1957,4
154445_at,BECKSTPREPU04HR,Development,W1118,Prepupae,-1,0.4585,4
154446_at,BECKSTPREPU04HR,Development,W1118,Prepupae,-1,0.7477,4
154447_at,BECKSTPREPU04HR,Development,W1118,Prepupae,0,1.0405,4
154448_at,BECKSTPREPU04HR,Development,W1118,Prepupae,-1,0.6452,4
154449_at,BECKSTPREPU04HR,Development,W1118,Prepupae,0,0.9791,4
154450_at,BECKSTPREPU04HR,Development,W1118,Prepupae,0,0.8489,4
154451_at,BECKSTPREPU04HR,Development,W1118,Prepupae,-1,0.7974,4
154452_at,BECKSTPREPU04HR,Development,W1118,Prepupae,-1,0.6675,4
154453_at,BECKSTPREPU04HR,Development,W1118,Prepupae,-1,0.7356,4
154454_at,BECKSTPREPU04HR,Development,W1118,Prepupae,1,1.2853,4
154455_at,BECKSTPREPU04HR,Development,W1118,Prepupae,0,1.0598,4
154456_at,BECKSTPREPU04HR,Development,W1118,Prepupae,0,1.0892,4
154457_at,BECKSTPREPU04HR,Development,W1118,Prepupae,-1,0.7352,4
154458_at,BECKSTPREPU04HR,Development,W1118,Prepupae,0,0.8564,4
154459_at,BECKSTPREPU04HR,Development,W1118,Prepupae,0,1.1025,4
154460_at,BECKSTPREPU04HR,Development,W1118,Prepupae,0,1.0959,4
154461_at,BECKSTPREPU04HR,Development,W1118,Prepupae,0,1.1308,4
154462_at,BECKSTPREPU04HR,Development,W1118,Prepupae,0,0.883,4
154463_at,BECKSTPREPU04HR,Development,W1118,Prepupae,0,0.8619,4
154464_at,BECKSTPREPU04HR,Development,W1118,Prepupae,0,1.0081,4
154465_at,BECKSTPREPU04HR,Development,W1118,Prepupae,0,0.8466,4
154466_at,BECKSTPREPU04HR,Development,W1118,Prepupae,-1,0.7131,4
154467_at,BECKSTPREPU04HR,Development,W1118,Prepupae,1,1.6699,4
154468_at,BECKSTPREPU04HR,Development,W1118,Prepupae,-1,0.5997,4
154469_at,BECKSTPREPU04HR,Development,W1118,Prepupae,1,1.3794,4
154470_at,BECKSTPREPU04HR,Development,W1118,Prepupae,0,1.0281,4
154471_at,BECKSTPREPU04HR,Development,W1118,Prepupae,-1,0.7995,4
154472_at,BECKSTPREPU04HR,Development,W1118,Prepupae,-1,0.5038,4
154473_at,BECKSTPREPU04HR,Development,W1118,Prepupae,-1,0.6178,4
154474_at,BECKSTPREPU04HR,Development,W1118,Prepupae,0,0.8502,4
154475_at,BECKSTPREPU04HR,Development,W1118,Prepupae,0,1.0452,4
154476_at,BECKSTPREPU04HR,Development,W1118,Prepupae,0,1.1429,4
154477_at,BECKSTPREPU04HR,Development,W1118,Prepupae,0,0.8239,4
154478_at,BECKSTPREPU04HR,Development,W1118,Prepupae,1,1.2328,4
154479_at,BECKSTPREPU04HR,Development,W1118,Prepupae,-1,0.6466,4
154480_at,BECKSTPREPU04HR,Development,W1118,Prepupae,0,0.8084,4
154481_at,BECKSTPREPU04HR,Development,W1118,Prepupae,0,0.9233,4
154482_at,BECKSTPREPU04HR,Development,W1118,Prepupae,-1,0.6341,4
154483_at,BECKSTPREPU04HR,Development,W1118,Prepupae,-1,0.6531,4
154484_at,BECKSTPREPU04HR,Development,W1118,Prepupae,0,1.1634,4
154485_at,BECKSTPREPU04HR,Development,W1118,Prepupae,1,1.4958,4
154486_at,BECKSTPREPU04HR,Development,W1118,Prepupae,-1,0.7586,4
154487_at,BECKSTPREPU04HR,Development,W1118,Prepupae,-1,0.672,4
154488_at,BECKSTPREPU04HR,Development,W1118,Prepupae,-1,0.561,4
154489_at,BECKSTPREPU04HR,Development,W1118,Prepupae,-1,0.5802,4
154490_at,BECKSTPREPU04HR,Development,W1118,Prepupae,-1,0.7212,4
154491_at,BECKSTPREPU04HR,Development,W1118,Prepupae,0,1.0196,4
154492_at,BECKSTPREPU04HR,Development,W1118,Prepupae,0,0.8627,4
154493_at,BECKSTPREPU04HR,Development,W1118,Prepupae,0,0.9407,4
154494_at,BECKSTPREPU04HR,Development,W1118,Prepupae,-1,0.6936,4
154495_at,BECKSTPREPU04HR,Development,W1118,Prepupae,-1,0.7989,4
154496_at,BECKSTPREPU04HR,Development,W1118,Prepupae,0,0.8722,4
154497_at,BECKSTPREPU04HR,Development,W1118,Prepupae,0,1.0189,4
154498_at,BECKSTPREPU04HR,Development,W1118,Prepupae,0,0.8271,4
154499_at,BECKSTPREPU04HR,Development,W1118,Prepupae,0,1.1667,4
154500_at,BECKSTPREPU04HR,Development,W1118,Prepupae,1,1.5878,4
154501_at,BECKSTPREPU04HR,Development,W1118,Prepupae,0,1.0112,4
154502_at,BECKSTPREPU04HR,Development,W1118,Prepupae,0,0.9394,4
154503_at,BECKSTPREPU04HR,Development,W1118,Prepupae,-1,0.6401,4
154504_at,BECKSTPREPU04HR,Development,W1118,Prepupae,0,1.0537,4
154505_at,BECKSTPREPU04HR,Development,W1118,Prepupae,0,1.0698,4
154506_at,BECKSTPREPU04HR,Development,W1118,Prepupae,0,0.8687,4
154507_at,BECKSTPREPU04HR,Development,W1118,Prepupae,1,1.403,4
154508_at,BECKSTPREPU04HR,Development,W1118,Prepupae,0,0.938,4
154509_at,BECKSTPREPU04HR,Development,W1118,Prepupae,0,1.111,4
154510_at,BECKSTPREPU04HR,Development,W1118,Prepupae,0,0.8736,4
154511_at,BECKSTPREPU04HR,Development,W1118,Prepupae,-1,0.7213,4
154512_at,BECKSTPREPU04HR,Development,W1118,Prepupae,0,0.9042,4
154513_at,BECKSTPREPU04HR,Development,W1118,Prepupae,0,1.0133,4
154514_at,BECKSTPREPU04HR,Development,W1118,Prepupae,-1,0.6154,4
154515_at,BECKSTPREPU04HR,Development,W1118,Prepupae,1,1.2887,4
154516_at,BECKSTPREPU04HR,Development,W1118,Prepupae,0,1.0805,4
154517_at,BECKSTPREPU04HR,Development,W1118,Prepupae,-1,0.6283,4
154518_at,BECKSTPREPU04HR,Development,W1118,Prepupae,0,0.9518,4
154519_at,BECKSTPREPU04HR,Development,W1118,Prepupae,0,1.1829,4
154520_at,BECKSTPREPU04HR,Development,W1118,Prepupae,0,0.8744,4
154521_at,BECKSTPREPU04HR,Development,W1118,Prepupae,-1,0.4083,4
154522_at,BECKSTPREPU04HR,Development,W1118,Prepupae,1,1.658,4
154523_at,BECKSTPREPU04HR,Development,W1118,Prepupae,-1,0.5876,4
154524_at,BECKSTPREPU04HR,Development,W1118,Prepupae,0,1.0132,4
154525_at,BECKSTPREPU04HR,Development,W1118,Prepupae,0,1.0667,4
154526_at,BECKSTPREPU04HR,Development,W1118,Prepupae,0,1.1205,4
154527_at,BECKSTPREPU04HR,Development,W1118,Prepupae,-1,0.5481,4
154528_at,BECKSTPREPU04HR,Development,W1118,Prepupae,0,1.0372,4
154529_at,BECKSTPREPU04HR,Development,W1118,Prepupae,0,0.9072,4
154530_at,BECKSTPREPU04HR,Development,W1118,Prepupae,0,0.8873,4
154531_at,BECKSTPREPU04HR,Development,W1118,Prepupae,-1,0.6733,4
154532_at,BECKSTPREPU04HR,Development,W1118,Prepupae,0,1.0373,4
154533_at,BECKSTPREPU04HR,Development,W1118,Prepupae,0,0.9177,4
154534_at,BECKSTPREPU04HR,Development,W1118,Prepupae,0,1.1158,4
154535_at,BECKSTPREPU04HR,Development,W1118,Prepupae,0,0.8618,4
154536_at,BECKSTPREPU04HR,Development,W1118,Prepupae,0,0.8918,4
154537_at,BECKSTPREPU04HR,Development,W1118,Prepupae,0,0.8828,4
154538_at,BECKSTPREPU04HR,Development,W1118,Prepupae,0,0.817,4
154539_at,BECKSTPREPU04HR,Development,W1118,Prepupae,0,1.1336,4
154540_at,BECKSTPREPU04HR,Development,W1118,Prepupae,0,1.0004,4
154541_at,BECKSTPREPU04HR,Development,W1118,Prepupae,1,1.3612,4
154542_at,BECKSTPREPU04HR,Development,W1118,Prepupae,0,0.8803,4
154543_at,BECKSTPREPU04HR,Development,W1118,Prepupae,0,1.1858,4
154544_at,BECKSTPREPU04HR,Development,W1118,Prepupae,-1,0.6371,4
154545_at,BECKSTPREPU04HR,Development,W1118,Prepupae,0,0.8831,4
154546_at,BECKSTPREPU04HR,Development,W1118,Prepupae,0,0.9689,4
154547_at,BECKSTPREPU04HR,Development,W1118,Prepupae,0,0.8049,4
154548_at,BECKSTPREPU04HR,Development,W1118,Prepupae,-1,0.7151,4
154549_at,BECKSTPREPU04HR,Development,W1118,Prepupae,0,0.9827,4
154550_at,BECKSTPREPU04HR,Development,W1118,Prepupae,0,1.1753,4
154551_at,BECKSTPREPU04HR,Development,W1118,Prepupae,0,1.1123,4
154552_at,BECKSTPREPU04HR,Development,W1118,Prepupae,0,1.1388,4
154553_at,BECKSTPREPU04HR,Development,W1118,Prepupae,0,0.9396,4
154554_at,BECKSTPREPU04HR,Development,W1118,Prepupae,-1,0.7075,4
154555_at,BECKSTPREPU04HR,Development,W1118,Prepupae,-1,0.6475,4
154556_at,BECKSTPREPU04HR,Development,W1118,Prepupae,1,1.4727,4
154557_at,BECKSTPREPU04HR,Development,W1118,Prepupae,0,1.1046,4
154558_at,BECKSTPREPU04HR,Development,W1118,Prepupae,0,0.9716,4
154559_at,BECKSTPREPU04HR,Development,W1118,Prepupae,-1,0.7989,4
154560_at,BECKSTPREPU04HR,Development,W1118,Prepupae,-1,0.724,4
154561_at,BECKSTPREPU04HR,Development,W1118,Prepupae,0,0.8467,4
154562_at,BECKSTPREPU04HR,Development,W1118,Prepupae,-1,0.7034,4
154563_at,BECKSTPREPU04HR,Development,W1118,Prepupae,1,1.2162,4
154564_at,BECKSTPREPU04HR,Development,W1118,Prepupae,0,0.9345,4
154565_at,BECKSTPREPU04HR,Development,W1118,Prepupae,0,0.808,4
154566_at,BECKSTPREPU04HR,Development,W1118,Prepupae,0,0.8242,4
154567_at,BECKSTPREPU04HR,Development,W1118,Prepupae,0,0.8962,4
154568_at,BECKSTPREPU04HR,Development,W1118,Prepupae,0,1.0755,4
154569_at,BECKSTPREPU04HR,Development,W1118,Prepupae,0,1.1746,4
154570_at,BECKSTPREPU04HR,Development,W1118,Prepupae,0,1.0378,4
154571_at,BECKSTPREPU04HR,Development,W1118,Prepupae,0,0.9895,4
154572_at,BECKSTPREPU04HR,Development,W1118,Prepupae,0,1.124,4
154573_at,BECKSTPREPU04HR,Development,W1118,Prepupae,0,0.9178,4
154574_at,BECKSTPREPU04HR,Development,W1118,Prepupae,-1,0.7861,4
154575_at,BECKSTPREPU04HR,Development,W1118,Prepupae,0,1.0799,4
154576_at,BECKSTPREPU04HR,Development,W1118,Prepupae,0,1.1454,4
154577_at,BECKSTPREPU04HR,Development,W1118,Prepupae,0,1.1203,4
154578_at,BECKSTPREPU04HR,Development,W1118,Prepupae,0,1.0002,4
154579_at,BECKSTPREPU04HR,Development,W1118,Prepupae,0,0.8879,4
154580_at,BECKSTPREPU04HR,Development,W1118,Prepupae,0,0.9715,4
154581_at,BECKSTPREPU04HR,Development,W1118,Prepupae,0,1.0745,4
154582_at,BECKSTPREPU04HR,Development,W1118,Prepupae,0,1.0667,4
154583_at,BECKSTPREPU04HR,Development,W1118,Prepupae,0,0.9207,4
154584_at,BECKSTPREPU04HR,Development,W1118,Prepupae,0,0.96,4
154585_at,BECKSTPREPU04HR,Development,W1118,Prepupae,0,1.0213,4
154586_at,BECKSTPREPU04HR,Development,W1118,Prepupae,0,0.8912,4
154587_at,BECKSTPREPU04HR,Development,W1118,Prepupae,0,1.1097,4
154588_at,BECKSTPREPU04HR,Development,W1118,Prepupae,0,0.9072,4
154589_at,BECKSTPREPU04HR,Development,W1118,Prepupae,0,0.9898,4
154590_at,BECKSTPREPU04HR,Development,W1118,Prepupae,0,1.1107,4
154591_at,BECKSTPREPU04HR,Development,W1118,Prepupae,-1,0.5405,4
154592_at,BECKSTPREPU04HR,Development,W1118,Prepupae,-1,0.4766,4
154593_at,BECKSTPREPU04HR,Development,W1118,Prepupae,0,0.9902,4
154594_at,BECKSTPREPU04HR,Development,W1118,Prepupae,0,0.9945,4
154595_at,BECKSTPREPU04HR,Development,W1118,Prepupae,1,1.3208,4
154596_at,BECKSTPREPU04HR,Development,W1118,Prepupae,0,0.8091,4
154597_at,BECKSTPREPU04HR,Development,W1118,Prepupae,0,0.8899,4
154598_at,BECKSTPREPU04HR,Development,W1118,Prepupae,0,1.0753,4
154599_at,BECKSTPREPU04HR,Development,W1118,Prepupae,0,0.9022,4
154600_at,BECKSTPREPU04HR,Development,W1118,Prepupae,0,1.0924,4
154601_at,BECKSTPREPU04HR,Development,W1118,Prepupae,0,1.0052,4
154602_at,BECKSTPREPU04HR,Development,W1118,Prepupae,-1,0.509,4
154603_at,BECKSTPREPU04HR,Development,W1118,Prepupae,1,3.2031,4
154604_at,BECKSTPREPU04HR,Development,W1118,Prepupae,0,0.9798,4
154605_at,BECKSTPREPU04HR,Development,W1118,Prepupae,1,1.23,4
154606_at,BECKSTPREPU04HR,Development,W1118,Prepupae,0,1.1496,4
154607_at,BECKSTPREPU04HR,Development,W1118,Prepupae,-1,0.4695,4
154608_at,BECKSTPREPU04HR,Development,W1118,Prepupae,0,1.0462,4
154609_at,BECKSTPREPU04HR,Development,W1118,Prepupae,1,1.3116,4
154610_at,BECKSTPREPU04HR,Development,W1118,Prepupae,0,1.1628,4
154611_at,BECKSTPREPU04HR,Development,W1118,Prepupae,-1,0.7091,4
154612_at,BECKSTPREPU04HR,Development,W1118,Prepupae,-1,0.6894,4
154613_at,BECKSTPREPU04HR,Development,W1118,Prepupae,0,0.9596,4
154614_at,BECKSTPREPU04HR,Development,W1118,Prepupae,-1,0.6685,4
154615_at,BECKSTPREPU04HR,Development,W1118,Prepupae,0,1.0758,4
154616_at,BECKSTPREPU04HR,Development,W1118,Prepupae,0,0.9237,4
154617_at,BECKSTPREPU04HR,Development,W1118,Prepupae,0,1.0475,4
154618_at,BECKSTPREPU04HR,Development,W1118,Prepupae,0,1.071,4
154619_at,BECKSTPREPU04HR,Development,W1118,Prepupae,-1,0.7166,4
154620_at,BECKSTPREPU04HR,Development,W1118,Prepupae,0,0.8292,4
154621_at,BECKSTPREPU04HR,Development,W1118,Prepupae,-1,0.7778,4
154622_at,BECKSTPREPU04HR,Development,W1118,Prepupae,0,1.07,4
154623_at,BECKSTPREPU04HR,Development,W1118,Prepupae,-1,0.6725,4
154624_at,BECKSTPREPU04HR,Development,W1118,Prepupae,0,1.0452,4
154625_at,BECKSTPREPU04HR,Development,W1118,Prepupae,0,1.1076,4
154626_at,BECKSTPREPU04HR,Development,W1118,Prepupae,-1,0.5548,4
154627_at,BECKSTPREPU04HR,Development,W1118,Prepupae,1,1.2572,4
154628_at,BECKSTPREPU04HR,Development,W1118,Prepupae,0,1.1289,4
154629_at,BECKSTPREPU04HR,Development,W1118,Prepupae,-1,0.5795,4
154630_at,BECKSTPREPU04HR,Development,W1118,Prepupae,1,1.2874,4
154631_at,BECKSTPREPU04HR,Development,W1118,Prepupae,-1,0.6213,4
154632_at,BECKSTPREPU04HR,Development,W1118,Prepupae,-1,0.6756,4
154633_at,BECKSTPREPU04HR,Development,W1118,Prepupae,0,0.8652,4
154634_at,BECKSTPREPU04HR,Development,W1118,Prepupae,-1,0.6102,4
154635_at,BECKSTPREPU04HR,Development,W1118,Prepupae,0,0.88,4
154636_at,BECKSTPREPU04HR,Development,W1118,Prepupae,0,0.9339,4
154637_at,BECKSTPREPU04HR,Development,W1118,Prepupae,-1,0.5478,4
154638_at,BECKSTPREPU04HR,Development,W1118,Prepupae,0,1.0792,4
154639_at,BECKSTPREPU04HR,Development,W1118,Prepupae,1,1.3957,4
154640_at,BECKSTPREPU04HR,Development,W1118,Prepupae,0,1.0642,4
154641_at,BECKSTPREPU04HR,Development,W1118,Prepupae,0,0.956,4
154642_at,BECKSTPREPU04HR,Development,W1118,Prepupae,0,1.0752,4
154643_at,BECKSTPREPU04HR,Development,W1118,Prepupae,-1,0.7985,4
154644_at,BECKSTPREPU04HR,Development,W1118,Prepupae,0,0.8318,4
154645_at,BECKSTPREPU04HR,Development,W1118,Prepupae,0,0.9753,4
154646_at,BECKSTPREPU04HR,Development,W1118,Prepupae,0,0.9571,4
154647_at,BECKSTPREPU04HR,Development,W1118,Prepupae,0,1.1573,4
154648_at,BECKSTPREPU04HR,Development,W1118,Prepupae,-1,0.6029,4
154649_at,BECKSTPREPU04HR,Development,W1118,Prepupae,-1,0.7056,4
154650_at,BECKSTPREPU04HR,Development,W1118,Prepupae,0,0.8952,4
154651_at,BECKSTPREPU04HR,Development,W1118,Prepupae,1,1.8356,4
154652_at,BECKSTPREPU04HR,Development,W1118,Prepupae,1,1.2339,4
154653_at,BECKSTPREPU04HR,Development,W1118,Prepupae,-1,0.713,4
154654_at,BECKSTPREPU04HR,Development,W1118,Prepupae,-1,0.4701,4
154655_at,BECKSTPREPU04HR,Development,W1118,Prepupae,0,1.1753,4
154656_at,BECKSTPREPU04HR,Development,W1118,Prepupae,-1,0.7422,4
154657_at,BECKSTPREPU04HR,Development,W1118,Prepupae,-1,0.7783,4
154658_at,BECKSTPREPU04HR,Development,W1118,Prepupae,0,1.1468,4
154659_at,BECKSTPREPU04HR,Development,W1118,Prepupae,0,1.0171,4
154660_at,BECKSTPREPU04HR,Development,W1118,Prepupae,-1,0.7685,4
154661_at,BECKSTPREPU04HR,Development,W1118,Prepupae,0,0.8176,4
154662_at,BECKSTPREPU04HR,Development,W1118,Prepupae,1,1.5105,4
154663_at,BECKSTPREPU04HR,Development,W1118,Prepupae,0,0.9246,4
154664_at,BECKSTPREPU04HR,Development,W1118,Prepupae,0,1.0516,4
154665_at,BECKSTPREPU04HR,Development,W1118,Prepupae,0,0.9462,4
154666_at,BECKSTPREPU04HR,Development,W1118,Prepupae,0,0.8816,4
154667_at,BECKSTPREPU04HR,Development,W1118,Prepupae,-1,0.7398,4
154668_at,BECKSTPREPU04HR,Development,W1118,Prepupae,0,0.8578,4
154669_at,BECKSTPREPU04HR,Development,W1118,Prepupae,0,0.8437,4
154670_at,BECKSTPREPU04HR,Development,W1118,Prepupae,0,1.0245,4
154671_at,BECKSTPREPU04HR,Development,W1118,Prepupae,0,1.0992,4
154672_at,BECKSTPREPU04HR,Development,W1118,Prepupae,-1,0.7386,4
154673_at,BECKSTPREPU04HR,Development,W1118,Prepupae,0,1.0416,4
154674_at,BECKSTPREPU04HR,Development,W1118,Prepupae,-1,0.6352,4
154675_at,BECKSTPREPU04HR,Development,W1118,Prepupae,-1,0.4687,4
154676_at,BECKSTPREPU04HR,Development,W1118,Prepupae,1,1.6224,4
154677_at,BECKSTPREPU04HR,Development,W1118,Prepupae,-1,0.7943,4
154678_at,BECKSTPREPU04HR,Development,W1118,Prepupae,-1,0.5982,4
154679_at,BECKSTPREPU04HR,Development,W1118,Prepupae,0,0.9068,4
154680_at,BECKSTPREPU04HR,Development,W1118,Prepupae,0,0.9013,4
154681_at,BECKSTPREPU04HR,Development,W1118,Prepupae,-1,0.7741,4
154682_at,BECKSTPREPU04HR,Development,W1118,Prepupae,-1,0.7406,4
154683_at,BECKSTPREPU04HR,Development,W1118,Prepupae,-1,0.7677,4
154684_at,BECKSTPREPU04HR,Development,W1118,Prepupae,-1,0.5491,4
154685_at,BECKSTPREPU04HR,Development,W1118,Prepupae,0,1.0567,4
154686_at,BECKSTPREPU04HR,Development,W1118,Prepupae,0,1.0212,4
154687_at,BECKSTPREPU04HR,Development,W1118,Prepupae,0,0.9791,4
154688_at,BECKSTPREPU04HR,Development,W1118,Prepupae,-1,0.7082,4
154689_at,BECKSTPREPU04HR,Development,W1118,Prepupae,0,0.8256,4
154690_at,BECKSTPREPU04HR,Development,W1118,Prepupae,1,1.3718,4
154691_at,BECKSTPREPU04HR,Development,W1118,Prepupae,1,2.0237,4
154692_at,BECKSTPREPU04HR,Development,W1118,Prepupae,-1,0.5189,4
154693_at,BECKSTPREPU04HR,Development,W1118,Prepupae,0,0.9854,4
154694_at,BECKSTPREPU04HR,Development,W1118,Prepupae,0,0.9085,4
154695_at,BECKSTPREPU04HR,Development,W1118,Prepupae,0,0.8856,4
154696_at,BECKSTPREPU04HR,Development,W1118,Prepupae,0,0.8657,4
154697_at,BECKSTPREPU04HR,Development,W1118,Prepupae,0,1.0962,4
154698_at,BECKSTPREPU04HR,Development,W1118,Prepupae,1,1.3858,4
154699_at,BECKSTPREPU04HR,Development,W1118,Prepupae,-1,0.6115,4
154700_at,BECKSTPREPU04HR,Development,W1118,Prepupae,0,0.8798,4
154701_at,BECKSTPREPU04HR,Development,W1118,Prepupae,-1,0.6505,4
154702_at,BECKSTPREPU04HR,Development,W1118,Prepupae,0,1.1812,4
154703_at,BECKSTPREPU04HR,Development,W1118,Prepupae,-1,0.7546,4
154704_at,BECKSTPREPU04HR,Development,W1118,Prepupae,0,1.0503,4
154705_at,BECKSTPREPU04HR,Development,W1118,Prepupae,0,0.9549,4
154706_at,BECKSTPREPU04HR,Development,W1118,Prepupae,0,1.1748,4
154707_at,BECKSTPREPU04HR,Development,W1118,Prepupae,-1,0.6081,4
154708_at,BECKSTPREPU04HR,Development,W1118,Prepupae,0,0.9357,4
154709_at,BECKSTPREPU04HR,Development,W1118,Prepupae,-1,0.6472,4
154710_at,BECKSTPREPU04HR,Development,W1118,Prepupae,0,1.0257,4
154711_at,BECKSTPREPU04HR,Development,W1118,Prepupae,0,0.9657,4
154712_at,BECKSTPREPU04HR,Development,W1118,Prepupae,0,0.9341,4
154713_at,BECKSTPREPU04HR,Development,W1118,Prepupae,0,0.853,4
154714_at,BECKSTPREPU04HR,Development,W1118,Prepupae,0,0.9577,4
154715_at,BECKSTPREPU04HR,Development,W1118,Prepupae,0,0.969,4
154716_at,BECKSTPREPU04HR,Development,W1118,Prepupae,0,0.8484,4
154717_at,BECKSTPREPU04HR,Development,W1118,Prepupae,0,1.0365,4
154718_at,BECKSTPREPU04HR,Development,W1118,Prepupae,0,1.1316,4
154719_at,BECKSTPREPU04HR,Development,W1118,Prepupae,0,0.9381,4
154720_at,BECKSTPREPU04HR,Development,W1118,Prepupae,1,1.3791,4
154721_at,BECKSTPREPU04HR,Development,W1118,Prepupae,0,0.8415,4
154722_at,BECKSTPREPU04HR,Development,W1118,Prepupae,1,1.7094,4
154723_at,BECKSTPREPU04HR,Development,W1118,Prepupae,0,0.9956,4
154724_at,BECKSTPREPU04HR,Development,W1118,Prepupae,0,1.1098,4
154725_at,BECKSTPREPU04HR,Development,W1118,Prepupae,-1,0.672,4
154726_at,BECKSTPREPU04HR,Development,W1118,Prepupae,0,1.0105,4
154727_at,BECKSTPREPU04HR,Development,W1118,Prepupae,0,1.1183,4
154728_at,BECKSTPREPU04HR,Development,W1118,Prepupae,0,0.9953,4
154729_at,BECKSTPREPU04HR,Development,W1118,Prepupae,0,0.8399,4
154730_at,BECKSTPREPU04HR,Development,W1118,Prepupae,-1,0.7256,4
154731_at,BECKSTPREPU04HR,Development,W1118,Prepupae,0,0.8512,4
154732_at,BECKSTPREPU04HR,Development,W1118,Prepupae,-1,0.6528,4
154733_at,BECKSTPREPU04HR,Development,W1118,Prepupae,0,1.0962,4
154734_at,BECKSTPREPU04HR,Development,W1118,Prepupae,-1,0.6434,4
154735_at,BECKSTPREPU04HR,Development,W1118,Prepupae,0,1.1222,4
154736_at,BECKSTPREPU04HR,Development,W1118,Prepupae,0,1.1072,4
154737_at,BECKSTPREPU04HR,Development,W1118,Prepupae,1,1.7944,4
154738_at,BECKSTPREPU04HR,Development,W1118,Prepupae,0,0.9516,4
154739_at,BECKSTPREPU04HR,Development,W1118,Prepupae,0,0.8966,4
154740_at,BECKSTPREPU04HR,Development,W1118,Prepupae,0,1.0265,4
154741_at,BECKSTPREPU04HR,Development,W1118,Prepupae,0,1.0913,4
154742_at,BECKSTPREPU04HR,Development,W1118,Prepupae,-1,0.7406,4
154743_at,BECKSTPREPU04HR,Development,W1118,Prepupae,0,0.8268,4
154744_at,BECKSTPREPU04HR,Development,W1118,Prepupae,0,0.9311,4
154745_at,BECKSTPREPU04HR,Development,W1118,Prepupae,1,1.3635,4
154746_at,BECKSTPREPU04HR,Development,W1118,Prepupae,0,1.026,4
154747_at,BECKSTPREPU04HR,Development,W1118,Prepupae,1,1.2994,4
154748_at,BECKSTPREPU04HR,Development,W1118,Prepupae,-1,0.7489,4
154749_at,BECKSTPREPU04HR,Development,W1118,Prepupae,0,1.0587,4
154750_at,BECKSTPREPU04HR,Development,W1118,Prepupae,0,0.9051,4
154751_at,BECKSTPREPU04HR,Development,W1118,Prepupae,-1,0.5153,4
154752_at,BECKSTPREPU04HR,Development,W1118,Prepupae,0,1.0329,4
154753_at,BECKSTPREPU04HR,Development,W1118,Prepupae,0,0.8768,4
154754_at,BECKSTPREPU04HR,Development,W1118,Prepupae,-1,0.7393,4
154755_at,BECKSTPREPU04HR,Development,W1118,Prepupae,1,1.5603,4
154756_at,BECKSTPREPU04HR,Development,W1118,Prepupae,0,0.8446,4
154757_at,BECKSTPREPU04HR,Development,W1118,Prepupae,-1,0.744,4
154758_at,BECKSTPREPU04HR,Development,W1118,Prepupae,0,0.862,4
154759_at,BECKSTPREPU04HR,Development,W1118,Prepupae,1,1.5194,4
154760_at,BECKSTPREPU04HR,Development,W1118,Prepupae,0,0.8437,4
154761_at,BECKSTPREPU04HR,Development,W1118,Prepupae,-1,0.6697,4
154762_at,BECKSTPREPU04HR,Development,W1118,Prepupae,-1,0.7375,4
154763_at,BECKSTPREPU04HR,Development,W1118,Prepupae,0,1.1942,4
154764_at,BECKSTPREPU04HR,Development,W1118,Prepupae,-1,0.7938,4
154765_at,BECKSTPREPU04HR,Development,W1118,Prepupae,-1,0.6753,4
154766_at,BECKSTPREPU04HR,Development,W1118,Prepupae,0,1.1101,4
154767_at,BECKSTPREPU04HR,Development,W1118,Prepupae,0,0.9696,4
154768_at,BECKSTPREPU04HR,Development,W1118,Prepupae,-1,0.6639,4
154769_at,BECKSTPREPU04HR,Development,W1118,Prepupae,0,0.9006,4
154770_at,BECKSTPREPU04HR,Development,W1118,Prepupae,-1,0.7103,4
154771_at,BECKSTPREPU04HR,Development,W1118,Prepupae,-1,0.7334,4
154772_at,BECKSTPREPU04HR,Development,W1118,Prepupae,0,1.0818,4
154773_at,BECKSTPREPU04HR,Development,W1118,Prepupae,0,0.8006,4
154774_at,BECKSTPREPU04HR,Development,W1118,Prepupae,0,1.0297,4
154775_at,BECKSTPREPU04HR,Development,W1118,Prepupae,0,0.9253,4
154776_at,BECKSTPREPU04HR,Development,W1118,Prepupae,0,0.9141,4
154777_at,BECKSTPREPU04HR,Development,W1118,Prepupae,0,0.8382,4
154778_at,BECKSTPREPU04HR,Development,W1118,Prepupae,0,0.9982,4
154779_at,BECKSTPREPU04HR,Development,W1118,Prepupae,0,0.921,4
154780_at,BECKSTPREPU04HR,Development,W1118,Prepupae,-1,0.7743,4
154781_at,BECKSTPREPU04HR,Development,W1118,Prepupae,0,1.0887,4
154782_at,BECKSTPREPU04HR,Development,W1118,Prepupae,0,1.0016,4
154783_at,BECKSTPREPU04HR,Development,W1118,Prepupae,0,0.9108,4
154784_at,BECKSTPREPU04HR,Development,W1118,Prepupae,-1,0.7719,4
154785_at,BECKSTPREPU04HR,Development,W1118,Prepupae,0,0.9021,4
154786_at,BECKSTPREPU04HR,Development,W1118,Prepupae,0,1.055,4
154787_at,BECKSTPREPU04HR,Development,W1118,Prepupae,-1,0.6659,4
154788_at,BECKSTPREPU04HR,Development,W1118,Prepupae,0,0.9447,4
154789_at,BECKSTPREPU04HR,Development,W1118,Prepupae,-1,0.656,4
154790_at,BECKSTPREPU04HR,Development,W1118,Prepupae,0,0.8129,4
154791_at,BECKSTPREPU04HR,Development,W1118,Prepupae,0,1.0037,4
154792_at,BECKSTPREPU04HR,Development,W1118,Prepupae,-1,0.6695,4
154793_at,BECKSTPREPU04HR,Development,W1118,Prepupae,1,1.4851,4
154794_at,BECKSTPREPU04HR,Development,W1118,Prepupae,0,1.1495,4
154795_at,BECKSTPREPU04HR,Development,W1118,Prepupae,0,0.8655,4
154796_at,BECKSTPREPU04HR,Development,W1118,Prepupae,-1,0.5964,4
154797_at,BECKSTPREPU04HR,Development,W1118,Prepupae,0,0.9918,4
154798_at,BECKSTPREPU04HR,Development,W1118,Prepupae,-1,0.584,4
154799_at,BECKSTPREPU04HR,Development,W1118,Prepupae,0,1.0752,4
154800_at,BECKSTPREPU04HR,Development,W1118,Prepupae,0,1.1621,4
154801_at,BECKSTPREPU04HR,Development,W1118,Prepupae,0,1.0346,4
154802_at,BECKSTPREPU04HR,Development,W1118,Prepupae,0,0.9251,4
154803_at,BECKSTPREPU04HR,Development,W1118,Prepupae,0,0.9138,4
154804_at,BECKSTPREPU04HR,Development,W1118,Prepupae,0,0.8139,4
154805_at,BECKSTPREPU04HR,Development,W1118,Prepupae,0,0.9275,4
154806_at,BECKSTPREPU04HR,Development,W1118,Prepupae,0,0.9268,4
154807_at,BECKSTPREPU04HR,Development,W1118,Prepupae,-1,0.7822,4
154808_at,BECKSTPREPU04HR,Development,W1118,Prepupae,0,0.9753,4
154809_at,BECKSTPREPU04HR,Development,W1118,Prepupae,1,1.2325,4
154810_at,BECKSTPREPU04HR,Development,W1118,Prepupae,-1,0.7133,4
154811_at,BECKSTPREPU04HR,Development,W1118,Prepupae,-1,0.6751,4
154812_at,BECKSTPREPU04HR,Development,W1118,Prepupae,-1,0.6354,4
154813_at,BECKSTPREPU04HR,Development,W1118,Prepupae,0,1.1425,4
154814_at,BECKSTPREPU04HR,Development,W1118,Prepupae,0,1.0437,4
154815_at,BECKSTPREPU04HR,Development,W1118,Prepupae,0,0.8301,4
154816_at,BECKSTPREPU04HR,Development,W1118,Prepupae,0,0.8187,4
154817_at,BECKSTPREPU04HR,Development,W1118,Prepupae,0,0.8909,4
154818_at,BECKSTPREPU04HR,Development,W1118,Prepupae,0,0.8364,4
154819_at,BECKSTPREPU04HR,Development,W1118,Prepupae,1,1.3181,4
154820_at,BECKSTPREPU04HR,Development,W1118,Prepupae,0,0.8548,4
154821_at,BECKSTPREPU04HR,Development,W1118,Prepupae,-1,0.5212,4
154822_at,BECKSTPREPU04HR,Development,W1118,Prepupae,-1,0.6485,4
154823_at,BECKSTPREPU04HR,Development,W1118,Prepupae,0,0.9956,4
154824_at,BECKSTPREPU04HR,Development,W1118,Prepupae,-1,0.7447,4
154825_at,BECKSTPREPU04HR,Development,W1118,Prepupae,0,0.8955,4
154826_at,BECKSTPREPU04HR,Development,W1118,Prepupae,-1,0.6441,4
154827_at,BECKSTPREPU04HR,Development,W1118,Prepupae,0,0.843,4
154828_at,BECKSTPREPU04HR,Development,W1118,Prepupae,0,1.053,4
154829_at,BECKSTPREPU04HR,Development,W1118,Prepupae,0,0.8413,4
154830_at,BECKSTPREPU04HR,Development,W1118,Prepupae,0,0.8334,4
154831_at,BECKSTPREPU04HR,Development,W1118,Prepupae,0,1.0163,4
154832_at,BECKSTPREPU04HR,Development,W1118,Prepupae,-1,0.6624,4
154833_at,BECKSTPREPU04HR,Development,W1118,Prepupae,-1,0.7656,4
154834_at,BECKSTPREPU04HR,Development,W1118,Prepupae,0,1.0378,4
154835_at,BECKSTPREPU04HR,Development,W1118,Prepupae,0,1.0804,4
154836_at,BECKSTPREPU04HR,Development,W1118,Prepupae,-1,0.7436,4
154837_at,BECKSTPREPU04HR,Development,W1118,Prepupae,-1,0.7199,4
154838_at,BECKSTPREPU04HR,Development,W1118,Prepupae,-1,0.7591,4
154839_at,BECKSTPREPU04HR,Development,W1118,Prepupae,1,1.422,4
154840_at,BECKSTPREPU04HR,Development,W1118,Prepupae,0,1.1001,4
154841_at,BECKSTPREPU04HR,Development,W1118,Prepupae,0,0.875,4
154842_at,BECKSTPREPU04HR,Development,W1118,Prepupae,0,0.937,4
154843_at,BECKSTPREPU04HR,Development,W1118,Prepupae,0,0.8216,4
154844_at,BECKSTPREPU04HR,Development,W1118,Prepupae,-1,0.6961,4
154845_at,BECKSTPREPU04HR,Development,W1118,Prepupae,1,1.2549,4
154846_at,BECKSTPREPU04HR,Development,W1118,Prepupae,0,1.0791,4
154847_at,BECKSTPREPU04HR,Development,W1118,Prepupae,0,0.8301,4
154848_at,BECKSTPREPU04HR,Development,W1118,Prepupae,0,0.836,4
154849_at,BECKSTPREPU04HR,Development,W1118,Prepupae,0,0.8812,4
154850_at,BECKSTPREPU04HR,Development,W1118,Prepupae,-1,0.7539,4
154851_at,BECKSTPREPU04HR,Development,W1118,Prepupae,0,0.8288,4
154852_at,BECKSTPREPU04HR,Development,W1118,Prepupae,0,0.9156,4
154853_at,BECKSTPREPU04HR,Development,W1118,Prepupae,0,1.1061,4
154854_at,BECKSTPREPU04HR,Development,W1118,Prepupae,0,1.1208,4
154855_at,BECKSTPREPU04HR,Development,W1118,Prepupae,1,1.6479,4
154856_at,BECKSTPREPU04HR,Development,W1118,Prepupae,0,0.9942,4
154857_at,BECKSTPREPU04HR,Development,W1118,Prepupae,0,1.0618,4
154858_at,BECKSTPREPU04HR,Development,W1118,Prepupae,-1,0.6787,4
154859_at,BECKSTPREPU04HR,Development,W1118,Prepupae,0,0.8215,4
154860_at,BECKSTPREPU04HR,Development,W1118,Prepupae,-1,0.6589,4
154861_at,BECKSTPREPU04HR,Development,W1118,Prepupae,0,0.9853,4
154862_at,BECKSTPREPU04HR,Development,W1118,Prepupae,0,1.0067,4
154863_at,BECKSTPREPU04HR,Development,W1118,Prepupae,0,1.0939,4
154864_at,BECKSTPREPU04HR,Development,W1118,Prepupae,-1,0.4008,4
154865_at,BECKSTPREPU04HR,Development,W1118,Prepupae,0,1.0436,4
154866_at,BECKSTPREPU04HR,Development,W1118,Prepupae,0,1.0725,4
154867_at,BECKSTPREPU04HR,Development,W1118,Prepupae,0,1.0636,4
154868_at,BECKSTPREPU04HR,Development,W1118,Prepupae,0,1.1389,4
154869_at,BECKSTPREPU04HR,Development,W1118,Prepupae,1,1.5878,4
154870_at,BECKSTPREPU04HR,Development,W1118,Prepupae,0,1.0005,4
154871_at,BECKSTPREPU04HR,Development,W1118,Prepupae,-1,0.3945,4
154872_at,BECKSTPREPU04HR,Development,W1118,Prepupae,0,0.9871,4
154873_at,BECKSTPREPU04HR,Development,W1118,Prepupae,0,0.877,4
154874_at,BECKSTPREPU04HR,Development,W1118,Prepupae,-1,0.3779,4
154875_at,BECKSTPREPU04HR,Development,W1118,Prepupae,0,1.1036,4
154876_at,BECKSTPREPU04HR,Development,W1118,Prepupae,-1,0.6081,4
154877_at,BECKSTPREPU04HR,Development,W1118,Prepupae,0,0.8951,4
154878_at,BECKSTPREPU04HR,Development,W1118,Prepupae,0,0.8581,4
154879_at,BECKSTPREPU04HR,Development,W1118,Prepupae,0,1.1202,4
154880_at,BECKSTPREPU04HR,Development,W1118,Prepupae,-1,0.7725,4
154881_at,BECKSTPREPU04HR,Development,W1118,Prepupae,0,1.005,4
154882_at,BECKSTPREPU04HR,Development,W1118,Prepupae,1,1.3784,4
154883_at,BECKSTPREPU04HR,Development,W1118,Prepupae,-1,0.6637,4
154884_at,BECKSTPREPU04HR,Development,W1118,Prepupae,-1,0.7662,4
154885_at,BECKSTPREPU04HR,Development,W1118,Prepupae,1,1.2214,4
154886_at,BECKSTPREPU04HR,Development,W1118,Prepupae,1,1.2765,4
154887_at,BECKSTPREPU04HR,Development,W1118,Prepupae,-1,0.6571,4
154888_at,BECKSTPREPU04HR,Development,W1118,Prepupae,-1,0.7792,4
154889_at,BECKSTPREPU04HR,Development,W1118,Prepupae,0,0.8255,4
154890_at,BECKSTPREPU04HR,Development,W1118,Prepupae,1,1.9711,4
154891_at,BECKSTPREPU04HR,Development,W1118,Prepupae,1,1.2516,4
154892_at,BECKSTPREPU04HR,Development,W1118,Prepupae,0,0.957,4
154893_at,BECKSTPREPU04HR,Development,W1118,Prepupae,-1,0.689,4
154894_at,BECKSTPREPU04HR,Development,W1118,Prepupae,-1,0.6467,4
154895_at,BECKSTPREPU04HR,Development,W1118,Prepupae,0,0.927,4
154896_at,BECKSTPREPU04HR,Development,W1118,Prepupae,0,1.19,4
154897_at,BECKSTPREPU04HR,Development,W1118,Prepupae,1,1.8843,4
154898_at,BECKSTPREPU04HR,Development,W1118,Prepupae,0,1.0347,4
154899_at,BECKSTPREPU04HR,Development,W1118,Prepupae,-1,0.7424,4
154900_at,BECKSTPREPU04HR,Development,W1118,Prepupae,-1,0.7691,4
154901_at,BECKSTPREPU04HR,Development,W1118,Prepupae,0,0.8702,4
154902_at,BECKSTPREPU04HR,Development,W1118,Prepupae,-1,0.5447,4
154903_at,BECKSTPREPU04HR,Development,W1118,Prepupae,0,1.0836,4
154904_at,BECKSTPREPU04HR,Development,W1118,Prepupae,0,0.8448,4
154905_at,BECKSTPREPU04HR,Development,W1118,Prepupae,1,1.5752,4
154906_at,BECKSTPREPU04HR,Development,W1118,Prepupae,-1,0.7798,4
154907_at,BECKSTPREPU04HR,Development,W1118,Prepupae,0,0.888,4
154908_at,BECKSTPREPU04HR,Development,W1118,Prepupae,0,1.1384,4
154909_at,BECKSTPREPU04HR,Development,W1118,Prepupae,0,0.8248,4
154910_at,BECKSTPREPU04HR,Development,W1118,Prepupae,0,1.1885,4
154911_at,BECKSTPREPU04HR,Development,W1118,Prepupae,0,0.8996,4
154912_at,BECKSTPREPU04HR,Development,W1118,Prepupae,1,1.2482,4
154913_at,BECKSTPREPU04HR,Development,W1118,Prepupae,0,0.9699,4
154914_at,BECKSTPREPU04HR,Development,W1118,Prepupae,0,1.1236,4
154915_at,BECKSTPREPU04HR,Development,W1118,Prepupae,0,1.1804,4
154916_at,BECKSTPREPU04HR,Development,W1118,Prepupae,0,0.943,4
154917_at,BECKSTPREPU04HR,Development,W1118,Prepupae,-1,0.7463,4
154918_at,BECKSTPREPU04HR,Development,W1118,Prepupae,0,1.1117,4
154919_at,BECKSTPREPU04HR,Development,W1118,Prepupae,0,0.9072,4
154920_at,BECKSTPREPU04HR,Development,W1118,Prepupae,-1,0.6363,4
154921_at,BECKSTPREPU04HR,Development,W1118,Prepupae,0,0.9039,4
154922_at,BECKSTPREPU04HR,Development,W1118,Prepupae,0,1.0511,4
154923_at,BECKSTPREPU04HR,Development,W1118,Prepupae,0,1.0356,4
154924_at,BECKSTPREPU04HR,Development,W1118,Prepupae,-1,0.5758,4
154925_at,BECKSTPREPU04HR,Development,W1118,Prepupae,0,1.0312,4
154926_at,BECKSTPREPU04HR,Development,W1118,Prepupae,1,1.2357,4
154927_at,BECKSTPREPU04HR,Development,W1118,Prepupae,1,1.2212,4
154928_at,BECKSTPREPU04HR,Development,W1118,Prepupae,0,1.1869,4
154929_at,BECKSTPREPU04HR,Development,W1118,Prepupae,-1,0.7972,4
154930_at,BECKSTPREPU04HR,Development,W1118,Prepupae,1,1.8093,4
154931_at,BECKSTPREPU04HR,Development,W1118,Prepupae,0,0.9289,4
154932_at,BECKSTPREPU04HR,Development,W1118,Prepupae,0,1.0243,4
154933_at,BECKSTPREPU04HR,Development,W1118,Prepupae,0,0.8346,4
154934_at,BECKSTPREPU04HR,Development,W1118,Prepupae,0,1.0941,4
154935_at,BECKSTPREPU04HR,Development,W1118,Prepupae,0,1.0158,4
154936_at,BECKSTPREPU04HR,Development,W1118,Prepupae,-1,0.5828,4
154937_at,BECKSTPREPU04HR,Development,W1118,Prepupae,0,1.0843,4
154938_at,BECKSTPREPU04HR,Development,W1118,Prepupae,1,1.5368,4
154939_at,BECKSTPREPU04HR,Development,W1118,Prepupae,0,0.9711,4
154940_at,BECKSTPREPU04HR,Development,W1118,Prepupae,0,0.9473,4
154941_at,BECKSTPREPU04HR,Development,W1118,Prepupae,-1,0.6635,4
154942_at,BECKSTPREPU04HR,Development,W1118,Prepupae,-1,0.6755,4
154943_at,BECKSTPREPU04HR,Development,W1118,Prepupae,0,1.0552,4
154944_at,BECKSTPREPU04HR,Development,W1118,Prepupae,0,1.0015,4
154945_at,BECKSTPREPU04HR,Development,W1118,Prepupae,0,1.023,4
154946_at,BECKSTPREPU04HR,Development,W1118,Prepupae,-1,0.6461,4
154947_at,BECKSTPREPU04HR,Development,W1118,Prepupae,-1,0.528,4
154948_at,BECKSTPREPU04HR,Development,W1118,Prepupae,0,0.9708,4
154949_at,BECKSTPREPU04HR,Development,W1118,Prepupae,-1,0.7977,4
154950_at,BECKSTPREPU04HR,Development,W1118,Prepupae,0,1.145,4
154951_at,BECKSTPREPU04HR,Development,W1118,Prepupae,0,0.9476,4
154952_at,BECKSTPREPU04HR,Development,W1118,Prepupae,-1,0.7697,4
154953_at,BECKSTPREPU04HR,Development,W1118,Prepupae,0,1.1119,4
154954_at,BECKSTPREPU04HR,Development,W1118,Prepupae,0,0.9932,4
154955_at,BECKSTPREPU04HR,Development,W1118,Prepupae,0,1.0288,4
154956_at,BECKSTPREPU04HR,Development,W1118,Prepupae,0,0.9135,4
154957_at,BECKSTPREPU04HR,Development,W1118,Prepupae,0,0.9683,4
154958_at,BECKSTPREPU04HR,Development,W1118,Prepupae,-1,0.7195,4
154959_at,BECKSTPREPU04HR,Development,W1118,Prepupae,0,0.9049,4
154960_at,BECKSTPREPU04HR,Development,W1118,Prepupae,0,0.8146,4
154961_at,BECKSTPREPU04HR,Development,W1118,Prepupae,0,0.9958,4
154962_at,BECKSTPREPU04HR,Development,W1118,Prepupae,0,0.8197,4
154963_at,BECKSTPREPU04HR,Development,W1118,Prepupae,1,2.2908,4
154964_at,BECKSTPREPU04HR,Development,W1118,Prepupae,0,0.9183,4
154965_at,BECKSTPREPU04HR,Development,W1118,Prepupae,0,1.1339,4
154966_at,BECKSTPREPU04HR,Development,W1118,Prepupae,0,1.0605,4
154967_at,BECKSTPREPU04HR,Development,W1118,Prepupae,0,0.9241,4
154968_at,BECKSTPREPU04HR,Development,W1118,Prepupae,-1,0.6716,4
154969_at,BECKSTPREPU04HR,Development,W1118,Prepupae,0,1.0404,4
154970_at,BECKSTPREPU04HR,Development,W1118,Prepupae,1,1.2121,4
154971_at,BECKSTPREPU04HR,Development,W1118,Prepupae,1,1.3143,4
154972_at,BECKSTPREPU04HR,Development,W1118,Prepupae,-1,0.4306,4
154973_at,BECKSTPREPU04HR,Development,W1118,Prepupae,0,0.941,4
154974_at,BECKSTPREPU04HR,Development,W1118,Prepupae,-1,0.7935,4
154975_at,BECKSTPREPU04HR,Development,W1118,Prepupae,0,1.173,4
154976_at,BECKSTPREPU04HR,Development,W1118,Prepupae,0,0.9726,4
154977_at,BECKSTPREPU04HR,Development,W1118,Prepupae,0,1.0034,4
154978_at,BECKSTPREPU04HR,Development,W1118,Prepupae,1,1.3372,4
154979_at,BECKSTPREPU04HR,Development,W1118,Prepupae,0,1.0746,4
154980_at,BECKSTPREPU04HR,Development,W1118,Prepupae,-1,0.7533,4
154981_at,BECKSTPREPU04HR,Development,W1118,Prepupae,1,1.3906,4
154982_at,BECKSTPREPU04HR,Development,W1118,Prepupae,-1,0.5507,4
154983_at,BECKSTPREPU04HR,Development,W1118,Prepupae,1,1.2921,4
154984_at,BECKSTPREPU04HR,Development,W1118,Prepupae,0,0.8948,4
154985_at,BECKSTPREPU04HR,Development,W1118,Prepupae,1,1.3501,4
154986_at,BECKSTPREPU04HR,Development,W1118,Prepupae,0,0.8337,4
154987_at,BECKSTPREPU04HR,Development,W1118,Prepupae,-1,0.4874,4
154988_at,BECKSTPREPU04HR,Development,W1118,Prepupae,1,1.3522,4
154989_at,BECKSTPREPU04HR,Development,W1118,Prepupae,0,1.0842,4
154990_at,BECKSTPREPU04HR,Development,W1118,Prepupae,0,0.811,4
154991_at,BECKSTPREPU04HR,Development,W1118,Prepupae,0,0.9577,4
154992_at,BECKSTPREPU04HR,Development,W1118,Prepupae,0,1.1231,4
154993_at,BECKSTPREPU04HR,Development,W1118,Prepupae,0,1.0555,4
154994_at,BECKSTPREPU04HR,Development,W1118,Prepupae,0,0.9691,4
154995_at,BECKSTPREPU04HR,Development,W1118,Prepupae,0,1.1614,4
154996_at,BECKSTPREPU04HR,Development,W1118,Prepupae,0,0.8913,4
154997_at,BECKSTPREPU04HR,Development,W1118,Prepupae,0,1.1129,4
154998_at,BECKSTPREPU04HR,Development,W1118,Prepupae,1,1.3545,4
154999_at,BECKSTPREPU04HR,Development,W1118,Prepupae,-1,0.6703,4
155000_at,BECKSTPREPU04HR,Development,W1118,Prepupae,0,0.9492,4
155001_at,BECKSTPREPU04HR,Development,W1118,Prepupae,1,1.4735,4
155002_at,BECKSTPREPU04HR,Development,W1118,Prepupae,0,1.1081,4
155003_at,BECKSTPREPU04HR,Development,W1118,Prepupae,0,1.0354,4
155004_at,BECKSTPREPU04HR,Development,W1118,Prepupae,0,0.8456,4
155005_at,BECKSTPREPU04HR,Development,W1118,Prepupae,-1,0.5672,4
155006_at,BECKSTPREPU04HR,Development,W1118,Prepupae,0,0.9736,4
155007_at,BECKSTPREPU04HR,Development,W1118,Prepupae,0,0.9542,4
155008_at,BECKSTPREPU04HR,Development,W1118,Prepupae,-1,0.7381,4
155009_at,BECKSTPREPU04HR,Development,W1118,Prepupae,1,1.8861,4
155010_at,BECKSTPREPU04HR,Development,W1118,Prepupae,-1,0.6075,4
155011_at,BECKSTPREPU04HR,Development,W1118,Prepupae,1,1.464,4
155012_at,BECKSTPREPU04HR,Development,W1118,Prepupae,0,1.1381,4
155013_at,BECKSTPREPU04HR,Development,W1118,Prepupae,1,1.4467,4
155014_at,BECKSTPREPU04HR,Development,W1118,Prepupae,-1,0.613,4
155015_at,BECKSTPREPU04HR,Development,W1118,Prepupae,0,1.0449,4
155016_at,BECKSTPREPU04HR,Development,W1118,Prepupae,0,0.939,4
155017_at,BECKSTPREPU04HR,Development,W1118,Prepupae,0,1.0441,4
155018_at,BECKSTPREPU04HR,Development,W1118,Prepupae,0,1.0508,4
155019_at,BECKSTPREPU04HR,Development,W1118,Prepupae,0,1.0203,4
155020_at,BECKSTPREPU04HR,Development,W1118,Prepupae,0,1.181,4
155021_at,BECKSTPREPU04HR,Development,W1118,Prepupae,-1,0.766,4
155022_at,BECKSTPREPU04HR,Development,W1118,Prepupae,0,0.8178,4
155023_at,BECKSTPREPU04HR,Development,W1118,Prepupae,0,1.2,4
155024_at,BECKSTPREPU04HR,Development,W1118,Prepupae,0,0.9047,4
155025_at,BECKSTPREPU04HR,Development,W1118,Prepupae,-1,0.722,4
155026_at,BECKSTPREPU04HR,Development,W1118,Prepupae,0,0.9227,4
155027_at,BECKSTPREPU04HR,Development,W1118,Prepupae,-1,0.7499,4
155028_at,BECKSTPREPU04HR,Development,W1118,Prepupae,0,0.9465,4
155029_at,BECKSTPREPU04HR,Development,W1118,Prepupae,0,1.0549,4
155030_at,BECKSTPREPU04HR,Development,W1118,Prepupae,0,0.8085,4
155031_at,BECKSTPREPU04HR,Development,W1118,Prepupae,0,1.122,4
155032_at,BECKSTPREPU04HR,Development,W1118,Prepupae,0,1.1159,4
155033_at,BECKSTPREPU04HR,Development,W1118,Prepupae,1,1.2237,4
155034_at,BECKSTPREPU04HR,Development,W1118,Prepupae,0,1.1409,4
155035_at,BECKSTPREPU04HR,Development,W1118,Prepupae,0,1.171,4
155036_at,BECKSTPREPU04HR,Development,W1118,Prepupae,-1,0.6573,4
155037_at,BECKSTPREPU04HR,Development,W1118,Prepupae,-1,0.6944,4
155038_at,BECKSTPREPU04HR,Development,W1118,Prepupae,-1,0.5829,4
155039_at,BECKSTPREPU04HR,Development,W1118,Prepupae,1,1.3155,4
155040_at,BECKSTPREPU04HR,Development,W1118,Prepupae,0,0.8931,4
155041_at,BECKSTPREPU04HR,Development,W1118,Prepupae,0,0.8671,4
155042_at,BECKSTPREPU04HR,Development,W1118,Prepupae,0,1.1324,4
155043_at,BECKSTPREPU04HR,Development,W1118,Prepupae,0,0.8782,4
155044_at,BECKSTPREPU04HR,Development,W1118,Prepupae,-1,0.6651,4
155045_at,BECKSTPREPU04HR,Development,W1118,Prepupae,-1,0.4528,4
155046_at,BECKSTPREPU04HR,Development,W1118,Prepupae,1,1.4528,4
155047_at,BECKSTPREPU04HR,Development,W1118,Prepupae,0,1.0842,4
155048_at,BECKSTPREPU04HR,Development,W1118,Prepupae,0,0.8996,4
155049_at,BECKSTPREPU04HR,Development,W1118,Prepupae,-1,0.6362,4
155050_at,BECKSTPREPU04HR,Development,W1118,Prepupae,0,1.1416,4
155051_at,BECKSTPREPU04HR,Development,W1118,Prepupae,1,1.3041,4
155052_at,BECKSTPREPU04HR,Development,W1118,Prepupae,0,1.0712,4
155053_at,BECKSTPREPU04HR,Development,W1118,Prepupae,-1,0.6634,4
155054_at,BECKSTPREPU04HR,Development,W1118,Prepupae,0,1.1642,4
155055_at,BECKSTPREPU04HR,Development,W1118,Prepupae,1,1.2574,4
155056_at,BECKSTPREPU04HR,Development,W1118,Prepupae,0,0.8755,4
155057_at,BECKSTPREPU04HR,Development,W1118,Prepupae,0,0.9425,4
155058_at,BECKSTPREPU04HR,Development,W1118,Prepupae,1,1.3373,4
155059_at,BECKSTPREPU04HR,Development,W1118,Prepupae,-1,0.4465,4
155060_at,BECKSTPREPU04HR,Development,W1118,Prepupae,0,1.082,4
155061_at,BECKSTPREPU04HR,Development,W1118,Prepupae,0,1.026,4
155062_at,BECKSTPREPU04HR,Development,W1118,Prepupae,0,0.8228,4
155063_at,BECKSTPREPU04HR,Development,W1118,Prepupae,0,1.0235,4
155064_at,BECKSTPREPU04HR,Development,W1118,Prepupae,0,0.8397,4
155065_at,BECKSTPREPU04HR,Development,W1118,Prepupae,0,0.9408,4
155066_at,BECKSTPREPU04HR,Development,W1118,Prepupae,1,1.2755,4
155067_at,BECKSTPREPU04HR,Development,W1118,Prepupae,0,0.8218,4
155068_at,BECKSTPREPU04HR,Development,W1118,Prepupae,-1,0.7195,4
155069_at,BECKSTPREPU04HR,Development,W1118,Prepupae,1,1.4858,4
155070_at,BECKSTPREPU04HR,Development,W1118,Prepupae,0,0.9805,4
155071_at,BECKSTPREPU04HR,Development,W1118,Prepupae,-1,0.6585,4
155072_at,BECKSTPREPU04HR,Development,W1118,Prepupae,1,1.3257,4
155073_at,BECKSTPREPU04HR,Development,W1118,Prepupae,1,1.3368,4
155074_at,BECKSTPREPU04HR,Development,W1118,Prepupae,0,1.1255,4
155075_at,BECKSTPREPU04HR,Development,W1118,Prepupae,0,0.9151,4
155076_at,BECKSTPREPU04HR,Development,W1118,Prepupae,-1,0.7358,4
155077_at,BECKSTPREPU04HR,Development,W1118,Prepupae,0,0.8955,4
155078_at,BECKSTPREPU04HR,Development,W1118,Prepupae,0,0.842,4
155079_at,BECKSTPREPU04HR,Development,W1118,Prepupae,0,1.0536,4
155080_at,BECKSTPREPU04HR,Development,W1118,Prepupae,-1,0.7486,4
155081_at,BECKSTPREPU04HR,Development,W1118,Prepupae,1,1.2887,4
155082_at,BECKSTPREPU04HR,Development,W1118,Prepupae,0,0.8571,4
155083_at,BECKSTPREPU04HR,Development,W1118,Prepupae,0,0.8342,4
155084_at,BECKSTPREPU04HR,Development,W1118,Prepupae,-1,0.7741,4
155085_at,BECKSTPREPU04HR,Development,W1118,Prepupae,-1,0.7885,4
155086_at,BECKSTPREPU04HR,Development,W1118,Prepupae,1,1.2332,4
155087_at,BECKSTPREPU04HR,Development,W1118,Prepupae,0,0.8809,4
155088_at,BECKSTPREPU04HR,Development,W1118,Prepupae,1,1.5999,4
155089_at,BECKSTPREPU04HR,Development,W1118,Prepupae,0,0.8946,4
155090_at,BECKSTPREPU04HR,Development,W1118,Prepupae,0,0.8984,4
155091_at,BECKSTPREPU04HR,Development,W1118,Prepupae,0,1.1601,4
155092_at,BECKSTPREPU04HR,Development,W1118,Prepupae,1,1.2145,4
155093_at,BECKSTPREPU04HR,Development,W1118,Prepupae,-1,0.6382,4
155094_at,BECKSTPREPU04HR,Development,W1118,Prepupae,-1,0.7569,4
155095_at,BECKSTPREPU04HR,Development,W1118,Prepupae,1,1.5521,4
155096_at,BECKSTPREPU04HR,Development,W1118,Prepupae,0,1.0607,4
155097_at,BECKSTPREPU04HR,Development,W1118,Prepupae,0,1.0762,4
155098_at,BECKSTPREPU04HR,Development,W1118,Prepupae,1,1.2461,4
155099_at,BECKSTPREPU04HR,Development,W1118,Prepupae,-1,0.5485,4
155100_at,BECKSTPREPU04HR,Development,W1118,Prepupae,1,1.3448,4
155101_at,BECKSTPREPU04HR,Development,W1118,Prepupae,-1,0.564,4
155102_at,BECKSTPREPU04HR,Development,W1118,Prepupae,0,0.8362,4
155103_at,BECKSTPREPU04HR,Development,W1118,Prepupae,0,1.0734,4
155104_at,BECKSTPREPU04HR,Development,W1118,Prepupae,0,1.1482,4
155105_at,BECKSTPREPU04HR,Development,W1118,Prepupae,0,1.0751,4
155106_at,BECKSTPREPU04HR,Development,W1118,Prepupae,1,1.205,4
155107_at,BECKSTPREPU04HR,Development,W1118,Prepupae,0,0.8923,4
155108_at,BECKSTPREPU04HR,Development,W1118,Prepupae,0,1.0337,4
155109_at,BECKSTPREPU04HR,Development,W1118,Prepupae,0,0.8038,4
155110_at,BECKSTPREPU04HR,Development,W1118,Prepupae,0,0.9906,4
155111_at,BECKSTPREPU04HR,Development,W1118,Prepupae,0,1.1386,4
155112_at,BECKSTPREPU04HR,Development,W1118,Prepupae,0,1.1989,4
155113_at,BECKSTPREPU04HR,Development,W1118,Prepupae,0,0.8044,4
155114_at,BECKSTPREPU04HR,Development,W1118,Prepupae,0,0.8939,4
155115_at,BECKSTPREPU04HR,Development,W1118,Prepupae,-1,0.6652,4
155116_at,BECKSTPREPU04HR,Development,W1118,Prepupae,0,0.9858,4
155117_at,BECKSTPREPU04HR,Development,W1118,Prepupae,-1,0.5467,4
155118_at,BECKSTPREPU04HR,Development,W1118,Prepupae,-1,0.7854,4
155119_at,BECKSTPREPU04HR,Development,W1118,Prepupae,0,0.8616,4
155120_at,BECKSTPREPU04HR,Development,W1118,Prepupae,0,0.8114,4
155121_at,BECKSTPREPU04HR,Development,W1118,Prepupae,0,1.003,4
155122_at,BECKSTPREPU04HR,Development,W1118,Prepupae,1,3.4054,4
155123_at,BECKSTPREPU04HR,Development,W1118,Prepupae,-1,0.7312,4
155124_at,BECKSTPREPU04HR,Development,W1118,Prepupae,0,1.0598,4
155125_at,BECKSTPREPU04HR,Development,W1118,Prepupae,0,0.9661,4
155126_at,BECKSTPREPU04HR,Development,W1118,Prepupae,0,0.8349,4
155127_at,BECKSTPREPU04HR,Development,W1118,Prepupae,0,0.9646,4
155128_at,BECKSTPREPU04HR,Development,W1118,Prepupae,-1,0.7387,4
155129_at,BECKSTPREPU04HR,Development,W1118,Prepupae,1,1.8802,4
155130_at,BECKSTPREPU04HR,Development,W1118,Prepupae,1,1.3078,4
155131_at,BECKSTPREPU04HR,Development,W1118,Prepupae,0,0.8342,4
155132_at,BECKSTPREPU04HR,Development,W1118,Prepupae,1,1.2035,4
155133_at,BECKSTPREPU04HR,Development,W1118,Prepupae,0,0.9093,4
155134_at,BECKSTPREPU04HR,Development,W1118,Prepupae,-1,0.6234,4
155135_at,BECKSTPREPU04HR,Development,W1118,Prepupae,-1,0.7828,4
155136_at,BECKSTPREPU04HR,Development,W1118,Prepupae,1,1.3183,4
155137_at,BECKSTPREPU04HR,Development,W1118,Prepupae,1,1.2747,4
155138_at,BECKSTPREPU04HR,Development,W1118,Prepupae,1,1.2812,4
155139_at,BECKSTPREPU04HR,Development,W1118,Prepupae,1,1.303,4
155140_at,BECKSTPREPU04HR,Development,W1118,Prepupae,0,0.9897,4
155141_at,BECKSTPREPU04HR,Development,W1118,Prepupae,0,0.8777,4
155142_at,BECKSTPREPU04HR,Development,W1118,Prepupae,0,1.111,4
155143_at,BECKSTPREPU04HR,Development,W1118,Prepupae,0,0.879,4
155144_at,BECKSTPREPU04HR,Development,W1118,Prepupae,0,0.873,4
155145_at,BECKSTPREPU04HR,Development,W1118,Prepupae,0,0.8772,4
155146_at,BECKSTPREPU04HR,Development,W1118,Prepupae,0,0.8831,4
155147_at,BECKSTPREPU04HR,Development,W1118,Prepupae,0,0.989,4
155148_at,BECKSTPREPU04HR,Development,W1118,Prepupae,0,0.8486,4
155149_at,BECKSTPREPU04HR,Development,W1118,Prepupae,0,0.9508,4
155150_at,BECKSTPREPU04HR,Development,W1118,Prepupae,0,0.9815,4
155151_at,BECKSTPREPU04HR,Development,W1118,Prepupae,0,0.8845,4
155152_at,BECKSTPREPU04HR,Development,W1118,Prepupae,0,0.952,4
155153_at,BECKSTPREPU04HR,Development,W1118,Prepupae,0,1.1054,4
155154_at,BECKSTPREPU04HR,Development,W1118,Prepupae,1,1.3764,4
155155_at,BECKSTPREPU04HR,Development,W1118,Prepupae,0,0.9177,4
155156_at,BECKSTPREPU04HR,Development,W1118,Prepupae,0,0.8033,4
155157_at,BECKSTPREPU04HR,Development,W1118,Prepupae,0,1.0928,4
155158_at,BECKSTPREPU04HR,Development,W1118,Prepupae,-1,0.6182,4
155159_at,BECKSTPREPU04HR,Development,W1118,Prepupae,0,1.0014,4
155160_at,BECKSTPREPU04HR,Development,W1118,Prepupae,-1,0.6154,4
155161_at,BECKSTPREPU04HR,Development,W1118,Prepupae,0,0.8942,4
155162_at,BECKSTPREPU04HR,Development,W1118,Prepupae,-1,0.7375,4
155163_at,BECKSTPREPU04HR,Development,W1118,Prepupae,0,1.1495,4
155164_at,BECKSTPREPU04HR,Development,W1118,Prepupae,-1,0.7213,4
155165_at,BECKSTPREPU04HR,Development,W1118,Prepupae,-1,0.6801,4